[[-8 84 -583 190 -118 -17 25 -273 190 534 526 -33 1130 760 231 1201 -157 -288 730 -410 -226 -246 409 9 -100 -354 31 56 -138 509 323 -581 -683 69 -95 690 -121 -84 -401 -282 49 443 -341 -211 -1005 -479 72 245 -786 -580 -81 277 216 921 -261 357 -107 425 -241 970 366 -350 -770 -591 243 -1226 -1589 339 413 -252 -595 -336 795 -424 194 -139 687 129 193 519 -547 -277 695 -344 -28 -57 -77 322 271 -151 551 -598 -43 -278 82 287 312 44 1011 -606 484 -124 1 524 588 -863 549 142 478 537 -276 -403 123 333 -203 -484 319 -43 -193 208 85 -443 -82 -309 24 89 498 -442 ]
[-381 640 214 806 397 128 -848 -73 -83 62 208 -206 -193 372 -59 485 212 99 -499 306 -522 975 284 -329 -508 -26 -263 -221 272 507 90 -843 -744 -201 322 -355 -63 -607 -1097 105 470 364 -502 670 -517 -252 -255 166 -726 87 658 300 -13 -50 -732 -111 1157 807 132 -78 594 -543 -516 -484 -310 -887 -486 183 -112 331 103 -49 -207 -304 613 164 747 114 -55 150 -1052 -903 323 814 14 259 -286 275 488 -414 140 -341 -357 -349 -22 466 -71 622 349 108 608 -493 -215 776 255 -1100 911 489 -891 84 -230 371 339 -144 210 231 409 -68 315 -18 -114 -1235 313 268 -152 -663 45 212 ]
[-48 -428 172 -917 -324 -201 1497 698 -524 -572 -380 -163 63 -147 -842 -499 69 -75 498 707 783 755 -854 602 171 366 405 469 -148 -324 -50 598 8 -32 -624 -275 753 600 546 243 -453 307 870 -771 -22 565 -152 -738 520 -133 580 -360 87 95 -70 -758 241 -515 -429 79 -441 541 385 845 155 -238 -320 -103 -804 467 546 164 -623 21 44 671 230 -378 277 687 188 600 -659 -426 -75 -30 126 21 105 299 -127 -538 -272 145 -711 -502 -431 -414 79 -924 179 882 302 -526 -658 134 452 335 895 674 -41 -505 -221 -784 -354 294 778 225 252 -391 -215 31 148 -7 -1188 -144 -473 -170 ]
[-145 868 892 646 5 515 16 1068 156 -123 393 566 -63 251 -973 -504 614 441 -394 -439 -31 958 -290 -193 161 79 341 404 -277 6 -259 525 77 -276 -353 -1262 90 -113 -50 361 286 48 -465 345 -73 164 399 -375 232 776 -305 291 -399 -276 131 339 136 -316 -188 -918 -476 4 702 619 415 -668 -98 -925 -877 316 292 43 -232 -433 459 254 -692 820 119 -262 -77 -302 -154 -236 -202 37 -421 -414 864 449 -140 642 -603 264 -741 -687 903 -54 -160 -39 -123 667 -647 95 -220 1337 93 -226 42 -139 271 -762 692 23 376 735 165 316 -135 -1073 -1124 906 358 -238 -398 -990 478 349 ]
[303 -309 -280 -354 -524 -481 482 277 -405 -326 -427 -479 -165 -196 679 -217 -248 -532 521 1070 1078 100 312 958 237 239 637 -7 -94 -708 64 936 -218 392 440 -68 30 513 1015 767 -442 -495 273 457 464 192 -1387 154 557 113 437 -30 306 247 225 -825 -271 -531 177 117 798 247 -85 -111 1057 -113 -91 213 -546 -56 292 533 -659 909 120 -410 263 -619 142 504 56 -10 -488 400 77 -703 309 -1005 -535 -570 -701 -928 953 -69 -599 615 -465 364 -25 81 194 -722 107 -853 -749 -650 -475 438 413 -7 10 -14 178 428 -404 68 -26 -116 499 -136 447 -852 -743 349 -635 313 -211 223 ]
[-58 -393 464 70 354 428 -24 93 446 325 451 85 186 -372 -14 -50 18 742 -713 -654 478 -469 80 -590 -53 178 -1135 -341 58 131 -132 -380 781 339 -510 287 -177 224 92 -153 -58 -136 160 -544 -276 1125 821 -528 -93 615 -37 72 -1098 -632 834 227 -1244 110 -23 -1192 -1078 -108 1163 -439 56 212 526 -596 50 467 444 -65 65 386 -70 399 57 438 -20 -574 335 77 -332 -214 -472 -359 -179 -182 -115 839 -93 326 132 566 256 -281 -195 73 539 -420 -338 1107 -474 739 249 1235 -52 -222 4 -536 0 280 423 -289 1376 844 -129 677 -772 -165 -611 1943 580 -181 579 195 139 84 ]
[-556 194 360 944 610 -533 -558 -43 -16 107 53 -871 -1048 -732 458 -454 -429 7 -347 782 630 -499 742 381 -204 815 -346 -176 351 -636 182 46 -20 -141 -99 224 -454 -617 493 170 -286 2 -110 536 932 -192 -762 49 22 327 115 98 126 -720 394 377 -248 -178 199 -923 352 225 124 -246 274 -241 789 -19 -830 -90 344 607 -407 248 402 -158 456 607 -1088 -67 -120 -499 -416 380 -47 63 -314 -1366 -419 -81 -1185 -947 495 -235 -1125 970 -73 825 -636 670 145 -704 -375 -212 139 554 -514 -697 -645 -1148 -541 1091 -109 -72 1407 1489 -481 -621 -547 -588 -202 -437 -208 294 865 -453 87 771 ]
[-324 1127 -237 645 -43 4 710 -227 557 -182 407 243 243 -48 -1090 957 -556 -4 652 68 -660 -101 415 -172 -235 1093 478 -31 -182 269 453 -95 -113 -1061 -398 133 -60 -684 -779 208 -371 1227 -605 44 -456 -420 100 398 168 447 -313 -627 -495 853 -642 768 213 660 -1169 361 -391 -244 59 180 -620 -1108 -661 89 -156 302 -611 8 968 -692 -305 -865 252 596 -532 -95 -417 -256 -206 -288 346 1028 -656 174 1261 957 323 -51 -862 2 -493 -310 787 -723 108 -745 100 -800 287 -44 327 190 826 -481 336 -157 -481 199 -290 782 -21 1259 1112 50 -71 -392 -578 -349 475 -589 504 -887 501 -307 ]
[-672 -248 386 -1236 159 636 1049 178 -139 -281 -1011 -941 18 501 348 -871 172 99 -269 182 459 -22 -913 625 131 -584 -238 636 -80 -281 251 -107 77 152 21 -201 322 1261 798 -552 518 -525 1163 -588 180 78 466 -130 149 59 23 -137 274 62 103 -783 150 -624 350 1091 -153 1272 67 75 -696 490 -146 371 -337 -225 273 -538 -209 -456 572 -114 110 -989 -569 510 677 123 -450 -9 15 407 346 -502 -796 -638 852 501 -93 -180 489 -362 -749 -978 -704 209 -343 1033 58 -861 -587 1012 -665 -586 -69 -203 -93 -289 -942 -912 -679 -515 -744 -129 -473 355 -531 -174 242 183 93 818 -43 -135 ]
[-1159 794 452 229 204 -357 606 378 -516 -664 -591 292 -92 -8 -211 -733 -185 77 -849 89 212 1024 -319 908 -449 203 901 1203 -512 -429 442 -197 -441 -526 551 -268 854 -112 608 -788 95 119 393 188 141 345 -826 -92 -358 103 -403 -289 630 398 -591 -359 888 -397 272 844 840 -219 -194 -36 48 -194 -616 171 -1240 182 760 398 13 -866 810 506 370 -367 370 444 -59 -196 68 -166 -333 -202 288 -79 273 -902 -123 926 457 -157 247 -340 656 200 -880 -280 500 -94 78 -210 -665 -414 60 67 276 537 -336 -1297 -581 -344 -1485 117 823 -343 561 -891 -241 -209 116 536 -893 17 -51 343 ]
[176 156 135 -129 -777 904 676 272 1091 839 312 78 923 1966 87 -98 1014 -453 1076 -1108 110 179 -78 339 255 -1045 820 82 -307 -530 -398 350 -156 789 385 -1119 -128 1427 377 626 904 -658 -464 -37 -166 -668 328 463 310 -67 146 848 523 362 493 -629 -143 -105 595 471 190 -14 -390 62 718 -207 -893 -338 -622 -1842 -600 -477 670 -401 875 -309 -582 365 -353 428 98 -813 56 121 349 170 771 -1668 -528 -298 419 -412 157 130 -118 511 566 -144 687 691 -412 857 -698 -328 240 -140 -490 113 -66 440 657 -446 392 1254 76 -198 -664 -210 -1427 549 -391 306 -865 -485 50 261 356 -139 ]
[362 348 -617 266 -624 405 -245 -448 763 69 1198 337 315 -178 -361 315 -521 281 -527 -355 310 -940 -77 -533 739 237 -233 -259 -357 384 279 -57 125 -317 332 835 -384 827 -176 -529 -145 -713 173 159 -770 236 196 109 330 948 -266 -571 -937 379 -321 186 -1038 -490 237 442 112 -289 -409 -93 -466 305 42 -171 -60 646 331 -357 -6 -410 -48 -675 151 -602 1090 -535 8 -112 -470 -2 -491 -561 -686 -289 490 182 1006 941 236 34 1306 -149 -45 -550 221 -566 -466 -331 -1245 334 -491 520 -469 503 526 297 -351 -571 -253 310 -180 -167 -60 1004 307 -75 -396 956 -242 -364 1145 312 1183 -1138 ]
[-336 457 -249 352 274 -550 -974 -290 -134 -414 425 719 -1143 -1235 -1288 -188 -617 -163 -642 965 -84 -133 473 -1628 333 830 -601 -425 180 235 -164 -294 456 -527 25 982 -216 -609 -27 -129 -393 889 -144 310 448 -45 -392 -493 -132 -51 679 -513 167 -683 -390 -742 917 -328 -650 -383 -318 678 -433 250 -1395 752 2480 108 437 568 183 541 -660 -265 -164 -92 72 155 -232 -515 -554 192 -753 215 -240 518 -826 1718 652 163 269 -495 191 -321 -298 33 -60 -213 -1222 559 29 -1117 -559 81 -278 140 275 463 27 71 -592 944 -57 -225 131 798 501 335 1617 7 452 -456 -75 289 1006 -1095 -726 -725 ]
[224 -504 83 -209 291 548 -360 420 100 -1006 146 -17 -486 -865 537 -321 211 128 401 -256 318 -82 294 -542 -258 29 -757 -37 18 38 -161 585 286 484 -230 -1154 574 -871 -270 499 -559 -415 238 -170 436 644 136 -458 705 651 -249 318 -542 -106 207 -229 -726 745 227 -959 140 -503 383 -807 824 437 645 -464 -145 699 252 689 122 1753 320 -524 -504 -317 -583 -418 -141 -279 -555 286 63 -48 850 -171 -153 -90 -85 768 592 435 -369 377 -504 1253 182 282 -178 -365 869 229 235 899 -139 432 -4 -1149 73 -286 1459 -129 402 39 -464 25 -72 64 -95 837 8 482 -898 -1 -178 1276 ]
[209 -193 1274 253 398 592 770 73 116 -339 -211 379 -416 980 110 -1201 173 572 -1579 -222 710 1579 246 36 -394 538 -428 -489 505 -173 -490 -509 -167 173 -825 -654 77 794 -104 152 889 300 -246 810 -193 627 -237 -565 -216 241 568 350 -388 -504 544 -268 -278 -312 -322 -1053 -130 69 1297 -44 -504 -196 729 -712 -1108 277 887 -184 -611 -195 184 627 -627 514 -118 47 111 -57 -504 938 312 389 -276 -1245 -564 61 99 89 -1159 124 -76 -487 -521 296 211 -1 351 1603 -543 155 295 -46 697 -571 -603 12 476 1090 -185 112 1123 881 42 73 -385 -843 -1031 198 361 -686 -164 -749 -114 356 ]
[1169 -819 577 -198 -984 -72 417 -395 -242 -335 -211 -516 -552 -37 -76 -237 662 471 -400 871 119 959 -370 157 262 207 796 -466 -41 110 -459 -258 288 57 -510 -402 -106 393 394 997 -528 -239 406 -166 638 509 -397 239 1245 -415 1160 -291 -14 -687 130 -776 178 341 -466 -339 -460 682 498 1015 -561 1182 567 840 91 -103 -379 -27 -983 -138 -989 79 -657 76 650 258 492 720 -1171 427 215 864 -264 211 -127 597 -747 -558 -672 -399 -487 -116 -16 -743 -428 -217 -161 -57 -594 -468 -839 -828 -187 49 11 326 -500 802 -190 -196 -119 668 540 891 615 -35 1048 -300 46 624 -251 264 -1665 -1033 ]
[-259 -256 1336 1158 1403 344 -542 -50 -682 -427 -115 -541 116 67 919 67 -357 -105 -992 -249 -181 670 -106 -605 -672 -439 -796 338 485 535 155 -2060 8 -529 -675 -216 900 -338 83 -1020 283 468 240 -684 -172 682 538 -1251 -408 -482 480 1053 -57 -422 281 44 -415 132 -71 -350 -563 -169 779 -636 34 -281 -19 -255 -451 -252 517 -264 257 205 249 705 -114 532 301 76 472 51 448 -447 276 152 72 325 -517 -164 -584 243 -288 -255 -498 -200 872 882 -93 -246 140 520 -297 327 508 499 -431 -52 191 -667 -343 250 602 -603 550 434 -197 -128 -1011 -801 -313 1350 731 312 -415 206 -1331 -98 ]
[597 -636 -702 -17 18 -317 -1179 -240 21 -196 649 -1201 -435 -574 432 -144 938 597 -678 -234 -16 -382 -74 -836 569 -463 -48 -811 711 237 -182 124 -161 1194 -63 63 -328 -764 -600 270 -967 -1297 -384 50 637 433 -858 619 -622 -401 97 269 -153 -263 -157 82 95 740 660 -580 848 -446 -508 -850 -5 1453 610 217 347 781 139 -105 -501 808 0 100 266 -890 80 -143 -600 -370 -536 508 -1098 -558 -101 7 -266 -239 340 -418 436 7 -58 423 -689 750 296 746 312 -645 -169 828 -359 -306 -827 385 -986 -1206 173 -586 770 13 584 -775 -1038 358 544 876 946 -331 -682 1144 -480 299 -354 245 ]
[-468 -232 558 -238 74 397 464 -301 -25 -1163 32 71 -126 -413 -405 -696 -448 698 -957 -1 -581 -472 -285 -652 203 834 577 51 410 113 348 183 -293 -169 -718 349 221 -997 -582 -624 -209 218 1132 -524 408 297 -423 292 -406 100 -1322 -804 257 518 -898 1078 211 668 -971 584 -422 434 -12 -512 -826 142 196 649 -45 1100 -406 50 478 -704 135 -339 -682 -284 -411 -17 66 202 -1171 -218 -128 1151 -482 242 371 -256 706 1267 -792 -520 327 -748 487 -208 -1384 -22 193 -921 450 -111 -168 793 161 -706 -146 -1305 -792 -802 -727 -507 -1229 348 576 -243 -309 66 -148 -9 678 1158 152 -277 -696 1061 ]
[-281 329 -465 372 835 -244 -434 -780 458 240 -802 -1690 -754 459 805 206 -136 396 -873 -687 -921 -178 160 373 -674 -168 261 449 -285 42 411 -1356 -275 -148 1026 699 43 -536 -129 -894 120 194 -282 143 484 -253 -179 673 -532 -853 -55 296 972 -400 -158 307 976 566 621 1382 830 -274 -653 -469 -906 710 -360 1148 113 -802 -440 -266 117 -1176 -44 364 1254 -41 -466 -233 -220 -212 -36 -53 -746 1081 -322 -253 -194 -338 -242 1 348 -181 20 851 245 6 121 169 653 -33 216 47 -66 -1041 80 -762 -1135 0 -681 -357 -354 -524 219 146 -178 208 1450 -65 836 -935 161 425 455 273 -540 -417 ]
[80 488 601 641 242 398 -296 294 -68 98 -775 -675 171 -148 707 741 -298 -566 -425 399 -83 -280 -121 700 -901 261 -114 402 -993 -450 -6 -663 363 -333 1750 247 -284 799 630 -123 785 -94 -60 187 86 302 953 666 870 349 211 -536 -1133 218 -217 -14 -293 -419 18 912 -626 220 443 -628 356 73 -543 336 894 -85 -523 -845 363 115 -533 -703 1001 -278 303 -67 1091 -40 -44 246 -25 -257 86 236 -169 -115 -158 961 536 21 519 -529 88 -473 -294 -74 -237 -685 435 -44 -534 317 -70 -414 290 173 -564 -158 -435 836 -372 300 151 794 578 40 390 267 517 -490 599 848 -130 -565 ]
[1233 -312 -1447 -957 -1046 -355 164 -391 665 -813 -250 -671 -977 -444 -20 108 926 -14 862 90 -68 382 300 716 206 -45 1093 235 -145 198 -329 445 -442 192 -599 -418 243 -887 -518 741 -885 -751 -508 -299 449 -89 -1156 354 572 -85 171 -449 1054 308 -822 -536 792 1456 551 457 1747 -964 -1091 559 -202 278 -310 633 -475 105 -80 833 -173 -91 -510 94 -214 -1048 182 274 -951 8 -612 -12 185 -735 580 344 471 -240 294 -239 -55 449 -429 793 -356 -15 516 -767 594 -1143 531 -203 -348 -1337 630 740 -213 786 52 -910 42 444 -379 -752 -148 -116 1151 45 1077 -973 -656 737 -1043 -536 -377 -712 ]
[470 125 -242 146 -300 238 -1509 223 -103 -754 -12 -174 -342 -621 423 1068 183 198 272 459 622 526 954 46 -81 -698 -844 -352 -248 1023 487 -971 306 41 -720 -6 -594 -394 300 938 -780 -246 -260 408 -765 249 -452 -992 -195 495 622 772 -482 -460 209 -1199 102 -173 301 -578 116 -595 111 -72 -148 115 77 524 316 229 322 594 -1087 792 80 -179 -324 -682 627 -100 30 69 254 117 347 -975 138 767 64 -248 -63 -310 420 -517 -71 699 -198 538 -145 -162 -106 -988 -1255 18 -1182 -380 -274 472 -529 -416 -764 610 913 -383 -44 -147 -432 763 1030 -645 -174 -336 -524 415 52 -124 499 -1248 ]
[218 -142 -144 -619 -804 -568 -136 388 -130 -418 -39 -1146 -529 77 -307 -296 437 35 -42 290 1001 -122 -124 263 1053 246 691 589 -381 -377 369 -307 -164 81 -27 612 -687 -280 1271 551 -324 -186 212 531 588 -517 -256 -289 421 -439 -141 -530 15 -57 151 -746 489 -864 -203 470 -148 733 -394 1093 -243 1301 589 158 327 -312 -902 -1 -1014 -687 -708 -414 141 -150 -196 706 696 115 -194 93 -262 34 -522 -249 -631 -389 559 -354 -21 -294 -281 -91 -340 -803 -1194 267 166 -260 -1301 -652 -1089 143 -793 -1040 -555 -166 -701 -263 -785 352 17 -138 -930 1015 1157 -590 845 -532 -984 51 901 133 589 -1108 ]
[710 1582 895 309 -189 38 -480 434 -153 253 40 1208 56 -384 511 -19 279 -294 -433 512 196 972 645 -44 -7 -261 -92 -72 -825 447 -516 883 84 -152 848 -495 -694 192 1021 410 314 -690 -1215 384 -65 477 232 448 1709 780 324 104 -949 -374 267 -371 -686 -219 -597 -1244 81 41 1148 -445 211 -310 390 -413 -124 -77 289 191 361 836 151 -617 -173 660 366 -487 -4 -344 -22 -19 442 -706 280 646 492 315 -968 1317 238 379 -517 205 569 81 -380 651 -681 -534 407 -259 183 854 -313 394 744 -90 9 581 133 855 -203 582 488 -370 170 -313 -227 693 233 -65 -434 -207 -715 119 ]
[322 1126 370 744 -194 92 634 -215 715 -398 565 12 -655 -228 -934 -86 229 230 167 -100 421 1139 -110 99 -379 5 -260 50 -938 528 -28 -579 323 -623 -1169 -320 181 -790 -322 337 -489 391 -568 -885 -30 406 -630 -901 1371 813 826 388 -27 -723 106 -352 -36 770 -362 -970 -347 -644 529 613 -1085 -225 691 -733 -1329 783 720 359 36 -35 374 690 -186 508 -472 -188 -334 -46 -1425 -552 19 35 -91 -15 1094 772 -586 -242 -390 411 -1698 509 560 86 231 -824 80 455 216 533 361 294 551 -222 424 -161 -1328 140 245 -433 1234 2085 1472 288 526 -589 -425 1266 193 -503 -653 -857 -869 -200 ]
[587 39 -149 -1160 -478 -437 553 -223 -811 -306 -149 -791 308 663 -399 108 461 821 303 233 253 1470 448 62 154 -131 -125 -160 474 578 605 -57 -513 200 -1054 298 -216 117 -266 467 -556 363 312 75 -223 -1032 -19 350 37 -1250 -201 -689 -204 615 -407 -453 207 -100 -1102 368 308 633 -37 199 -1173 1126 -923 1363 -136 35 -294 -965 -105 -549 242 -420 190 -660 -38 1034 -162 364 133 968 404 1235 -451 148 -301 196 1098 137 -1605 -842 -265 -532 -1414 -972 -178 339 169 320 -7 -641 -720 -210 321 -1147 -426 -365 -815 997 -973 -423 -681 -193 -574 720 -143 -30 -196 -1881 -400 43 -278 189 460 -694 ]
[-50 -237 -23 -393 700 -313 -1540 -307 42 -549 -214 461 -140 -703 575 -778 186 92 -257 -204 158 22 596 -489 -337 -810 -1136 301 -94 270 184 -673 767 363 -1536 388 -488 -1086 417 -422 -167 -88 590 -1125 108 -117 -464 -477 -320 440 -213 582 1222 -716 288 -342 -306 547 620 -863 -195 364 -1 -616 -1199 1004 1275 423 157 87 167 227 -213 5 560 460 -1456 -679 -667 -46 137 115 -99 -724 -2 -297 42 312 -235 -1275 -445 353 880 -626 -278 124 411 386 -984 583 -110 -555 -251 119 472 647 -613 -173 -278 -1343 -687 1 -157 -1040 -256 422 -1007 -488 -12 -52 -132 294 348 1194 712 -628 -640 386 ]
[1039 -27 180 123 -395 1142 67 828 30 450 1001 -1225 2 430 29 -229 436 -476 653 38 1254 -188 -445 0 717 -394 -526 728 -102 -145 -570 -17 -49 1140 283 -15 -349 974 670 73 495 -1870 190 -1006 371 255 1138 -803 929 219 369 215 -56 -265 146 -1646 -471 -385 -88 202 -902 457 -146 413 1135 -95 -220 -763 -688 -51 191 -433 1 279 1125 239 23 -519 628 -48 -379 -117 -1055 220 -198 -1058 312 -353 -801 20 1062 6 -232 250 -438 440 -692 -455 298 514 -124 432 -747 -78 -769 1475 -676 739 754 512 -606 -651 388 270 327 -377 -1068 1017 -915 -111 -627 1657 -891 7 101 662 -250 -500 ]
[929 -66 -1024 34 307 -790 -968 -53 -268 -549 -208 -640 159 -108 1219 -21 -422 -261 -548 -431 305 -398 -580 519 -476 -50 -365 -9 -163 -215 -44 -521 -1071 938 1109 856 137 -355 -165 -1071 -767 -1092 -1124 486 -451 234 -121 921 -411 -594 93 562 334 454 -1016 474 903 -87 -34 657 996 -898 -126 -909 95 213 -1151 205 466 869 -104 68 -168 267 -415 529 877 -958 932 194 -600 -222 620 -145 -345 -767 -74 0 -643 -890 234 327 61 -81 619 491 -851 898 799 -134 578 -629 957 566 316 -1234 1 808 248 673 1042 -1314 -242 94 -803 -1788 -205 -651 1433 220 311 -841 -144 21 -600 244 282 -33 ]
[1402 -1031 -1046 -1137 -458 173 375 -1290 1168 1220 -142 1019 858 311 295 15 -811 -283 815 -414 -598 -1434 256 472 132 452 -177 -544 406 444 -216 1226 153 578 -1331 1494 -1252 523 -683 -682 358 175 116 -819 -712 -606 981 164 -479 -419 -322 81 662 -183 601 657 -141 -248 -302 179 -120 -681 -242 950 -148 36 -97 768 474 -822 -830 289 780 -289 -726 818 -893 184 138 -706 -296 1150 311 -892 584 185 -97 280 -425 459 -278 -299 -637 -188 610 393 -469 0 976 -193 323 445 -29 89 1015 -992 896 624 -165 900 -22 1014 -875 -369 -8 -438 474 -1104 287 -65 99 -607 -260 -585 928 -904 282 16 ]
[-294 545 541 775 714 1550 76 552 468 -268 890 -188 372 1317 273 -135 273 -667 -330 -907 -1027 264 -297 -2022 353 -515 -95 230 -297 619 -44 -1146 -558 201 86 -487 -57 -206 -408 58 1018 -165 18 -259 -343 82 492 -593 317 261 463 1652 655 586 78 -115 71 667 -440 160 -881 1065 -604 -560 -359 -831 145 -920 75 4 -757 -790 688 -382 785 -662 -268 312 -580 205 -28 -686 -280 -207 132 1707 -598 -490 42 -542 730 19 -631 -195 -246 -114 936 -120 208 865 -275 1180 -373 -289 782 758 -424 640 -87 -1443 107 -601 17 611 105 -462 -551 -30 -617 614 53 137 144 549 203 -325 -928 415 ]
[-597 1140 1113 -113 -131 922 455 -137 -163 269 -246 -227 107 291 -1397 -1004 537 -338 -210 -32 -7 271 -2411 711 -260 -542 527 1198 50 -554 -30 -121 -460 -424 157 -1024 269 617 -18 -1298 869 -1587 288 -1392 240 -207 1032 429 406 579 802 -527 26 -304 -1458 -33 1697 234 662 366 -304 -493 -52 747 -1268 325 -753 -203 -1396 413 1265 -183 249 -984 922 1594 -202 -849 343 -13 -255 -959 32 -281 -241 -766 196 -188 29 -585 544 941 -256 89 558 -347 158 314 -589 557 155 6 373 538 161 216 -581 547 -280 740 -26 -1137 -1097 -456 -1273 90 667 -791 -412 381 -638 786 834 238 -483 -128 -325 507 ]
[397 199 -916 -1035 432 -1210 461 -118 588 426 9 106 1317 44 745 309 -29 126 411 -1423 0 -738 265 415 88 -696 172 -176 -225 -47 317 697 802 1273 243 906 231 -594 124 -305 -482 -288 377 -1247 -367 499 -441 251 -305 186 -818 187 332 447 621 -314 -841 1103 -34 614 -38 -557 605 -1522 52 279 -568 110 -301 -137 -35 -186 333 69 743 144 1032 -161 -256 157 -495 -76 -79 -878 -876 -396 198 -775 98 -150 -104 -80 716 375 188 811 258 -428 1089 -715 -250 541 787 890 612 -94 65 -441 728 -494 -124 -1453 248 -932 321 429 -262 72 -415 345 -297 1162 128 506 -473 80 -316 1130 ]
[500 -177 -222 -430 895 -380 737 487 -300 -270 -943 377 -596 -800 518 -807 4 -508 484 176 -36 84 -676 1238 -677 -495 -413 664 -105 -280 -1011 881 583 -104 -277 -1170 593 -213 584 169 -213 51 638 -611 327 239 249 -831 823 513 -61 69 64 -816 398 -269 -101 4 1084 -374 -437 193 1047 498 185 -132 364 -888 29 404 1039 176 -970 555 494 947 -148 -642 -272 -574 320 570 -367 -392 448 -512 511 322 -338 39 -823 -151 173 266 -87 14 -18 611 122 -417 -24 1472 1467 -98 450 -143 60 -329 415 668 180 -431 546 -1687 476 -129 -105 -353 1117 -221 -1026 432 867 -742 -778 -35 -223 1024 ]
[-443 -155 -49 -717 330 265 1139 -334 435 -1118 -1050 -89 -121 -359 -978 161 -603 -1351 811 212 -178 -860 -522 386 -416 225 111 -12 252 -721 169 369 16 -348 -213 355 637 518 -274 -729 -81 780 16 -561 126 -58 458 -123 -532 -947 939 -978 -219 664 -688 -164 604 83 -795 1386 411 -54 38 -315 -1280 -86 359 147 -20 174 273 734 125 -299 -1119 -94 397 -456 -241 -140 142 299 -48 -749 49 67 636 1280 -64 385 1151 -514 -261 1259 -202 -381 -494 -620 272 -575 215 -701 1272 96 316 95 695 64 931 844 250 248 -301 308 -422 -340 796 -486 283 500 340 -450 349 -1031 -740 -674 -481 -1131 ]
[145 -257 64 645 -260 28 598 -709 153 -54 -299 797 289 -84 -484 219 -260 -969 -15 412 606 -297 679 986 -732 476 -632 408 -95 -627 -785 -78 444 -56 -837 955 -760 151 389 221 252 686 239 -109 -331 -218 82 -498 -977 -145 -202 -572 -651 270 59 -395 108 -383 -737 671 -52 -329 177 81 -168 -218 295 -164 389 801 109 542 185 67 -161 558 -325 -295 187 -47 29 745 -138 -12 241 -766 481 1037 141 63 391 -694 136 705 764 -504 -279 645 -92 -185 1002 -591 281 1044 148 -713 1047 -508 533 469 -915 675 -100 448 -65 388 725 -24 1473 -709 -421 112 -212 -1222 708 -448 510 -301 ]
[703 88 -271 -1132 -1149 -366 261 -236 301 -1031 -303 -498 -79 -528 -801 -393 103 758 -206 325 -114 -178 -960 -606 480 73 -186 -753 -66 340 289 763 -287 658 -601 853 -336 -41 -1109 746 -482 204 808 -279 -543 163 -353 -521 483 304 -103 -637 242 90 -473 -16 723 -728 -1162 -55 -261 139 284 859 -960 811 645 105 81 1811 -272 92 -852 297 -756 -193 -208 -502 60 279 251 925 -775 -347 232 625 -1086 -23 266 405 265 293 -1039 477 -378 8 -1375 -1335 459 -693 -441 211 -268 -474 -836 275 612 -1 -271 -860 -54 -421 -404 -600 108 -66 69 558 597 530 -148 -648 -322 139 -377 -756 159 -725 ]
[-410 -84 -450 -668 344 -661 142 506 39 -381 616 -750 710 1 -1097 -326 826 -800 928 428 575 -256 -1224 1190 280 -688 226 -476 0 -212 492 661 -248 105 325 -498 137 29 -664 -564 -312 -273 419 -424 -594 -665 158 750 -203 -992 730 -139 -540 505 -835 -787 1060 -369 689 1107 660 5 -1074 -101 -351 272 -513 91 -1123 -126 -174 -552 -967 -343 589 -144 1849 -891 -257 1405 -213 -783 -9 -118 -631 62 1203 -531 -415 -529 656 -862 -307 -300 103 378 -860 -99 -249 -178 150 14 77 1074 54 254 -540 512 195 428 -56 -578 -1355 -850 163 -682 -15 -872 -715 584 329 -1773 -835 -379 -491 115 580 -411 ]
[-202 651 816 950 -539 -524 -620 396 207 425 235 126 -963 159 -401 294 507 892 -613 366 -3 604 -81 585 376 211 -209 -1028 -335 277 39 -265 586 -129 375 -321 -254 101 43 996 -1076 -185 -826 743 382 310 98 167 -225 374 1116 294 -846 -1832 656 -971 576 -352 72 -1398 -491 -680 681 595 -337 591 527 219 -319 -957 78 1048 -913 -767 -247 -48 442 1023 613 -934 -289 -354 -472 413 -390 368 285 263 605 894 -839 -202 -167 -185 -242 786 865 -249 -472 535 -1075 -363 -1496 464 -1195 61 287 263 -584 498 -354 1328 896 -1226 485 1864 1019 444 -279 -685 -1056 486 -342 271 292 -403 -84 -645 ]
[-12 -802 204 650 91 879 -99 -63 333 450 330 -750 -94 -11 -73 -42 261 865 -8 -550 -7 -575 -179 370 -673 -16 50 -570 -685 588 -113 -266 532 850 231 -519 -41 175 -1167 177 -64 -592 165 -124 -130 698 767 1002 -155 -363 253 1479 -118 -509 133 -348 836 73 96 2 -822 -120 -633 -236 665 383 -500 907 105 -298 -1047 -193 342 -253 113 319 92 620 -185 -142 225 213 -824 410 -491 1039 825 201 -394 362 41 -328 -262 -1029 -124 605 60 302 28 506 -201 456 -351 675 -419 515 137 555 -446 -105 -385 64 -56 -420 30 -231 797 -16 -875 573 360 -289 -81 795 -62 328 -739 -50 ]
[-1017 944 389 -82 195 -547 -513 375 -731 -176 76 201 -853 -462 -867 -887 566 -517 -585 60 -115 436 -1365 24 202 -416 993 29 187 -25 370 -734 -44 -163 874 -557 441 108 -283 -82 179 -831 14 152 406 28 -946 -760 -280 170 753 268 272 -490 -520 -975 1567 -1027 857 -129 -24 -898 -565 784 -1373 642 1598 -1008 -707 114 1266 -497 -1285 -411 104 49 559 -682 194 653 285 -587 580 166 -765 -393 570 -454 -146 -775 -190 489 202 -71 572 749 432 -315 -998 782 -300 -584 -332 -69 -663 -409 -849 609 -750 -31 804 -819 -946 -508 -286 -614 -545 -706 -79 827 432 288 -772 -125 -761 -422 -225 -409 ]
[474 297 -275 91 -480 1076 -1031 766 41 -298 -612 -415 -684 -816 127 276 -324 2 -339 102 306 -890 -255 -49 222 10 -604 -366 -549 -75 720 420 1001 323 331 -232 -315 858 -170 1117 -176 -1687 -963 734 689 229 -560 388 -63 1669 884 41 -595 -125 -402 281 -1 -531 613 -261 37 -347 37 70 -15 -148 546 -232 -126 1209 516 134 -578 206 -172 -438 119 -1182 256 -322 -348 -381 -615 701 -295 -1092 -190 -374 186 -236 541 78 214 -260 -110 -89 -376 -276 -124 325 -508 -1315 480 -159 -1008 1347 -296 675 -423 -539 44 -286 -62 393 -72 437 -556 579 650 231 130 273 66 161 329 -487 580 27 ]
[787 -605 1070 -290 -355 1269 -659 39 520 125 -284 -405 -607 521 458 -200 -405 -281 -1025 -1095 -505 -481 175 230 -722 141 -116 -710 -235 -53 -268 -172 -448 447 147 471 -131 -188 -874 -525 691 -1278 423 -199 379 -5 730 367 -16 -740 -64 542 102 -668 -407 682 -37 510 286 -200 349 -654 -490 -1124 -632 -105 -621 1216 -271 -326 456 -38 -30 -737 54 567 831 -236 723 -728 -115 -158 -17 354 -202 -47 -132 -433 -179 -517 161 1350 -338 -450 891 246 -822 702 253 596 -70 -45 -214 155 322 -125 232 436 -1301 -71 -421 7 -829 -580 -298 -800 117 -253 -389 244 629 -666 231 803 182 -74 -371 542 ]
[-1347 19 774 142 206 606 -673 264 371 -433 719 42 186 -781 -173 -542 346 -630 -325 -67 792 -1066 -755 37 184 -132 -684 859 -265 -702 198 -273 905 88 -387 91 -310 292 1409 -783 49 -1215 627 -999 326 77 319 -269 503 678 442 137 -927 -565 -450 568 -914 -583 1267 -82 -117 220 -803 142 -517 791 708 -781 -797 -49 624 -147 -52 -310 586 711 306 -613 -502 -1 646 -895 -227 -762 -763 -899 906 -1020 31 -736 140 316 1481 347 423 36 -305 860 -632 106 -423 17 -58 695 520 1406 -1253 195 -168 -511 -1165 -577 -554 -556 691 334 -515 -837 -432 -49 295 1575 8 36 660 643 506 508 ]
[-24 135 -996 65 426 116 -950 652 778 -70 663 -173 296 -22 -851 294 -33 279 -275 -654 -221 -406 -399 -870 828 -231 -254 -258 396 344 772 -455 -638 -778 -878 602 195 -574 -807 -1112 -93 284 -449 335 -782 149 213 -1085 -939 436 -513 260 -128 640 216 608 706 326 281 105 -97 -492 -278 298 560 -171 -376 -512 -590 559 20 90 -156 -285 378 403 311 90 161 -80 49 -378 454 -226 -151 -782 -1308 818 229 -381 811 -499 -1106 -12 -355 -820 569 192 -85 -730 325 767 -1113 365 -191 716 -424 8 -474 -405 432 -288 -121 72 453 -509 95 232 33 -710 -131 -764 -584 18 449 -738 1206 -315 ]
[296 834 548 152 384 565 -821 618 -140 -656 -131 -487 -22 772 562 -221 75 576 -1221 32 -382 1068 -22 111 363 -717 -418 -326 822 399 350 -496 -469 182 221 -227 -477 -29 -1279 -531 24 -969 -94 -218 -584 199 -402 -433 -483 479 -631 1201 493 -527 -315 227 833 -590 -361 -651 -521 -123 391 112 -206 -940 -882 208 -618 542 180 -233 -839 -675 516 257 -255 -918 1656 -370 290 -37 126 88 324 -246 -378 -316 35 -265 -171 1627 -1488 442 203 -232 152 -503 243 290 32 -809 -911 -516 -1665 772 -41 536 -495 -1030 65 -987 410 -800 -1220 -675 -564 -358 -1130 -826 -1141 48 45 419 -373 55 -510 -300 ]
[-333 1333 -376 187 -881 -109 519 -85 457 337 526 587 1000 -10 -859 709 -645 -593 863 -431 381 -112 -637 -1243 -392 474 600 791 -883 -34 -470 78 305 415 1337 295 423 49 44 248 681 597 -194 319 -577 465 232 28 855 1039 366 69 -122 551 -426 -907 531 231 -517 470 -359 -749 -383 -278 745 142 131 -638 362 69 -193 -3 1156 550 -104 245 674 471 -399 -478 -503 -756 329 -447 5 -690 -464 319 1051 323 312 -340 1373 593 388 16 -139 -110 1173 -134 -30 733 241 334 521 -239 238 1136 268 749 100 -1439 869 1703 34 478 1173 712 1105 932 355 1263 246 -213 182 137 75 257 ]
[284 -847 -1000 -752 -264 -373 831 284 -318 -254 -474 -324 -1062 -510 -1105 -377 -42 -748 1561 511 886 39 527 1141 -444 381 418 -257 -234 -738 180 420 -396 94 -1250 778 266 1090 135 -8 -229 373 -28 488 978 -443 -714 -332 -442 -1395 389 -457 753 415 216 -579 35 -794 -387 -1 483 287 -922 71 -221 510 526 619 -1052 -127 802 -481 -342 -202 -507 41 208 -841 -161 913 384 370 59 695 46 -654 768 -143 -568 -214 371 -920 -462 -69 -828 -463 -894 -123 -331 587 271 -182 529 -1193 -940 1030 559 -619 640 996 505 789 -1349 193 9 -732 -391 -554 -568 682 445 -1313 -1195 -622 -265 -494 507 -339 ]
[507 -293 417 457 -647 -408 -231 -323 466 -629 -474 -753 529 -711 79 706 494 -499 205 358 49 423 -105 300 -311 -354 369 -769 -120 -163 462 -171 1327 610 -919 399 -3 1118 718 1018 -743 -86 103 -588 408 616 -866 161 727 107 1890 -148 -760 76 -314 -1158 -862 455 384 -301 587 -193 298 -305 -884 1971 406 555 -775 55 844 -496 -139 716 -322 294 -39 -675 -2 328 608 284 123 -190 -479 -157 336 -599 239 604 -649 -1274 461 -329 -277 -96 -907 -763 719 -321 -805 -145 -814 -159 -669 -635 -537 175 -353 -837 -445 859 -495 527 1058 725 -81 893 -123 649 1300 -202 -616 736 -754 542 -547 -654 ]
[1423 -347 -107 696 1174 16 -2030 -5 -277 669 956 -164 591 428 943 661 24 -467 -700 -107 -786 -358 -72 -262 987 -355 30 -832 852 697 278 -677 -791 478 176 692 -916 -29 -565 -581 559 -698 -144 -957 -849 221 693 17 -356 -173 1077 492 -546 -521 -295 725 -557 979 -93 -491 -502 -840 18 -255 -175 -163 -1005 -227 1028 65 279 -897 -426 -87 -350 1386 143 631 1421 -746 213 93 1195 -395 -760 -626 -685 532 -559 -251 -321 -668 -675 -639 88 432 298 310 1269 -295 54 -231 -898 759 167 -1514 331 725 -235 -20 -14 893 18 -965 644 -692 -233 701 -591 -269 424 -104 162 418 -138 -219 -709 -589 ]
[818 470 -363 882 -767 757 -708 -225 1196 -529 691 91 183 -547 573 484 -528 271 32 88 899 436 1257 606 -689 -153 -575 -404 -1185 410 805 -632 -20 249 -259 339 -944 166 -556 197 271 -712 -586 443 -313 25 -18 852 538 581 413 -463 -607 329 -183 -27 -1173 768 97 -111 1359 -1020 -230 -304 259 336 -433 1095 -353 316 -165 560 509 106 6 -396 31 -593 495 146 -402 -172 -1082 615 954 -950 575 -128 -192 -13 -195 304 442 29 64 688 -479 291 -324 -85 397 -805 -495 883 -478 -247 -57 705 205 152 -1981 1031 -1233 1361 39 817 296 772 -573 -254 681 -180 -632 -340 682 256 930 -1144 ]
[345 325 -283 -425 -502 -904 -477 16 -630 1322 406 689 831 -249 -29 351 999 -580 -310 757 -755 -75 -285 -352 1161 -557 735 -800 261 -71 -581 1761 -355 672 1996 -5 -1189 126 1 1011 856 -663 -20 872 -522 -356 133 1321 54 -802 78 -106 -1016 302 -305 157 959 -642 -534 44 464 382 -1015 341 1352 -165 -461 70 1241 -313 -1544 -564 -645 -129 145 -113 1119 803 761 752 -340 -336 879 718 85 -195 513 983 -100 321 -207 -631 -340 106 527 110 -245 95 -117 405 -107 -896 -816 945 241 -1212 -236 845 193 497 648 191 -183 50 -242 -1143 -137 -678 92 570 1050 -1225 -358 241 284 383 -437 427 ]
[112 -501 72 -1116 227 -595 467 1035 210 -242 -304 -770 -88 1068 152 -604 1120 -254 -364 86 829 954 247 773 -198 -4 -25 158 391 -1126 -1020 -253 407 1116 265 -538 92 161 1080 456 -427 -557 -340 -310 481 773 60 307 311 135 580 159 154 -557 497 -1657 942 1359 -67 -747 -74 683 881 -395 -306 336 -316 65 37 -167 300 -255 -710 29 516 425 1135 21 -393 538 -279 -570 -142 266 -248 133 561 -585 -37 188 -28 -779 -268 355 87 -349 -801 -721 405 35 -99 948 -132 -181 -392 -257 -178 467 -354 -216 1493 -213 203 -299 546 -4 -748 -53 -4 -106 194 -801 124 510 -318 587 -682 -358 ]
[-23 326 -69 -9 -350 1372 -1039 826 -46 800 559 446 4 -323 -120 -75 971 566 111 799 -596 433 -360 -23 229 -251 32 -886 -632 526 36 33 -1097 1060 933 -522 -757 911 102 474 536 -864 -163 782 -336 64 41 998 229 494 699 201 198 -21 -444 -125 542 169 -58 325 -186 1254 -898 -60 440 -1315 -414 667 247 256 -210 -431 -653 -488 1109 -830 141 -95 -111 370 -786 -640 -336 1083 -641 785 304 -287 195 -487 -528 -8 -244 -1406 568 1000 -189 -671 -3 861 -82 -451 -791 -243 -318 -72 -100 923 -127 572 275 -99 -569 -20 -550 -750 124 0 158 1220 510 -1281 19 685 559 248 519 573 ]
[-591 82 -3 357 681 -731 1336 -157 -1074 263 -397 820 -890 -1074 -306 -581 -507 -103 421 404 409 395 -1206 864 -288 1562 265 652 -118 -540 -95 782 900 -556 598 -521 454 -1080 -179 275 64 475 951 347 521 -224 224 333 652 478 15 -966 -708 207 70 18 -227 562 106 19 -172 -440 328 999 488 503 957 -505 -329 33 127 624 38 135 -748 83 217 799 -790 101 45 562 222 409 -417 329 685 243 -141 548 -523 54 -144 441 764 -602 -199 -67 -745 -16 188 513 1231 575 1219 -286 655 -452 265 288 -187 471 -1243 -26 312 883 638 -220 32 -52 416 428 367 -358 -174 34 82 1776 ]
[164 195 162 119 -937 179 -400 352 791 -220 479 249 33 -103 -175 -1001 368 1157 -1801 -755 -372 -580 -136 -893 802 -373 48 386 -295 366 -907 489 -6 265 49 614 -335 -284 -19 -340 397 -816 332 -606 429 418 112 -435 -425 191 -2041 -479 373 -498 116 770 -204 -670 114 -151 123 404 -280 482 373 873 560 -523 594 1130 -434 478 490 -730 145 765 -549 -188 336 -855 334 990 -918 -697 24 -447 -803 1504 481 27 469 1434 107 566 -14 -799 535 -537 -618 214 -146 1011 110 461 -583 1007 -171 -436 -29 -442 -628 -1657 100 -298 -171 -371 -309 742 18 -427 -445 1237 258 617 158 31 -105 -222 ]
[648 468 -398 152 -536 801 -15 53 721 593 636 -447 -158 1289 -302 865 51 -184 1581 -638 -101 -393 858 705 34 -967 510 1125 -672 782 109 248 854 -517 -236 -731 -285 788 512 218 -184 -378 123 -664 -37 -809 569 -276 316 290 -477 420 1041 -67 75 -1260 -424 -671 645 1320 -56 -800 -826 581 -24 -965 -1138 420 -535 -1666 19 -97 -61 -461 1171 -701 -307 -414 244 -290 -580 -22 -108 -1150 -564 698 870 -699 686 850 275 28 122 -822 -352 1411 1623 -311 67 70 -218 -810 -332 -889 -1028 1189 -908 244 680 485 -639 -1105 459 -303 -440 139 -420 765 625 -648 -920 732 -982 -409 828 115 285 -1453 ]
[-61 517 -502 149 547 -667 -1594 -283 -290 247 -20 547 -569 -728 -365 -146 230 -188 953 -25 -938 -3 -563 -1095 -126 -674 -534 -465 571 128 -662 -206 -32 -417 -652 -177 792 -917 -1354 -123 244 396 -185 -363 -225 -1362 548 -490 318 599 214 680 1441 -455 -513 723 972 440 174 -115 626 -355 -610 286 -869 105 620 308 -331 -978 169 41 234 -40 199 201 -712 1220 -624 -193 -466 123 599 -484 894 -217 -493 267 1211 -287 -531 -470 -94 -328 -1068 484 248 265 -97 704 -712 -578 166 -186 1240 534 437 232 -422 -773 1205 94 178 -558 687 241 -1367 -1417 -1360 535 -240 -389 56 538 -304 -1934 24 337 ]
[653 -498 27 604 933 -183 -1429 487 -468 -1134 -264 -1262 -780 -986 902 211 318 -814 382 -450 65 -267 511 -1291 250 -1090 -781 526 -275 35 -177 -937 332 695 -14 -30 180 -1171 910 652 -662 -14 303 120 768 -66 287 -535 769 -510 740 741 343 -886 -141 -14 -282 1314 -20 -725 -78 660 694 -858 2 1547 405 -37 700 -364 -96 -207 -680 568 -173 541 -9 234 6 -522 577 -520 662 -136 259 2 -615 80 -665 -327 -584 -319 734 740 -572 -165 -174 1278 351 326 -477 543 -8 -547 -78 985 -546 -178 -750 -1113 -62 43 997 -454 1133 -367 -1399 888 824 114 1155 474 183 963 244 384 -984 -55 ]
[445 265 1038 -576 594 143 1024 -64 359 -1024 -451 -378 721 -415 -193 -486 -622 400 -999 -957 -8 -565 -211 -696 -183 734 69 334 -100 -474 465 209 -405 -108 -608 892 138 -544 779 -1000 124 132 613 -115 -193 586 -287 -239 493 -78 -827 -531 -1177 778 631 1602 -1229 12 -1044 -594 -947 868 1170 -1514 -206 380 115 54 -705 1476 -554 -428 391 -574 -248 -404 -213 290 122 511 1170 -278 -477 -436 -139 412 -1285 -659 -559 80 29 899 -1004 209 -692 -1012 662 282 -8 -275 276 365 -703 363 563 1481 -559 -1811 1063 -1639 -472 -1209 -164 652 393 784 58 734 336 -821 135 956 1489 309 61 -530 -390 860 ]
[1034 -169 -12 156 846 737 -83 -256 731 371 -571 -471 -183 -766 -112 357 -987 -167 -28 258 -210 -1211 300 -8 -113 955 -571 -417 734 -441 -105 -479 1215 -584 -26 54 -182 1251 -656 -219 354 -155 -157 -610 195 79 1512 402 915 619 981 -238 -176 -595 89 796 -626 81 35 225 -637 610 595 477 -487 47 747 520 -459 -803 749 -301 340 -634 -926 224 186 395 -260 -678 828 538 64 -22 650 45 -822 -386 -385 1248 -236 -572 -787 -162 175 -491 -1010 -1305 710 214 -403 485 -319 -1072 105 1240 -309 -100 -389 78 -297 1099 -876 1196 1206 1355 -935 134 -741 -302 349 334 460 -469 1749 -153 -84 -1023 ]
[128 679 611 218 -855 -250 656 609 -95 -363 300 1402 967 153 -1714 -823 103 -753 -504 -447 77 1059 -1355 -66 227 690 1477 267 257 330 -244 543 122 -663 -483 -21 33 36 -549 -415 730 427 -589 70 -312 -84 661 290 -182 -253 425 -578 -619 721 -804 -167 793 -469 -638 537 229 -848 566 949 -707 581 287 -866 -733 22 553 -202 336 -812 -974 831 -219 241 681 -87 -184 83 840 -500 -409 -289 -526 -104 920 -38 884 564 -489 316 1104 -1501 -77 -795 -324 -442 556 774 -248 805 138 -708 713 183 -43 1455 854 -613 -1488 788 -158 -78 897 -43 670 -896 229 66 -55 -622 -1120 -1358 660 279 ]
[443 291 156 -384 -193 -270 16 1003 533 384 200 86 588 702 -750 1000 -590 -198 1097 -459 952 -341 198 308 457 643 880 259 -573 -165 617 954 130 83 -196 794 -776 350 942 951 527 685 468 298 -717 -197 146 -14 63 573 -222 -948 -734 377 -215 50 -1009 -135 321 -237 -333 -881 -62 40 638 -422 -1342 312 563 -337 -190 51 -164 -905 -76 47 757 652 19 156 75 -195 134 -440 -769 -1067 -1003 -41 878 392 432 -949 510 -93 -619 -545 869 -142 242 -779 340 87 -680 -168 109 -284 429 116 -251 270 -607 -465 -66 908 110 1406 496 1764 1044 -691 -258 -270 152 -403 747 -1167 1491 -531 ]
[610 -916 -1035 190 511 -716 -898 -776 431 -235 811 -189 -479 -902 510 -473 -5 -201 86 964 -324 -1578 725 384 758 357 676 -961 1164 197 -489 697 -64 -20 -1402 -321 -864 89 -271 440 -485 -57 -141 351 530 -577 -1332 896 -234 646 -411 -391 199 -751 -305 1121 -898 -39 819 -721 1134 95 -553 271 -600 202 1043 -175 309 19 -110 -231 -694 302 -854 -665 -543 -44 -155 -500 -11 10 -219 -207 363 -330 58 -1203 334 46 -826 -1211 520 -153 -423 723 366 -157 6 -36 53 -1483 101 -710 -302 -47 -571 231 -268 -750 791 518 -523 -115 1241 -249 -1200 -1109 -943 185 361 -841 202 -63 676 -540 511 -579 ]
[338 -934 665 -690 106 -329 -922 1900 -524 -174 -66 -636 153 -162 813 -1061 53 -637 -804 -486 810 -148 -1022 -624 1008 1001 372 370 -212 -642 -183 720 -363 812 -93 327 657 -721 827 -742 -434 -575 -745 -405 1176 326 314 -477 38 147 -726 873 648 -477 962 820 -456 -680 -778 -876 -679 339 631 334 1693 -639 -81 -584 446 -194 -857 231 421 381 -486 570 -337 888 -68 -70 127 203 -328 -1277 -594 -808 -599 -113 98 -866 -946 473 189 414 -1647 -411 357 -219 -667 -234 671 -140 30 -646 -286 1523 -910 339 600 -566 956 -1490 545 -108 -209 -757 -269 -566 9 -1521 706 930 -116 581 -621 -493 -714 969 ]
[42 160 -553 -346 564 -484 1089 638 368 -205 777 441 248 204 -439 -10 -898 50 429 175 264 92 661 -201 790 877 248 43 -534 364 61 834 -658 -766 -522 639 -628 -1113 613 -531 412 1763 -1020 570 -163 262 -355 557 112 -543 -585 -105 -71 357 716 543 -936 -747 -805 -35 -83 836 -316 242 510 -658 589 -380 452 110 -1617 -182 290 -98 -1276 -538 236 601 -317 -276 18 69 -615 -906 -208 861 -432 -72 474 531 -3 -180 101 -58 -1390 -1050 775 -434 -344 -450 963 408 -126 130 430 776 302 -715 1233 700 228 -310 -239 383 736 426 822 84 1185 -1043 173 -302 -30 -738 -482 -685 684 208 ]
[-222 389 -1332 982 359 -312 -66 -666 -384 -24 295 -308 -439 -1 -256 618 -1470 -516 234 599 -774 -53 -151 -326 558 840 -90 172 -35 74 279 -1108 -185 -1056 340 1072 99 -411 -677 -238 -34 450 -443 865 -558 -478 -758 -411 -450 307 -400 -389 42 20 -451 705 -427 -156 -248 314 205 103 -161 861 -438 -1142 339 -986 -254 222 195 381 -52 -31 -1299 -415 283 -289 938 -312 -1218 273 733 -809 -141 -670 -1011 -559 958 474 -482 -239 139 1038 626 45 -120 -1469 699 -1331 444 -724 274 -76 329 -289 387 781 314 437 278 240 -641 257 222 -234 -98 440 346 -275 180 466 814 -554 869 505 881 -576 ]
[121 -405 -467 -419 691 -453 -376 291 -688 -335 -177 -1018 171 -534 806 229 -64 -908 265 993 282 -803 7 225 747 232 377 -506 18 -202 555 585 -672 29 218 173 -70 333 1154 201 -376 -433 199 -700 -169 402 -370 281 811 -358 579 177 68 785 -1035 42 -610 -327 -304 475 170 980 -804 -337 249 -1187 -427 -114 -970 -301 171 -1046 -244 137 715 -831 1072 -363 -722 906 -24 -264 -39 -388 -115 187 414 -622 -406 -556 -176 -788 -13 -796 -750 553 -704 -454 15 -370 -435 -963 345 -2009 494 719 -722 517 760 -706 374 400 -1158 193 12 -636 -797 -1384 -1326 384 -130 -1255 -610 956 -76 122 -622 -152 ]
[-195 -54 35 163 -856 -338 -1521 651 -541 -247 691 -379 -588 -1212 -1089 -323 206 312 624 1327 1185 184 -305 -463 -32 334 -434 -414 -105 -507 377 417 194 740 29 427 -493 -187 8 668 -406 -224 533 -13 482 -521 -267 -280 1066 322 1322 -221 425 -139 -778 -626 838 -479 -70 -478 -652 859 -1115 487 1 567 691 304 140 1461 -90 96 -1894 400 339 601 -14 -400 -121 382 -231 -218 -1000 1478 -467 230 -401 -675 59 -694 -82 -1338 671 -786 -1449 693 -1042 796 14 -99 301 -1299 -73 519 -717 -373 385 217 52 340 -865 -234 393 -1202 226 232 84 734 1220 76 964 -1098 182 318 173 -897 -136 1103 ]
[-910 186 -473 107 504 -904 744 -425 614 -936 -110 -139 226 -1080 226 174 -313 198 288 -723 -401 39 522 -826 -773 301 16 236 444 -148 585 -1160 586 -296 -88 314 1379 -819 -828 -572 -1040 1251 215 -431 670 183 -1441 -115 -68 -180 -539 379 1875 675 608 -55 -265 996 64 782 271 296 -376 -1431 -62 166 567 686 -291 -250 -422 853 1026 -383 -205 -535 -139 287 -847 396 297 263 -305 -686 158 582 -239 444 449 256 148 9 343 565 -760 285 477 -672 -1 -394 336 -309 381 -222 159 -479 -302 -571 737 -589 -482 -1153 626 660 -261 940 48 -246 -532 183 1070 633 -183 403 -466 277 -1315 55 ]
[-1241 -696 -557 -756 -179 -468 1083 176 -815 586 -377 -767 757 178 32 837 -314 -232 997 1300 -297 -373 -547 655 713 -117 515 -244 949 -113 561 945 563 352 -11 393 -114 168 -191 450 -447 193 -273 -168 297 358 -583 657 -1449 -278 490 -448 -239 427 174 311 -60 898 -755 773 -75 1060 357 382 -80 -516 -640 -15 1329 437 23 -285 38 670 -777 5 458 -623 -837 249 -715 471 202 -745 -524 123 286 439 230 862 154 -1631 -133 269 394 -932 -858 -2222 -472 -678 -29 380 849 -244 -619 119 -274 -313 -214 -18 185 1043 -192 -860 -200 -585 465 -259 -712 1376 220 -1220 224 311 -470 1842 78 342 ]
[501 389 -681 -412 -268 -11 1100 -628 924 -521 275 148 700 928 -633 535 655 -486 1306 -1285 -1072 -260 546 -866 921 -1064 159 -18 -1074 630 282 757 -102 93 -360 -45 102 224 -45 780 -714 673 -629 -406 -841 -885 358 92 544 -387 626 684 -182 716 45 -25 -523 -107 -182 -26 384 86 -756 -278 -588 974 -412 -478 -41 -583 -936 360 884 -498 -214 -107 -515 104 -142 58 -86 -279 78 -782 277 976 541 -107 -273 126 753 -114 -267 508 -606 805 537 820 1311 172 -600 1157 307 133 596 50 487 109 374 -631 -569 72 522 216 142 -359 326 600 1162 -136 185 -124 -414 -368 -74 -653 146 -302 ]
[-864 1352 1111 609 277 164 1343 -177 314 -617 -368 -456 -584 842 -317 -244 57 474 -1265 193 -406 1333 -105 253 -778 1010 370 483 14 -201 -564 -447 -473 -575 632 -91 -489 71 103 -689 709 601 -374 309 -556 849 852 11 285 420 -64 -686 -116 27 -881 -354 945 -654 -712 543 -82 -289 477 525 -482 -500 -833 -148 -961 -269 -165 80 218 -939 273 279 754 329 282 -719 339 -268 -164 -21 279 1148 -47 -809 551 600 180 904 -942 1304 84 -386 63 -168 425 -714 687 944 219 -568 -728 -403 981 -331 -388 430 428 371 -970 384 30 239 1425 -452 -7 -1101 -892 -726 196 -535 -482 -314 -167 -42 ]
[620 -1015 356 -171 -818 61 8 55 184 694 312 -233 -338 -563 -292 -465 208 305 285 -184 470 -1058 190 -64 -398 470 945 523 409 -763 -742 823 214 643 239 -565 661 18 -481 787 -84 -445 312 188 979 544 -145 -116 18 -40 -463 -1102 374 -388 749 81 73 207 357 -245 389 -1249 672 346 1972 749 541 -231 -433 -471 296 703 -68 525 -131 198 285 1069 768 131 54 -189 -798 736 110 -617 -79 110 -964 240 -560 -322 611 248 -738 407 692 589 240 -183 434 -8 65 111 -632 270 -429 241 116 836 -215 -906 1029 708 735 875 -317 904 -252 -341 822 674 56 426 -179 -223 -601 -182 ]
[-482 326 720 396 -562 1067 -185 799 234 1097 -595 -200 974 830 375 435 -356 76 946 -546 490 787 -180 261 59 -472 404 687 -33 -186 1106 340 437 486 1256 -951 -193 963 515 741 947 -302 201 849 -148 552 383 -871 -140 966 165 963 -684 78 747 -1006 15 309 455 -425 -1044 -677 518 -198 1825 -570 -852 -20 -963 -856 -533 -245 -29 -17 1683 -100 -173 721 -571 386 -311 -1066 652 479 -12 165 432 -717 -732 475 -667 57 -88 -34 -222 181 533 266 -82 613 91 -109 -839 -582 -366 392 -52 -43 -927 -1002 -280 515 859 59 -47 1256 262 809 -1426 -162 -303 658 153 461 -145 87 2 1432 ]
[-402 -461 165 -372 406 111 375 546 348 -731 -379 -598 -54 -69 605 362 650 103 854 32 120 569 749 301 -808 -813 -450 -31 123 596 -172 -1098 357 1594 -1657 67 -643 -216 473 316 153 269 -59 -850 183 105 -62 -1095 -775 -874 822 179 592 -196 765 -1209 -4 998 -358 233 -749 630 593 -483 -984 440 688 215 1193 41 52 -282 -522 30 304 151 -56 -587 -939 506 93 269 -566 -204 527 322 642 695 -1037 -215 454 -1431 -304 -214 -853 -19 -221 -939 48 162 -54 1371 251 397 95 -329 -335 -925 -225 -193 -888 706 32 -41 1008 -294 -669 569 -690 538 -109 -282 540 -41 -205 -5 -675 -734 ]
[-149 -596 -287 1281 186 36 342 212 -6 95 605 -5 -319 331 -1027 -245 64 334 44 659 1094 176 -149 162 -309 606 -1127 -1185 -291 -367 -773 -646 -87 234 -250 684 -324 63 165 524 -357 1078 -307 580 -648 199 -557 -1063 -470 -370 784 922 -82 -506 944 -761 552 -1693 -112 -443 -1263 971 366 801 324 -305 919 -967 -360 960 167 75 -1453 397 -291 458 38 -45 -167 25 246 1137 -1298 361 -396 78 -916 -285 -92 0 -428 -1625 -153 -246 -638 36 -265 322 99 -549 193 1272 -442 418 -44 -205 447 126 325 344 113 292 279 -302 1208 347 615 894 1246 -449 -965 -660 -666 -957 409 -654 650 -997 ]
[-959 -259 -460 -1105 666 -311 -357 682 -631 -1582 -2031 438 -383 -224 721 -558 -219 559 -1345 368 280 986 780 -185 -201 525 -1463 -70 -314 390 902 -678 536 -180 19 396 196 -95 453 740 -961 1181 -122 899 -329 638 -551 -363 -527 565 317 208 44 -236 22 -1002 1172 -34 -645 -455 291 648 1160 -396 -1043 835 1106 -81 480 314 -161 536 -573 228 -403 -671 -38 -683 -603 -330 422 192 397 294 161 885 141 850 -254 -621 253 585 -87 365 647 -1010 -700 -776 -477 -333 -496 -5 266 -1442 -1002 193 1365 82 -808 -602 625 1359 -651 -154 -814 -65 658 115 1636 -512 -96 -1483 571 731 32 -214 -130 -599 ]
[-297 950 38 781 -294 878 216 -458 1386 -185 492 64 298 -702 -48 543 -616 -840 341 215 146 -1099 403 -167 -280 428 -174 -462 395 290 91 -526 -840 -150 -793 501 -488 232 -274 693 340 200 -50 -125 -336 -121 660 318 -182 258 113 -10 -1303 364 -838 190 67 455 -201 239 400 -948 -658 -309 -558 -1037 -429 -295 -51 441 182 -90 1210 -407 446 -560 168 187 -1178 -107 -619 -1149 -237 -155 916 -161 492 113 -10 539 845 -657 -646 -198 191 1515 -344 457 129 -26 82 -1119 -607 645 557 141 355 -107 -369 -761 -779 1443 -396 404 727 406 -1 -625 -1259 606 -1145 525 242 -970 862 -1146 1149 -447 ]
[-558 879 -981 76 283 277 -430 -965 155 -306 -1531 -961 448 -4 1043 316 -682 379 -465 655 -919 -167 -109 -189 -194 -606 -513 -83 309 -321 1192 196 55 -387 697 48 34 73 -1008 -157 242 230 -516 817 -610 -52 -1376 748 -157 475 512 62 261 768 -616 607 723 354 1059 167 1393 101 -32 -430 323 -118 -231 123 -339 838 44 116 -94 354 -102 -304 543 -1165 458 -148 -205 -592 338 924 457 -213 -593 -308 70 -665 -108 173 565 424 300 -208 -661 -304 1449 -752 58 -489 -217 -664 265 -474 133 849 -926 -471 599 -585 564 959 -289 -377 -337 -170 675 479 608 -1671 646 493 -23 487 -142 -1 ]
[208 716 -391 -480 502 651 920 -46 630 -435 -12 -569 -1075 1065 -1022 -824 430 710 51 -136 -881 630 -282 -56 17 528 276 -178 105 465 -977 384 -1183 50 -425 -512 -283 -175 -622 159 298 -147 -600 -891 -491 -270 322 531 72 387 -152 -575 491 160 -522 -324 318 965 -397 -68 -656 -72 -138 -409 -1723 -694 562 123 -100 630 210 -213 429 -786 298 -359 -629 -290 -887 -646 -837 -247 -1875 178 235 1351 75 -352 12 -266 715 237 -502 181 -571 208 602 -740 503 652 420 367 904 -397 489 -953 894 -358 -343 -335 608 159 -14 126 -127 302 -44 -158 308 259 -1547 -1247 567 162 -625 -1401 0 72 ]
[1076 -653 -264 448 132 397 -877 -327 407 1347 461 -376 558 -152 -412 128 104 -935 1339 -1047 -1020 -1610 -1077 -287 -143 -781 -592 613 950 -494 -689 -354 -66 316 -217 -121 302 -330 -1506 -508 920 -194 -3 -1244 172 -1312 1182 120 264 -135 -388 -359 659 52 -133 1345 230 1143 861 962 -672 -509 -407 178 481 -277 -630 -292 861 73 -516 -556 858 -218 3 324 -309 325 -17 234 -254 -393 488 -190 169 -247 -268 393 -281 -217 -85 -229 -781 225 241 490 994 21 572 -49 832 -702 545 955 1262 270 34 -182 302 676 364 -543 518 449 630 -295 -940 349 -769 866 415 1061 301 -682 707 -193 4 -33 ]
[-344 -878 -249 500 49 -409 -194 260 -416 53 555 -302 402 574 -271 -279 287 762 -324 291 -132 695 -489 203 -400 56 566 415 1198 -296 -930 299 153 880 -559 481 134 -336 166 -107 -599 604 342 -1013 385 -143 46 -415 -1360 -1222 -664 -504 893 -616 -310 198 520 84 515 28 -394 -705 155 391 601 -307 -268 632 192 -308 57 -39 -204 -556 859 1689 -79 -194 394 -20 -949 1105 -1167 -1214 -309 -188 618 797 534 957 -719 -856 242 -301 -69 249 686 334 -259 115 1162 58 542 268 -754 -1143 1018 581 -232 343 -261 -924 309 -753 -360 135 -50 251 -496 171 -270 371 -185 379 -1001 234 -798 -144 ]
[-684 67 264 708 -498 174 39 -183 -543 299 339 -149 -649 -203 -516 886 631 487 641 727 218 -4 494 -33 -351 424 -312 -428 18 321 606 -1104 -50 -278 12 -498 -257 -316 -516 1838 -753 -149 163 192 -154 138 32 -280 156 348 1615 296 -344 -551 -18 -525 606 102 -178 -601 174 -111 -285 477 -253 -655 -527 -117 -364 -250 941 1612 -604 745 -403 16 449 405 245 69 -162 198 715 273 272 -26 -135 -378 748 848 -304 -1957 584 59 502 1584 -800 346 904 -258 -383 169 -704 267 -880 -1398 463 545 -458 26 -589 1471 84 97 629 598 63 440 -894 -29 -121 -224 -186 518 -68 420 696 -994 ]
[-155 -503 1335 -247 -85 237 514 -594 -376 324 -410 129 446 378 51 -1251 356 -128 -231 -264 630 334 131 222 -321 -304 683 608 853 -547 -625 -95 477 101 -340 -605 411 249 815 -638 230 -26 0 -424 522 339 -519 -53 -251 -519 300 60 1144 -156 -52 -623 460 -218 -53 710 200 571 111 -23 -190 417 519 199 -523 -939 500 -85 -125 -1312 -88 359 -1161 392 -233 -165 855 365 -84 351 164 371 372 513 -1017 -181 -160 -203 104 -535 -253 -652 415 -434 -90 911 174 707 -125 -470 536 104 -1337 -600 36 397 -60 -343 147 741 -532 192 66 -170 -774 123 648 -147 559 -122 -131 232 -1443 -869 ]
[1410 -598 286 -471 -1294 355 945 829 11 -320 751 1198 188 49 -1532 -289 549 -59 -367 790 329 -45 -319 34 1410 1499 1447 -407 446 -50 -634 2010 869 -342 -271 13 -286 1696 388 677 -125 -861 -375 211 879 261 364 348 312 161 582 -319 -245 343 610 -322 -447 -830 -1330 17 -329 1381 -252 1226 243 128 721 -7 -50 1074 -123 613 -326 -430 -1215 -246 -1591 252 1181 -270 287 1157 -839 26 -489 654 -314 501 1316 1107 873 -500 -1012 202 125 -1267 226 -1017 -406 635 62 -382 -883 -357 -1544 504 467 142 1488 1298 527 -26 990 127 -910 -7 417 490 1272 -1051 228 390 -253 64 -423 -936 -315 202 ]
[-505 -40 239 -78 -139 -23 216 44 185 -307 -660 73 285 61 -294 184 -309 192 -870 -210 555 -758 686 326 -531 492 -276 326 94 -370 -132 -686 674 465 -48 243 22 -729 -37 516 38 -290 -274 481 -211 499 -576 1099 -1370 178 -1231 69 -850 990 -491 -88 772 1386 -638 -258 -321 -566 166 -688 284 -96 307 -152 836 1141 -755 -186 732 -70 -197 -672 -361 -246 -1000 623 -45 -810 356 894 -240 32 534 1166 -352 -437 1119 91 -277 -73 644 -814 505 -34 -489 441 382 -860 639 912 904 235 13 -866 -467 -515 462 -97 -185 857 -400 135 365 -405 424 514 -180 -41 21 5 645 235 214 584 ]
[559 -652 30 278 -908 11 -178 787 87 1073 1962 649 819 -38 -392 -479 715 -162 -129 -65 739 570 803 -155 945 159 168 -191 -682 37 -912 793 -719 914 -1007 547 -828 -154 581 20 -349 -91 -155 184 -200 71 333 -623 256 -1318 -593 -174 -552 169 780 610 -1748 -232 -1202 -1001 210 1167 60 757 961 -602 -19 -401 469 426 -108 -627 -504 -369 -6 -259 279 633 536 687 -47 501 -202 180 -715 -102 -824 327 180 187 -469 330 -79 -25 -620 -1280 188 -907 146 -566 577 1105 -1268 115 594 942 -406 -275 1030 1164 -1064 -318 174 -40 381 -529 -14 870 -340 -314 563 267 -771 -508 437 410 673 -503 ]
[541 -332 179 633 -252 532 -979 -312 -155 -1233 135 501 -1723 -286 883 -501 -239 -392 169 216 -431 -394 163 -97 -263 -17 801 37 131 -923 236 -226 -519 156 757 -537 615 -992 -173 -21 -209 -332 585 399 1599 -496 -760 285 1453 -147 23 -172 1370 -234 -961 1127 -298 1083 387 291 908 -432 -720 458 331 317 445 608 32 -797 -244 895 -158 -116 106 -212 -1012 653 -359 -332 73 -73 -580 311 758 75 347 -716 -820 -620 -391 -29 -184 -487 -345 1006 204 614 -660 806 -699 -1165 816 -606 457 -164 -151 125 -716 -56 -861 434 -147 662 -414 580 -164 -91 -892 211 1151 493 -445 569 954 673 -1082 566 ]
[55 -274 323 173 -45 1014 661 696 976 -1231 40 283 173 776 -899 719 -172 -552 394 435 -219 634 -116 -251 800 96 446 -1046 37 246 82 199 -45 -507 -587 -1001 5 145 -1065 407 1120 972 -417 466 -247 260 155 -970 -932 1035 -44 -4 -576 702 273 -341 417 559 -549 -166 -778 -513 578 -57 688 -965 483 -786 32 353 -299 827 86 938 -800 -520 -802 109 -166 -219 256 177 -329 81 1064 -530 515 503 492 -405 1136 638 -572 663 47 -1289 950 -216 -791 -821 -190 -634 -216 -8 -817 187 772 701 49 -769 766 -285 1190 1016 -496 13 872 -191 -416 -381 -482 531 -352 -60 -1034 -861 284 608 ]
[700 -336 422 1718 -443 1378 -1665 533 -231 397 643 -345 -986 -1277 426 755 126 -250 11 -335 -57 278 93 -699 -1139 -637 -1213 585 -220 617 -839 -624 147 -112 -28 -1550 456 44 -696 173 -18 -786 -314 1079 730 -140 1095 -359 128 210 489 248 -76 -577 370 -72 -309 20 828 -99 693 -276 22 347 1559 -519 234 220 -840 -216 254 78 -288 319 888 -202 75 15 1127 -555 -988 -838 197 687 486 -296 -660 875 -304 472 -106 1109 -215 -87 -681 -106 -105 851 352 117 225 -406 -486 353 -168 1499 -1052 870 375 958 -439 -529 1541 -547 722 -189 -1013 602 105 -999 -89 663 426 213 334 -164 -181 -240 ]
[374 -388 427 467 -773 -482 -1015 700 -410 -1247 1217 -27 -1223 -197 -382 -468 739 1277 9 412 1387 721 877 660 374 897 -602 253 -443 120 -307 -193 -704 -409 221 -887 434 -1252 235 -84 -772 55 -149 1318 384 -466 -295 361 939 441 -522 -921 337 -650 -646 337 87 260 462 -415 725 252 -859 199 790 -434 310 166 -1225 601 -48 1038 -602 -580 -84 -801 -255 662 -31 546 -279 -663 -94 670 -288 110 -35 -879 746 -810 155 1184 -100 -435 -220 297 -109 615 -488 -400 51 -1105 -516 -89 -281 790 558 -369 189 777 -137 -399 676 169 419 642 242 545 513 -1491 -110 -120 -632 553 79 -230 1169 -229 ]
[429 -337 454 -568 -548 -173 1114 364 425 -936 333 629 422 -318 -55 -15 -186 -638 399 467 849 255 452 1602 -517 529 158 -17 -488 -112 -215 45 -490 -548 -68 -230 395 -575 -8 423 -14 452 326 -292 -1041 763 -1333 -223 995 1187 -683 30 -730 280 69 64 -864 267 108 -405 -296 -1060 210 228 1093 -776 -919 -559 460 811 -480 111 435 692 -2 100 -295 -141 681 194 1059 345 -423 -424 824 -1170 1068 151 -36 39 -433 565 305 142 231 40 -417 607 118 -1202 392 -428 158 -3 -202 -976 241 395 534 25 -203 -722 -472 746 -662 -63 1626 -300 29 -768 105 43 -120 -327 -721 853 167 222 ]
[-860 384 1169 1375 -653 -183 -360 14 255 -328 3 1007 -793 -748 -2079 522 -517 44 -828 -434 -428 26 -1001 -766 89 949 518 -544 -96 -486 -504 -561 1478 -1358 557 -561 597 -604 -728 96 -135 725 -162 736 55 375 797 -275 -215 235 72 106 -1821 -438 -796 -335 1239 -537 102 -744 -770 -1259 -317 1070 -142 1260 1437 -118 -62 -502 138 619 -251 -727 -685 595 279 697 632 -750 896 -208 586 833 101 -272 -170 1885 1149 624 364 540 91 -254 1301 -1111 632 1122 -866 869 -606 -539 -1250 702 -28 -1 -135 165 -817 67 146 -559 571 720 -258 689 958 65 50 -411 165 1142 -408 41 522 -412 114 342 ]
[247 -1179 -285 -859 -604 -766 68 -1051 -466 951 -438 -326 -314 -499 404 254 48 205 443 -35 -260 -1281 -239 701 171 -626 -453 -37 510 504 177 508 114 249 -1400 1206 -801 -288 -198 159 -916 -268 742 -258 390 -1118 -133 14 -871 -1579 -525 239 283 -845 817 1479 -106 -402 817 238 475 399 -742 462 -341 186 -549 1411 2029 -119 -522 371 -217 -601 -840 -106 -374 484 338 339 260 1252 511 -332 66 -333 -39 1157 -91 20 184 -893 -92 -317 417 59 -344 -394 -316 51 -272 -6 -878 390 137 -727 1 -483 -118 397 -292 384 373 -1373 -515 -982 -306 -806 361 590 551 -409 -146 -280 12 482 498 -897 ]
[373 -208 56 -775 -832 891 -628 156 -260 88 -775 -116 -1038 -1139 698 -630 928 -122 -694 -124 255 269 -8 313 -751 -213 -923 448 -657 219 -59 47 179 116 1 -487 530 -428 516 544 -359 -1108 67 627 738 194 -384 -101 138 69 10 749 8 -440 463 502 418 90 270 -103 1157 -110 -146 -451 736 -156 606 377 -436 720 785 1134 44 735 307 -285 143 -289 -250 682 -328 -159 76 592 337 -1168 634 -114 -59 -1148 -558 785 1408 410 350 406 -683 1010 -357 370 61 -159 601 -168 -111 821 -264 395 -476 -540 -412 483 502 60 -252 60 -228 -771 816 -302 623 339 502 579 -375 -118 -295 454 ]
[-417 -714 -127 243 -404 -1085 -117 475 -536 -121 -302 -251 -318 211 281 -802 994 -96 -198 652 -32 1882 -17 90 -553 69 27 433 -556 -982 -984 1096 369 515 215 -628 764 94 -339 532 -224 176 -160 929 974 -286 -164 644 248 42 518 92 -82 116 -281 -474 694 23 -172 -140 1004 1079 -384 165 799 618 -185 148 -12 -244 -246 288 -125 88 594 141 65 -667 -456 673 -374 50 -702 1272 371 -207 67 287 370 -780 -402 -956 534 118 -415 -456 -1200 401 -598 673 4 427 814 541 -218 -450 388 447 122 -351 -21 643 85 411 -343 -525 119 -390 -2 332 427 -1767 -546 283 -910 4 -12 880 ]
[-173 398 115 -41 777 350 798 682 -439 -496 -250 310 10 177 105 -590 379 -52 370 451 141 94 -1057 348 -317 497 48 571 -104 431 -272 747 -219 -533 566 -1397 1238 218 203 -253 -384 1211 239 -462 254 263 1406 112 1275 613 -642 -322 108 455 -486 -951 278 -130 -201 1138 50 56 791 209 427 -655 -73 -180 -777 -281 654 -13 791 753 309 -1189 105 635 -784 -618 -129 242 -356 -677 -49 1691 293 235 649 172 183 1246 -132 -296 104 -550 169 -465 66 -720 -163 399 854 -915 -133 662 88 118 527 -189 888 -750 403 -671 160 391 437 -76 373 -550 -959 -163 -18 -841 -756 -2 308 -83 ]
[-920 -223 703 163 286 -672 1153 -849 -493 -48 307 692 640 -476 -1587 -661 -352 155 -786 51 75 -194 304 -672 -373 382 386 -152 64 -713 661 -653 672 -762 -320 334 1533 645 -279 -295 -596 840 -6 -409 501 975 -282 853 -903 -500 486 -335 45 363 202 367 -343 508 -656 -823 -195 362 588 -209 -273 917 709 -76 -743 207 470 -241 1246 -757 155 157 -664 826 496 857 248 -122 -444 -58 -2 335 -447 -41 284 673 -291 -396 324 182 -199 -916 683 -189 -646 -185 -161 151 -666 14 -76 1266 -113 175 1169 25 498 367 -403 496 -267 1642 728 -130 -1115 -410 246 1383 466 598 9 -566 -925 -622 ]
[-279 48 814 680 -472 -58 21 404 -556 40 -963 1547 253 -6 -449 -305 214 -345 -740 -413 208 5 234 -207 -5 -508 514 -139 -534 -718 -618 397 401 417 125 321 -758 476 704 1344 1025 -117 -653 687 92 590 -336 -1129 -196 196 55 90 -186 111 874 125 729 -641 -1078 -508 -973 -336 1612 -256 306 122 1320 -1202 416 808 305 -129 -432 979 -529 586 -409 1490 249 317 947 395 -90 -219 638 -953 471 686 -353 222 -533 -34 194 808 -218 -735 984 629 -766 308 -20 80 243 73 -14 129 624 -410 169 -241 586 162 316 1269 415 312 253 -78 52 760 747 1045 -177 -306 -775 -841 -754 212 ]
[479 -678 597 -1055 703 -305 275 -331 -947 -832 -732 56 -499 -291 570 -1205 -76 -860 -580 985 -19 -575 -991 148 399 129 -511 376 448 -454 -633 1151 -728 -224 -607 334 -211 44 777 -764 307 4 735 -894 213 186 1107 460 465 -869 160 -1304 -681 -96 -856 416 -918 -1245 -59 328 290 190 111 -135 -883 542 317 -266 499 -15 494 186 99 652 -643 240 2 -687 112 -573 644 639 -51 -1025 -74 69 791 1129 -506 -441 267 189 19 325 230 -582 -695 535 -344 188 164 88 1689 -439 812 386 -30 134 441 -151 911 669 -1255 -679 -485 -800 -295 -836 308 -118 -203 -860 -68 -402 -775 -280 -105 72 ]
[77 797 -366 841 -243 468 -968 -428 225 531 -540 369 -229 -194 -81 1048 -369 41 556 -183 19 -145 659 879 -2012 175 291 -336 -1216 -830 -158 593 477 -327 1577 -1778 484 -813 -1375 530 577 12 -565 1727 535 -1197 131 1765 73 866 -739 334 -177 161 -197 823 908 394 430 491 860 -940 -185 -350 774 -7 -344 738 -87 -68 -201 -260 428 1250 185 -809 172 242 -1240 -483 -97 -327 793 1040 178 211 -105 -239 903 -277 -196 662 567 -550 -229 -153 -846 334 -183 632 -344 -1474 1597 157 77 262 -79 -903 -566 -80 53 -448 486 780 -363 358 656 -398 365 616 117 -1063 -217 -472 37 -171 1471 1160 ]
[945 171 415 264 318 -14 38 -770 102 -779 -305 -1192 -753 -570 1500 -4 -702 -421 -557 108 523 -256 642 392 -529 -369 -835 510 -627 150 260 -560 192 -291 757 1005 -122 -438 -389 -817 283 -629 629 -46 19 480 -327 -992 1211 -625 -534 362 -5 73 780 -344 -855 -562 -171 503 1068 -711 -99 -338 791 834 835 51 -121 338 -289 -60 78 764 180 -827 589 -305 360 551 1137 411 -443 638 470 -584 646 339 -803 -610 -127 993 -13 1108 -413 637 -348 1054 -351 305 74 -740 812 -179 50 627 -1041 -510 823 -982 -1356 181 -141 -133 181 -151 -469 -243 834 -1030 543 415 -876 -610 281 778 -950 -69 ]
[-215 1581 817 255 -215 59 -487 769 179 -184 -302 1006 153 -1099 665 -58 -211 -738 98 -225 538 -587 622 370 -836 529 335 175 -918 -614 517 331 170 -342 -260 473 -465 -497 669 584 67 -457 -495 574 108 324 -401 598 310 1019 -409 441 -338 796 212 537 -397 -26 -246 -400 484 -195 576 -800 682 -450 -125 -414 -609 -204 -178 586 339 -466 -484 -1365 -387 162 5 -482 1456 -561 644 109 664 -1012 -450 -253 -170 -1053 -378 1523 872 516 -297 -312 977 -83 -607 424 -900 -714 -593 -725 386 1489 -599 -989 -219 -880 167 -223 -619 770 -543 156 -420 -1156 -850 -362 -765 -70 168 137 558 -1049 860 511 ]
[-578 123 156 -459 -152 1100 1617 -991 321 549 -8 1204 469 2 -101 535 138 396 165 -657 112 29 1118 558 -614 -205 -25 -485 -338 450 -7 -394 593 -193 -1333 130 -152 592 -74 -52 -256 182 -553 -462 -584 1108 -439 -424 -268 266 451 168 -330 239 900 -737 -946 -25 1 -77 -674 408 811 116 -1283 -722 214 -495 17 177 679 759 605 -231 -1027 -287 -1092 126 391 -665 361 714 -384 297 -67 -1071 582 846 165 495 1072 -240 347 638 496 -563 -258 -1128 1208 -856 493 1014 220 422 469 -481 124 -220 426 942 -520 838 288 1020 -341 -279 940 499 193 -6 96 536 817 -1360 -192 -28 20 -1158 ]
[-40 -999 221 -873 -973 798 668 1082 72 -119 27 -285 -223 -599 -569 752 262 -1408 1533 235 387 -884 -55 -453 1069 440 601 -448 -164 -75 233 141 -231 -33 -885 237 1486 44 901 662 -379 413 234 -279 1197 182 -205 -586 -42 -293 924 564 1007 410 435 -450 476 247 -848 813 431 625 -1559 609 1360 -1846 -231 639 -635 -634 -263 1252 665 -365 -188 -396 701 710 -621 553 -226 -378 90 -452 572 351 217 362 977 -73 -230 -1986 185 -455 -1217 221 -58 -134 916 -327 201 -473 -642 -464 129 763 -9 765 806 462 909 -624 1185 338 458 -109 -52 -306 -172 -624 1186 584 -171 786 -198 -882 -682 100 ]
[-878 93 44 1290 -482 -1762 -173 -640 -1200 542 596 -1187 -205 -382 696 902 -1001 764 -515 890 634 60 -3 631 1047 -476 1208 432 644 462 696 -854 539 -1325 81 641 846 -302 -279 -374 -826 -611 231 198 -108 -189 -1261 106 48 88 -127 -132 -63 -31 -45 886 -438 7 631 30 1113 -268 -110 786 302 -115 -623 -122 -232 -62 657 -251 -431 -39 -896 -19 750 490 601 737 38 -14 598 518 -427 -1182 -747 -454 430 125 -766 -794 507 -244 -802 -8 1049 -228 -622 -636 -597 -1158 151 161 -183 -395 -998 -492 258 -254 -417 -180 -203 -454 161 525 31 -349 -1101 -392 922 585 436 274 -450 1056 4 -56 ]
[-557 -1424 -246 -997 -766 512 335 -365 403 -6 -1593 -229 294 209 418 229 -323 288 -103 -482 137 -589 284 -399 -543 29 -376 445 -93 -294 -690 -22 380 254 -663 1734 240 -141 829 -362 58 640 781 -1525 469 76 -281 -1111 -914 -1072 -1222 37 1450 -120 -136 427 247 -423 61 990 55 96 -615 -533 453 -230 -51 1162 36 -665 -351 401 1200 -559 334 1606 373 -87 -398 208 99 929 108 -806 170 149 566 1029 -83 -403 -162 264 377 -108 569 6 -550 650 309 -306 593 -41 854 57 28 -268 1111 -386 -308 125 -618 -838 -162 -643 -341 20 353 -482 -26 191 1091 352 265 736 289 668 -727 936 ]
[-1221 -115 110 -247 -14 -373 451 -225 -913 546 -1015 -749 -982 -782 -850 -714 -127 -815 225 412 -193 140 -321 107 223 -583 59 1559 220 -348 -535 -420 544 -545 -37 151 1047 -197 660 -19 113 -398 589 120 884 -413 -906 -780 86 -184 319 -244 713 -447 -692 -627 1355 83 995 249 411 691 -731 984 -345 554 1238 -469 -433 -883 749 221 -177 -988 667 245 252 -395 -53 320 55 -224 610 375 606 -782 -241 997 -429 -299 -160 -508 110 862 63 -157 -155 -905 -725 377 -190 418 -135 -743 53 210 -696 141 -978 155 -170 798 -905 226 -459 -528 146 -552 -514 322 1364 -146 307 516 208 414 -732 -908 ]
[361 464 581 363 760 -656 -665 -111 -172 263 -478 77 -971 -216 -1382 -191 1142 1016 -631 -755 -322 269 55 253 -625 -68 39 -537 -494 -119 -224 -134 921 183 615 -464 51 -782 49 25 494 -333 -1059 254 608 -279 34 784 -710 -600 -565 -273 189 -851 -443 402 933 27 735 -531 -714 -246 386 -674 -672 1002 626 -217 -557 421 549 -166 -610 -603 -107 1377 -107 431 551 231 -259 105 354 2 -799 -999 11 -198 354 -169 233 747 -317 -4 301 -627 169 759 -697 513 -112 195 345 1216 -41 473 704 -1127 -654 680 309 -1164 -470 30 361 361 -230 235 462 98 -501 1057 467 256 282 -649 -213 739 ]
[179 -366 600 -341 -414 1063 306 720 -651 -193 -153 825 158 206 -209 138 -65 -340 576 -1005 62 1110 578 -410 -288 -404 645 65 -1048 828 59 374 501 308 -499 -298 -16 162 852 1146 240 -65 365 -577 35 -104 -92 -667 725 -520 -220 1205 -296 -87 -36 -118 -621 80 -472 -246 -1156 221 -48 -182 -436 -169 -622 -36 456 -392 38 -965 96 -108 899 787 -1361 -436 -256 -305 25 627 -465 -326 -109 685 789 -90 -56 82 74 843 -129 -814 -305 477 -173 747 -17 159 187 523 815 -433 34 -78 594 -482 240 -172 -734 -93 96 -955 -636 -542 475 529 710 -65 -21 866 184 -287 -929 216 -996 929 ]
[562 900 -357 -889 -221 1346 -159 -13 560 -108 351 728 1129 1605 359 405 930 358 427 81 -506 632 182 -596 938 15 587 -3 744 -28 94 885 -824 399 690 -1127 -627 342 180 654 576 -360 181 -263 -969 -661 112 1522 558 1103 -476 -842 -1079 819 -764 1101 -1076 1567 -15 262 269 540 64 -855 42 -1346 -1383 -47 -76 276 -512 -698 798 680 403 -565 -400 -95 -54 69 -590 -1256 175 354 282 551 -155 -1404 409 -163 634 649 -486 398 907 331 -541 145 1844 97 -39 -238 581 100 326 -649 1482 -74 -413 -843 179 -153 699 1114 -133 169 -770 587 -384 556 -470 -65 818 15 -410 -55 629 308 ]
[1187 -318 -1435 -352 14 -977 -478 -812 1277 -383 383 -81 -898 -1134 -603 -733 -448 -312 210 187 -376 -1239 -203 402 609 261 146 -688 -17 -656 81 390 -276 -520 -162 733 208 -1239 -586 -1094 -819 123 -565 214 500 -93 -1199 472 -59 -165 187 -273 908 -317 -298 752 64 754 458 364 999 486 -824 602 -212 843 1476 -242 -175 611 -516 1346 -530 -486 -541 90 -1040 -939 -805 -190 -544 109 -1013 35 -185 291 -696 -391 -265 -555 -570 -1052 354 -291 -537 596 -414 -148 -732 222 413 -508 -144 352 820 -322 -578 -384 138 513 258 -100 -314 -231 605 216 134 -482 1265 -96 720 -846 -326 96 641 -646 357 649 ]
[-569 -246 52 -163 -726 -307 191 -601 117 333 -297 -882 -23 -405 195 -251 235 261 570 765 -255 138 386 753 88 -716 373 -295 -378 158 366 1592 599 174 97 -572 -519 412 402 797 42 459 -114 -685 1413 -498 -554 1016 764 -234 129 -795 201 -786 487 -360 -288 137 30 -472 877 661 287 527 -57 506 868 740 -372 -157 -77 408 252 698 -138 -164 -92 294 -1163 -596 -271 484 -1124 80 -18 699 896 -62 -223 595 -1175 -369 1069 271 -1346 1016 -680 -846 -88 1012 -542 -692 801 -732 -498 -265 -382 -526 -173 -699 -1291 1317 273 -150 449 1032 485 231 -1084 732 1049 -294 -215 230 -769 1026 -969 70 ]
[-290 -128 70 359 146 -599 45 1435 257 293 450 -533 400 315 -413 -975 1184 -537 403 303 633 549 456 1851 37 134 1138 293 -480 -309 -5 664 -966 1025 -1103 -327 -1092 -176 81 394 -459 -674 -951 -865 15 -138 -116 32 -83 -757 306 679 196 44 -462 -118 721 -353 -73 -1201 -158 -281 -438 195 339 -1046 -1332 -78 -622 -228 3 82 58 -760 263 628 357 42 -384 730 -515 503 -425 -675 -335 -605 776 -104 515 54 -683 -436 -355 -704 -1589 363 500 378 61 327 985 -121 -109 222 -6 -418 841 651 -301 -110 -262 -552 -877 377 -254 102 180 -1028 -1231 -511 -316 -1405 -833 -25 -1051 -1046 223 -572 ]
[396 -1235 -1300 1081 -28 -260 322 425 1079 117 1118 -370 776 -450 -339 -172 1065 -647 1429 -327 -63 -597 -526 444 177 180 647 586 -863 -449 -870 436 -757 1013 -78 302 222 592 139 -237 -1573 97 429 -1210 -585 637 -22 -826 -311 -280 -172 -102 804 236 -99 -38 -523 81 830 407 996 -163 -872 -143 1093 -10 -1072 -336 -194 -151 -207 -52 364 -301 669 575 -332 -370 362 158 408 667 -751 -1305 -1061 -422 217 116 113 154 -785 -984 950 657 -872 485 737 408 1442 -658 232 476 -680 407 -280 -839 286 987 1087 771 0 -2201 595 282 291 -569 563 696 232 104 335 384 -950 262 -493 193 -55 -1028 ]
[-628 419 236 1469 447 118 72 85 -301 340 -9 -357 -754 -489 730 172 -53 663 -917 -570 -57 -583 47 247 -280 240 446 579 -60 -58 148 -240 221 -292 487 59 -939 -1054 1216 20 -654 -362 -1066 354 1012 534 -303 236 16 -115 -534 -136 767 -632 1274 900 -535 242 460 -639 -252 595 1208 68 565 -236 1021 -889 441 807 311 851 -167 287 -752 238 -448 1122 -457 -801 -246 418 -666 -731 -1104 -31 -862 -4 -214 370 -331 44 719 486 -955 -93 1428 44 -433 100 217 88 537 -122 146 -149 -926 -1209 373 104 -422 -345 1110 46 555 814 -156 672 876 -472 -160 1065 1029 174 -121 399 -518 332 ]
[198 -128 -41 697 -467 -601 -1360 768 -101 -103 213 2394 459 -499 465 -597 -151 591 -1692 -90 1077 397 562 503 -507 248 -411 -579 -320 -626 -857 966 1081 245 508 -180 -643 463 56 450 -38 -647 -381 2143 -389 0 -481 543 -695 941 -741 781 -490 -621 786 1025 -164 -1524 945 -1150 504 -103 707 247 672 35 571 85 -216 498 516 138 -1255 -399 48 -111 -493 451 1420 -83 -1 175 118 826 -246 -1096 -540 -731 1181 -670 -713 518 581 27 1368 -934 -89 1139 -408 675 10 -45 -365 599 -517 64 290 314 185 426 596 -246 258 -179 -155 324 -298 -177 798 -1013 -589 -326 -62 -307 321 -940 1648 833 ]
[193 313 -73 -201 -150 160 812 -654 -1214 -190 484 141 -550 100 -115 774 590 523 626 -485 -650 463 -291 -74 145 444 841 605 148 -125 474 -420 -535 -249 -103 -845 1005 -1120 82 -626 -788 149 -465 -469 1176 -104 -61 -247 876 -772 -26 -829 543 837 208 612 -346 323 -213 828 347 -654 -338 350 453 929 -213 403 -35 -715 236 429 1282 1054 -751 -930 -467 536 496 -221 396 186 682 -280 -444 682 373 51 -148 -272 710 1128 370 -170 -577 -773 808 134 287 188 -233 -421 504 -340 2 -891 -487 -388 1125 357 251 -928 1165 1271 -709 -434 412 476 38 -9 1022 1033 -799 256 -2280 909 -419 139 ]
[-1524 -281 1564 945 -2 571 -9 468 -109 -130 -366 131 465 668 28 -767 -562 954 -1381 -264 36 1240 -1311 -207 -337 -340 -151 660 194 -365 -462 -751 -29 -86 296 -950 1369 1884 -541 -1258 795 622 721 552 -351 687 1384 -233 -439 62 -305 544 -493 -172 -297 -295 751 -504 30 173 -862 264 584 60 522 -364 -438 222 -149 -211 299 231 -53 -645 535 720 115 855 179 -158 -8 -277 -2 293 -313 670 80 724 -209 101 354 1347 -112 -55 579 -1099 223 -192 -46 -77 274 869 -1040 76 78 485 210 190 -61 784 263 -725 1127 -149 -858 -192 678 194 -839 278 -529 1069 988 -199 -4 797 -257 494 ]
[554 -88 -358 789 -584 501 -125 299 47 -114 296 -245 583 668 820 429 -102 557 -97 -140 147 553 502 909 -88 192 -456 87 -666 888 1083 369 -279 -309 -687 -357 39 -127 -183 222 -316 3 -743 1555 -414 105 -613 773 26 8 682 480 -191 905 505 630 -798 186 -366 620 901 417 -354 -117 861 -818 -1410 170 -719 1043 -495 17 9 -323 -733 -1191 478 -109 533 259 -708 -463 307 534 -133 1183 -795 -1700 809 -531 -92 -78 -452 -46 -297 -1039 -65 -647 1176 -1508 44 584 93 323 484 431 216 383 733 801 235 -6 629 -454 530 330 477 482 811 -1702 -278 -1583 507 -124 -110 -389 1198 -483 ]
[806 -1019 -848 370 -78 -33 528 -312 1074 -347 676 -514 -33 -65 778 9 -599 -431 -129 270 -280 -893 343 -785 388 513 -233 -1127 359 558 -25 955 70 772 -877 910 -327 415 -393 225 -532 470 -293 54 444 -20 -1068 -1 -970 -350 531 -222 902 372 624 419 -902 266 451 201 1150 -413 25 -1027 771 -329 671 387 -71 -559 -139 714 286 753 226 -57 801 -78 176 -263 -909 363 -1579 -232 608 135 -46 -328 -643 227 -257 -821 205 -411 -540 547 472 1268 484 81 -106 243 -249 367 208 -231 -78 1535 -110 -482 -114 48 31 825 1000 757 73 -633 -4 236 340 -642 -1169 589 235 -401 -1319 -281 ]
[-100 435 -1140 -812 -534 21 445 -128 1130 540 -527 -103 246 427 366 404 -756 393 654 -679 -1145 -312 -306 -1097 695 -98 383 434 74 -154 -182 1570 319 -39 880 -725 -63 157 -144 127 97 22 -761 -41 38 -685 694 996 825 800 -991 138 326 114 -665 1070 273 613 466 263 946 -262 -374 117 523 244 -723 508 247 -1246 -629 -29 1285 305 413 -334 369 76 -1436 -794 -713 -798 352 -810 628 391 246 -472 565 824 -145 1110 393 328 111 -289 60 -73 235 235 -512 -211 1186 -1067 752 62 -150 458 -646 -177 443 -611 837 43 -150 348 -85 -1060 -187 1183 -169 33 214 364 163 638 269 1456 ]
[-631 -33 203 -671 -187 -1306 1538 462 -246 -554 -804 -779 972 -41 320 -60 -519 -1044 1114 91 -474 130 -1228 549 23 -332 711 632 203 -896 127 976 101 -781 154 -1134 1742 145 426 237 -447 259 1020 77 104 -261 572 -713 339 -126 -69 -249 -25 701 378 -83 -302 49 -197 396 281 191 628 121 720 -142 -887 -180 -542 -674 -398 261 191 537 -55 -221 449 -97 -288 624 -411 -651 586 -804 1068 859 924 -1607 -272 423 -889 -519 99 1152 -319 69 300 -307 271 -1179 -717 237 73 -466 342 455 -987 507 1106 170 1235 -808 835 -671 -161 -157 -599 -915 -1098 -126 -555 179 536 6 -612 780 183 717 ]
[376 -227 302 -473 15 -368 1498 153 -188 -1048 -160 -585 878 162 839 103 -999 -870 -774 891 939 -66 -389 114 149 1481 -130 -208 -139 136 421 562 -358 624 1383 516 513 745 202 -570 189 127 1227 -184 -345 1057 -617 -448 527 516 601 -266 -1016 610 -295 -1107 -411 -697 -153 580 394 -538 152 -1241 269 703 104 -11 -205 991 328 -517 -210 1370 -153 -545 1233 -1475 676 184 839 244 -454 -140 -149 -360 -500 -468 -731 -858 596 633 580 -489 403 -625 -1215 -199 587 -335 -258 612 257 90 -600 -1023 176 608 339 -729 -861 -378 -107 117 -482 94 1109 835 192 -70 -336 -218 -219 263 -1222 550 -607 -111 ]
[193 -993 -200 588 -242 -1011 -482 -109 -35 -304 22 -1096 -738 -1775 1169 -258 1160 85 -231 -45 64 -935 210 565 -852 -550 551 328 83 -930 -1020 703 -262 601 -1117 -678 -83 -222 517 506 -1247 -845 -98 -285 1155 633 -487 312 785 -645 -266 261 -661 -99 249 1238 -1050 -378 737 -1272 159 223 273 -654 670 56 -4 124 593 904 209 -63 -613 694 -842 135 240 -116 -241 501 547 94 -585 -433 -344 -1312 219 -598 -447 -12 -927 -962 541 555 -1557 750 59 1058 -18 -746 95 -872 140 394 -26 357 -698 -932 268 -596 -222 -745 763 100 1589 -484 -1060 -86 -604 181 469 656 205 23 221 -128 -521 31 ]
[-271 -816 0 -977 204 -461 1265 47 -748 -834 -611 -140 -606 -289 251 355 -354 648 471 678 1036 -94 1662 1104 -57 916 694 675 362 -1147 208 -390 -384 405 -1017 993 -463 -800 1713 145 -1066 330 454 27 445 772 -1093 -368 -757 -1164 -879 -1045 1212 125 1100 -534 -110 -1 -456 580 -561 1009 581 183 1139 -900 -223 875 -20 -544 -27 2092 -668 26 -712 -172 -102 224 140 660 582 866 -204 -285 212 -716 -221 546 -996 120 -60 -699 412 433 -919 214 -131 32 -9 -869 1378 139 440 -1153 -734 -1078 226 -830 363 632 -219 -71 21 596 -729 57 381 -13 772 -709 647 -394 -899 -27 -605 438 -394 -490 ]
]
