[[-99 329 -435 -357 938 -606 -467 -578 43 -181 -521 524 190 38 -6 339 335 -353 370 -22 328 -82 -212 -14 -22 359 -318 395 -412 141 -19 -864 -146 -104 -82 -278 -123 157 -463 238 225 427 556 620 358 -367 -436 898 427 -269 230 -630 561 -138 -316 -51 698 -105 -92 404 -445 837 -926 48 164 -152 -703 375 243 727 -578 -349 518 -192 262 496 -72 520 -387 -959 230 -374 156 18 388 -28 -338 -330 -45 465 199 293 533 -488 -126 385 1034 -167 323 20 379 -966 -649 374 -65 204 -769 -786 1075 20 85 125 -181 308 235 8 -694 -179 -117 -454 -1135 493 -1111 -684 156 616 450 589 ]
[-139 64 791 -142 -905 88 473 -526 -223 -575 491 -957 104 -144 -580 -51 -498 -21 -213 270 47 734 -478 189 -574 -207 126 437 552 843 -202 80 -13 721 -502 897 394 283 -374 -383 89 294 -52 -3 -387 -445 194 -577 484 404 -283 368 -148 -711 177 -221 -624 -291 -244 -650 463 -428 -224 586 449 225 -89 63 170 103 -32 242 493 740 -419 -838 737 -640 128 128 -514 168 518 152 590 -550 829 551 -618 -601 -273 -527 -271 134 821 87 522 -1006 302 406 -268 603 -63 705 -118 -294 -242 -233 -673 591 -198 -4 278 -363 -98 -522 353 120 -455 -597 134 205 530 -880 632 197 -10 -963 ]
[609 203 328 -514 1112 326 -58 -881 -460 -746 80 -442 22 125 -760 182 -537 -208 134 -202 -201 899 341 -766 -369 735 88 -403 -325 416 -622 470 -594 -800 -149 840 -49 -50 -893 -51 -850 617 152 805 -616 -184 -85 -326 850 294 33 18 360 414 109 40 18 -458 -512 -255 -179 -29 -965 444 -120 -420 203 44 197 273 -461 48 81 427 542 390 119 422 -545 -918 380 -530 266 232 691 -20 76 -1019 41 -100 -450 -360 144 -316 96 156 699 -1142 848 -26 422 -539 2 1555 -554 -278 -292 -284 869 116 795 -159 214 751 357 846 -165 601 109 -77 340 87 -568 -933 494 -226 -105 366 ]
[326 -903 -758 431 408 23 992 300 -888 143 -147 576 -107 885 368 140 1132 -167 -111 -429 -250 216 1 -658 342 828 -227 -558 39 380 -665 358 -565 -842 256 209 123 -123 495 484 -750 -535 -467 77 -488 -537 34 591 199 60 -3 -426 738 601 -332 -417 317 -557 343 -582 312 846 -173 370 176 -1067 415 -302 229 45 -81 179 -137 -701 563 1055 184 257 -150 -730 990 -110 -26 453 -26 76 -371 -752 -328 892 -204 -53 668 -822 -225 22 -297 340 -327 -524 761 -1503 162 723 -448 104 696 390 737 -332 1165 -600 213 516 610 948 1 519 353 881 154 124 -423 -262 -236 794 567 881 ]
[-38 -57 -483 462 948 -521 654 -616 202 -560 -212 -484 -429 -154 368 -392 -421 -192 180 111 621 696 1232 494 -172 -329 130 -710 -109 27 187 181 -558 -716 103 -517 -261 -248 904 219 -834 288 -529 264 912 -85 363 -146 73 -816 -299 -181 370 693 -255 -282 559 -10 -78 -144 -630 231 -769 -435 -431 -512 542 -98 -72 49 949 -200 -349 551 420 754 235 1024 -520 -641 124 -937 -290 164 -815 324 7 -843 -250 332 -401 973 -464 -221 358 164 -276 8 158 59 308 -891 142 -90 -1074 881 321 -69 378 -126 1033 599 -68 50 604 721 -550 -69 -55 200 585 10 439 22 -668 237 -258 551 ]
[420 210 -149 -9 871 509 -1499 -235 558 525 336 182 92 -249 -101 871 -506 -174 -392 190 -345 -102 -175 -959 149 167 -149 -258 -479 -854 652 58 1106 43 414 182 -305 -957 -356 485 475 -741 304 2 207 413 85 74 -472 727 -268 -811 -63 -402 423 420 383 910 -551 702 -257 -522 341 14 -681 -498 763 525 -42 193 -554 1070 156 -690 -570 -406 -645 415 283 697 767 531 -777 63 302 866 -140 742 1359 -787 461 -98 -524 7 -811 246 54 254 243 103 144 767 -122 -411 481 -253 -183 -290 386 -533 -734 -446 225 596 -876 -59 97 90 424 446 978 -689 -461 108 376 -490 -558 1560 ]
[-35 94 -904 1053 451 52 341 124 225 389 780 207 299 763 757 610 691 -658 -377 196 -242 -787 -514 -189 572 -429 -510 -254 125 -385 -491 -97 676 414 33 -523 -316 -220 831 1197 -335 -749 -811 -997 615 231 1449 773 -261 286 -827 57 812 161 -363 -275 936 137 261 -315 -67 1054 229 -866 263 -611 902 523 -242 38 67 342 89 -280 -104 -585 350 -158 -486 454 765 -45 225 -239 -19 955 320 -171 -76 375 -34 461 -481 -685 386 71 -758 807 -250 -275 816 229 -398 -1051 -437 1421 -181 -44 138 -460 514 427 -262 -17 211 228 155 53 387 -390 717 274 245 675 -1112 833 527 768 ]
[-286 -546 -150 -711 -974 143 476 637 -159 154 -124 927 -624 779 761 -610 -141 250 238 71 120 -115 -190 470 -188 -684 153 -720 -157 186 -353 130 -292 328 773 -227 -183 -301 518 -894 279 599 591 -275 -168 -145 -247 -103 -226 -356 806 -197 2 235 957 341 -933 674 664 -588 290 -572 612 -128 168 -262 80 303 -230 -119 517 414 -367 -157 627 -163 -308 345 283 241 -212 158 -46 -155 -1461 -114 239 -49 -146 385 215 305 578 24 440 -288 -31 680 202 126 253 248 539 -374 -193 -1326 320 91 -618 201 -337 -960 184 -1066 285 110 -15 -291 -908 514 -822 295 69 270 397 -288 170 -636 ]
[629 -226 505 366 -656 639 52 830 194 1100 84 862 -454 244 -124 -511 146 386 -161 -593 -38 38 447 -70 403 340 -154 836 242 -162 258 147 -267 89 763 88 174 -114 613 -449 -64 -613 -602 367 -413 844 -187 99 -734 147 -373 -116 378 636 319 425 -758 -1092 729 107 991 583 1070 748 -319 457 -90 -301 480 -528 77 -262 -695 96 -335 724 -459 -528 293 230 437 1186 -30 76 430 96 -326 417 193 573 -299 411 -352 161 -940 -811 -679 444 -759 -406 270 -917 954 432 402 -894 1053 762 -1195 -298 116 410 740 322 27 416 659 -427 976 378 206 -9 -78 444 -647 -4 401 613 ]
[642 294 413 -144 -987 836 -247 7 48 -147 -137 1299 298 147 -409 -13 -141 -227 176 -246 123 -93 -589 -305 -268 351 -125 654 544 625 -78 -579 -235 446 399 361 -136 -383 -768 -848 974 -84 -5 686 -984 -724 -675 -62 379 384 56 -816 994 -250 1127 348 -301 -1106 106 73 1590 394 -97 1099 124 279 -1432 58 393 330 -231 -179 542 435 -288 252 632 -254 533 -1115 -579 884 728 685 59 -483 -308 743 -699 368 -84 -100 1210 114 -632 -972 467 -47 233 44 -654 -682 918 473 -496 -375 269 -505 -10 235 -431 -259 220 -681 598 -397 201 -72 -854 19 -1058 837 -734 -1718 276 594 548 -19 ]
[121 670 744 -1013 95 -954 -63 -121 -307 150 -444 -215 -517 184 -295 102 -528 -563 151 -324 17 133 -294 589 -4 303 24 468 -1150 991 -876 -789 -64 781 255 185 848 873 -1276 258 -609 776 1000 1021 -262 437 -982 548 -33 -37 147 375 -87 -92 -48 733 -506 -719 404 13 -11 -49 390 -375 410 685 -301 590 4 111 -219 -1058 -287 -103 456 -273 480 -340 -139 635 -166 -213 725 -525 1346 -937 -82 -159 -555 -105 -434 -152 60 -879 -354 -477 1110 -1370 -328 407 -6 -628 -439 1097 799 -892 -1033 327 -37 -124 343 -188 -227 232 -38 243 4 -147 718 -599 -1258 257 -224 -426 219 72 348 -976 ]
[42 -304 -385 -118 -694 594 -392 458 -267 747 -271 339 -847 919 19 53 319 -105 26 -267 -900 -116 657 16 355 784 -105 668 -265 16 11 57 105 244 -522 -343 390 41 187 -402 -153 -1080 -601 333 -922 408 -523 -339 -883 735 -636 338 -15 85 687 709 -868 -498 614 339 1036 144 1341 890 -412 811 -423 180 -12 -50 251 -377 -494 271 227 155 -791 -633 648 -207 3 687 69 106 -908 126 -1284 32 -159 1192 520 -125 418 -143 -925 -788 -260 636 -924 -609 -721 147 281 1 470 -325 1704 1732 -698 128 -428 -1050 83 -168 -6 574 330 -239 151 48 -197 -548 -20 712 -930 -460 -276 228 ]
[735 -133 200 -564 484 -915 -334 -178 -659 150 -543 99 -93 -759 427 55 306 41 -183 46 -265 -332 -349 -1244 264 260 -542 -415 -846 -274 170 -240 473 -858 438 -244 -19 -297 -199 1364 -299 65 552 408 703 -567 -1495 233 493 -743 628 -1364 66 -310 -484 346 807 -437 -279 185 -532 -851 -1064 70 -401 -676 -434 -903 101 148 -453 -423 57 -1466 172 657 -615 683 564 374 726 -151 -943 602 466 -198 -510 -625 850 -364 127 -558 -30 -1013 -1088 6 421 -17 -275 211 -307 -347 -124 -262 1308 295 -469 -402 1177 -463 957 -111 -14 526 -454 5 -348 815 1052 266 404 -312 -80 -23 1256 46 -773 251 ]
[-592 80 -461 -1033 130 732 -431 561 -157 -346 432 939 1484 275 410 -138 753 267 198 -163 75 -1267 -950 -226 718 -57 -1212 94 -607 -804 -648 265 -3 36 -789 -1064 -857 235 -354 574 87 -273 146 -465 77 0 -115 1 717 -955 744 18 -558 -291 -720 -227 1138 -718 125 187 27 361 -629 -333 123 513 -1315 -555 -300 -224 -1470 -1323 -283 -994 410 5 -897 -105 727 273 -282 -115 369 -133 -5 895 -852 -848 161 1175 493 -251 469 127 -568 488 149 679 -472 -634 -23 573 -431 -1189 380 1169 -1132 -404 895 -42 -250 -110 -107 401 9 -384 337 511 -230 -1208 -1235 772 -1113 1160 343 -269 -85 380 ]
[-86 -501 93 -222 -1043 -283 120 580 -484 193 192 -218 190 -786 24 -222 -350 592 -432 337 1310 757 -352 714 -587 -484 -149 -207 -737 -104 355 -550 -106 434 1208 -325 72 -265 -102 -90 -223 -182 535 331 960 364 153 -416 -35 -1008 831 -2 -826 23 50 -15 -263 157 -312 499 -145 161 794 -23 -192 -473 337 -30 636 44 -594 -25 -39 -564 -478 93 83 581 1009 941 -279 422 -401 -269 212 183 470 961 -41 -101 470 329 -728 931 -395 160 963 -1007 -382 496 747 -248 178 14 798 -1291 -591 -88 -338 -817 -236 791 788 544 -769 -199 380 -62 -208 143 -618 -286 -238 -224 444 -155 1010 142 ]
[-457 -57 171 807 248 384 -193 -412 -446 310 -537 -1640 120 -519 -1088 766 -1062 -583 -59 143 -754 869 612 774 -510 66 206 -647 -304 219 366 -327 254 542 -584 126 768 654 92 204 270 582 -152 -187 186 -196 494 -1145 196 721 -525 915 -272 -287 15 -580 -773 1029 -466 -173 -1002 -89 -333 -26 -318 -542 826 -300 -157 361 524 528 301 756 -297 -369 338 -308 -712 -165 32 -133 -273 -304 966 190 941 -875 38 -814 421 -332 -941 321 1018 635 38 -258 928 11 -424 212 -490 625 -109 61 129 380 -64 -656 5 140 -180 202 -293 59 -124 313 252 -592 895 -518 13 -18 -420 65 -697 96 ]
[168 143 130 1083 42 747 -39 186 -381 119 -293 458 381 45 -674 -242 -41 983 -156 -278 -790 -635 392 -1099 -426 140 -161 -1117 328 -194 -258 502 -145 -1065 659 -233 139 -246 -831 -363 -278 712 392 -744 -359 -424 -435 -891 699 527 1116 383 -335 453 870 -496 -557 622 -655 152 -497 -560 -345 -219 -146 -385 -479 -1086 97 -319 121 -418 326 -280 148 -365 -540 -960 -503 186 69 179 -271 -5 77 -621 699 -1158 778 -706 344 -1005 -273 621 382 -280 -815 587 1371 -198 -147 1323 489 -556 752 354 -136 -143 764 164 -374 885 -260 -370 -1046 103 159 556 -16 929 882 51 -233 394 652 301 -484 -725 ]
[-410 -30 -422 16 493 -39 -70 151 277 -127 817 172 -403 140 925 51 -268 542 198 628 -19 1260 383 304 -71 -13 208 -307 -557 550 190 991 52 132 -81 -243 12 -284 316 -548 -617 -624 222 -717 214 702 17 -759 161 -14 103 140 -1256 -668 697 -891 -219 1326 -203 430 -350 -348 473 -198 -649 45 1156 619 -121 -271 501 -427 -197 -302 35 164 -462 541 561 101 -463 -1035 -123 -512 -1311 -166 -108 -99 622 506 2 390 -988 279 -367 413 26 -77 170 -40 444 615 -699 -292 -372 398 336 697 -310 -69 -1121 -690 253 51 -906 119 626 -506 -990 1054 207 -225 386 919 94 79 -677 682 ]
[364 562 461 72 745 114 -911 773 388 519 1067 297 94 -130 283 -330 10 1166 -511 -512 -212 307 328 -759 -253 431 33 -21 -261 -650 542 728 189 -1234 495 -181 -40 -102 231 -259 -761 -549 442 -698 -498 940 -130 41 -249 -329 140 -250 -371 84 -74 30 -17 117 -457 1176 150 -584 585 -786 -533 1265 383 -68 -12 -788 -305 -696 -635 -1085 34 519 -475 -665 371 991 134 860 -377 143 139 -1343 -467 -179 967 -640 -711 -258 -339 78 -924 -255 -1045 -541 -197 -82 338 635 -418 27 894 432 88 -304 -496 -229 79 1038 87 407 -1204 -138 875 371 1078 900 1390 -101 181 1714 409 -578 -342 328 ]
[122 151 -315 129 40 -422 419 -82 -433 154 -821 -1884 -61 -782 23 976 -158 -722 -56 662 -346 -87 361 511 438 -20 807 623 420 288 192 -43 357 -207 -1023 -173 697 1562 -403 747 371 282 60 339 806 175 325 -586 217 2 -380 1268 -316 -514 -862 699 430 88 -470 379 -1041 528 -376 -754 441 138 611 -292 -61 130 892 169 483 587 -139 -655 -9 585 -897 -825 -888 -1491 398 -462 1110 172 82 -411 -1009 -143 123 -489 -208 -306 243 420 902 -899 197 184 -578 348 -419 -225 36 829 -33 1104 -4 105 339 347 -465 192 463 19 -247 -280 -136 -687 -31 -1376 420 605 -941 -528 -432 -997 ]
[242 -412 -419 283 -1331 1136 952 47 -790 589 -9 1110 -510 856 -335 -415 633 737 -444 -144 -986 -47 -153 -908 -125 339 -201 -89 940 524 -608 699 420 -190 790 39 510 -779 -258 -529 390 368 -342 -98 -539 -171 -498 -422 -112 1075 260 374 -53 109 843 67 -711 -346 -161 -684 347 369 -104 1064 361 -469 -239 -312 702 195 289 1090 423 473 485 -251 0 96 -509 -726 -358 1095 340 125 -122 239 676 -286 -157 516 301 -1267 329 228 203 88 452 415 1403 -316 273 370 506 75 56 -119 1207 1099 -486 159 -219 -286 396 -324 325 417 187 -338 -988 137 -131 212 -643 -508 96 1219 68 -352 ]
[-721 122 720 -537 252 622 -855 173 -405 -398 251 49 457 51 -1491 -325 -997 290 840 190 48 291 -77 588 176 212 -418 844 -907 292 -486 44 -755 565 -498 660 111 379 -886 -474 -373 1520 -243 -208 -341 689 415 -1065 975 798 261 626 -1007 807 452 -720 -1080 -88 544 8 -265 215 663 496 0 -71 -200 498 11 -319 -1287 -984 -148 725 98 -602 88 -243 -616 -228 -493 -408 731 -1131 740 972 840 -445 236 111 -695 598 -448 845 237 611 717 -416 792 -494 716 -413 -703 1467 -283 -708 -742 480 -448 -332 -495 671 -157 380 -170 387 -309 -156 -138 -1419 -699 827 -807 116 -418 247 344 110 ]
[-980 -383 -303 -34 -685 631 1570 927 347 497 -349 1268 382 752 53 -1314 486 1597 -914 -636 141 -38 965 774 -129 -879 80 -245 624 -394 929 634 -834 -552 1063 -849 572 272 822 -1106 -191 -107 203 -490 212 323 234 -267 -291 -599 376 445 -147 1386 849 -21 -679 406 31 73 -459 595 984 -681 247 -203 195 -504 979 -379 674 137 -65 -56 547 480 228 102 -150 285 -251 1520 125 -238 -351 -659 185 -47 -557 29 599 237 287 1475 70 288 -697 477 816 -53 764 -168 1213 -720 -195 -614 222 247 -853 320 -60 907 431 -614 -43 -309 452 -666 216 815 -23 69 -204 1085 -342 -111 386 -269 ]
[560 155 -76 -374 -533 -760 510 -181 -123 416 -695 223 -440 -1407 -88 409 468 -86 829 -215 -384 -883 7 -26 623 -70 -406 469 -143 -388 1037 -798 314 -127 -128 -402 109 247 768 320 383 -731 -683 767 858 -35 -537 188 -471 -270 -580 349 535 427 -286 526 244 -20 530 -306 -444 51 -94 448 -500 -100 -692 -393 58 791 755 -284 142 360 -185 1002 -771 995 235 -913 336 178 -563 476 -694 -611 -379 86 -74 -92 936 -258 115 28 -849 -196 210 341 -516 216 -589 -370 294 -96 433 -175 739 880 690 51 907 -29 -699 -410 606 -280 -666 -721 805 346 -397 -586 623 303 193 -419 168 -494 ]
[-481 370 89 -922 456 197 -189 -486 1338 -583 -291 -914 -115 248 -186 -234 -541 -934 -158 12 -86 695 756 817 625 -228 669 333 -921 896 -248 -63 -212 1721 -1025 36 279 928 -90 161 231 -685 301 874 -47 528 -229 -528 -139 -356 -801 689 -190 -321 -541 806 169 23 -63 -594 211 79 -92 233 156 646 452 -429 -556 -186 195 97 -159 742 131 -200 503 115 -772 323 -987 -433 621 -340 1006 -98 -585 -517 -656 301 -199 140 -539 -364 199 -147 586 -967 -458 -456 -484 -235 313 446 -556 62 -135 42 -868 331 -271 -1365 541 540 361 311 723 -166 211 -1107 240 -432 363 -74 -273 -935 -1161 201 ]
[-105 815 -482 -848 30 -244 -1007 383 276 625 132 1459 535 -609 139 -989 72 581 264 -384 -518 -472 165 -437 -14 48 43 331 -730 -498 198 -409 -87 -17 1048 -373 -372 -107 -261 120 752 54 443 -457 316 615 216 397 253 -629 738 -52 2 703 -278 160 407 349 106 580 -942 842 355 -99 -238 464 -1004 -64 254 -487 -750 -301 550 -551 500 177 248 -322 -503 -711 -944 1033 211 -452 220 -1054 -132 -149 422 -10 -124 -311 756 797 -975 -182 -75 59 808 -292 406 -67 39 -398 101 512 173 -583 -131 -494 511 1313 -497 294 -682 -451 33 -17 288 -645 -543 216 -667 361 -115 -330 378 -695 ]
[606 -254 502 -15 599 -287 -732 209 149 325 -312 -405 -531 12 496 260 -146 -225 821 -602 -423 -619 750 -583 -258 631 656 966 918 -848 111 361 199 -857 167 535 -430 27 52 -106 889 463 -426 15 64 -176 1078 508 -284 -676 -273 -425 745 -382 83 1099 -17 -509 487 139 -619 -1055 -154 -141 -625 696 -439 242 97 -164 257 -54 -398 -215 -82 -171 -960 -647 -48 -466 667 89 -695 287 -562 -234 -100 191 531 -257 73 287 588 -365 135 -759 -646 578 -198 516 -95 182 178 -24 -195 -553 597 213 -261 -47 496 745 368 -30 135 -34 -407 -97 515 256 333 -588 444 902 -151 -1632 -118 -226 ]
[-1036 407 -1610 271 641 -522 199 211 530 266 -393 337 -135 -478 -341 326 560 -440 648 -1542 886 -623 927 1340 -297 217 63 -1438 -1203 -215 -893 -1336 299 530 540 -1627 -190 355 -149 289 127 -446 594 467 107 453 457 49 -802 -1284 453 1253 -926 293 -1387 -335 730 452 355 560 -884 333 139 -1728 -271 1216 -969 179 -671 -477 567 -1052 -591 -320 424 475 681 -189 -962 826 -1263 -86 -37 -96 -78 -1044 -192 -621 -361 112 427 -77 -529 89 185 -184 -168 -569 -271 259 116 -175 -927 -291 100 1104 -412 615 472 -1331 485 1313 -534 468 -973 -418 138 -587 255 -60 -995 912 -854 1307 -378 751 587 137 ]
[-227 -197 -968 -140 -1759 -590 61 767 -1295 779 872 184 -405 -571 442 127 1254 -138 324 -93 -818 -277 -631 -401 -131 741 343 187 155 -216 -312 -124 653 -353 414 67 47 -343 780 -131 678 -43 -729 -555 -257 95 667 -336 -171 259 293 641 -265 -320 -1094 -843 -655 246 791 -312 36 105 437 198 584 717 -551 245 -448 -121 -46 187 733 -448 248 -215 -163 -666 722 -501 -416 408 -51 297 -1023 -609 897 788 -308 -331 144 -726 709 304 287 -57 30 -69 44 349 80 828 -1152 228 981 -246 1623 633 -447 -820 68 251 -376 -902 -432 -924 18 -359 -121 -302 37 392 31 314 15 876 1058 -1621 ]
[-154 -65 -351 -115 686 168 1537 275 774 -196 -412 1065 -401 -34 -70 34 551 814 272 -373 564 -157 220 176 640 -245 212 -333 241 12 766 685 463 -490 414 285 332 4 -601 -75 -230 -270 -22 -526 -99 274 -1123 -241 -507 439 -493 217 -881 410 437 62 791 -34 7 389 -248 -767 311 -373 -379 120 325 96 -343 -348 362 -274 -285 4 -239 300 165 931 -711 -167 -273 -830 -366 -126 -60 -443 -519 95 -67 -13 111 -26 -367 101 -826 836 335 -299 213 92 132 19 -106 -127 -233 657 -307 1298 -126 436 -26 -328 -863 -66 205 -182 -12 -890 -119 1316 202 148 521 1275 113 272 -712 329 ]
[965 277 1035 -522 -558 142 -187 528 451 -257 671 396 409 -1314 490 510 -2365 -755 236 319 308 934 -771 22 -5 -354 149 296 397 663 309 756 284 706 1040 988 -179 -285 -649 -464 1317 -143 -20 360 127 -419 76 -170 229 -269 -217 -605 555 -1140 293 661 -112 636 733 -707 412 -540 414 -164 -110 147 455 -57 -353 -357 73 660 378 -863 -990 -559 179 613 1122 -159 -840 -82 133 172 583 -883 661 1635 -303 -938 -776 193 173 257 -1004 -954 -306 -109 -734 645 -543 486 534 227 -358 -690 -264 -146 27 -311 -878 -1499 301 -460 284 -661 585 -436 -97 1193 -185 -319 825 -1069 1045 -653 -329 -710 ]
[-406 -448 -275 6 382 -836 117 -194 -782 383 -1093 74 -412 438 -424 -368 1056 -165 584 -483 -463 -1163 -264 -408 186 -76 665 -704 218 -53 -1174 -524 -423 -421 425 223 -503 278 168 472 17 832 697 -111 -44 -726 -6 641 -9 -188 112 246 -33 775 -400 -357 -366 57 143 -968 -237 -897 -515 -652 292 -657 113 319 90 -25 402 321 -578 -371 1068 203 607 72 -1157 276 398 498 -338 290 -230 37 -211 -1376 344 -752 -93 -581 1052 -382 910 414 -547 131 903 296 350 -623 -115 -37 -5 106 -457 247 235 -222 1110 369 -235 -442 260 -93 -951 407 250 160 70 672 264 118 299 311 -307 -360 ]
[-194 -977 -337 1147 -226 -1306 1643 -467 -1184 245 -202 -1009 -228 -216 -193 413 -105 -465 -152 -127 631 894 186 680 -1147 -545 331 -1618 225 113 303 -264 -362 504 913 308 263 -163 320 -143 -647 -917 340 -100 126 -1050 692 413 -600 -51 -588 306 185 547 -228 -766 -655 1729 22 -614 -260 -50 624 -193 -48 -1472 1309 977 348 942 499 1538 387 -537 -108 -171 1366 -99 653 638 844 539 -1342 449 -569 -1249 361 398 -262 -1257 450 -381 100 547 668 241 -628 71 -179 819 162 306 -47 520 448 -1163 -653 85 414 -231 1044 -941 -246 -513 -725 -150 -370 184 85 1637 -119 -321 1135 -540 653 -72 892 -758 ]
[405 529 543 -723 1052 -135 -633 -19 373 -105 -850 1080 -545 674 -486 314 308 132 116 -81 -539 -1264 -218 -1120 447 -5 -655 502 113 -389 70 -569 -1046 -1260 -553 -104 -650 742 -344 -428 -859 777 1029 360 -961 623 -779 674 818 917 358 -736 556 1090 938 1251 -178 -165 124 338 110 87 -257 -649 563 -410 -441 110 681 -515 -334 -748 431 -353 612 169 -918 740 -875 87 271 -266 788 -364 27 -463 -1283 -476 527 426 -125 90 294 -364 -664 -695 583 153 342 -470 354 194 516 111 487 -572 -178 206 860 830 -382 688 34 -10 -129 173 -304 -324 1192 247 -4 13 -1009 185 83 -230 88 355 ]
[-591 -308 315 258 418 78 1817 -135 -112 -1523 393 -223 -667 1313 468 159 -370 151 -195 -919 12 -407 -6 347 -490 -78 -1068 -1739 -23 95 -1116 1200 -548 -816 102 292 232 -309 -109 262 -2162 215 -508 -951 -909 -63 313 519 -310 -53 -327 915 114 619 487 -62 -39 -160 664 -1376 -383 -903 138 -663 191 -910 125 -30 -623 -42 755 -392 -1018 -287 564 -814 -144 -301 159 1040 1187 -858 -223 -262 -945 -665 107 -636 -814 715 223 203 -110 -678 795 -365 -1065 -76 -1143 -65 861 769 710 -494 -378 -39 23 882 1545 606 722 -616 294 -49 314 1187 574 753 368 1182 829 -225 1124 479 -330 -638 350 -536 ]
[-199 29 -959 -277 -504 47 -709 -499 -455 -22 380 -803 826 -116 710 -205 -779 72 -138 1066 848 796 -2 -1 -616 -5 144 -687 -352 360 -446 -13 -686 261 -320 -816 -477 -97 -512 -477 -373 367 815 279 596 -951 -299 -404 526 -625 1135 -103 -460 -619 -126 -309 91 631 26 46 352 85 -330 -64 285 765 -634 176 -608 364 -771 252 217 -260 554 -564 -693 -276 425 -360 -913 -110 -23 277 -378 356 108 -328 -223 218 19 46 -414 98 494 299 634 -389 509 -29 -133 1625 -704 -904 559 273 -756 -651 -442 599 -713 -779 -264 -507 -322 -248 -392 -101 -1124 -344 -1027 830 -560 88 733 242 -611 -622 ]
[613 763 740 1593 -1273 308 132 -262 -435 -57 94 -855 187 -317 -814 -567 -606 393 271 473 419 -182 47 562 -653 -433 -160 -598 700 550 -1294 -909 -211 270 1330 -274 -138 -46 -130 -262 -98 1031 -263 8 774 -276 655 -378 -253 -416 -90 1182 768 1220 307 -138 -691 -607 400 -1344 595 716 289 315 -207 -1 -709 -190 192 674 81 314 -657 1373 -164 -435 421 -169 -1266 -518 -365 987 50 -133 149 28 1629 -859 -951 -132 -340 -9 -591 61 1561 -528 -118 -289 350 -448 897 -2 544 517 -133 180 -624 132 -532 186 1061 1210 -465 -369 1040 548 -544 -234 -360 -550 -138 1033 829 -454 -168 420 558 -1085 ]
[939 738 1115 15 -188 587 615 -1097 372 -622 1238 584 -270 -147 -20 -538 -666 173 -112 -83 -264 490 510 -627 -242 -273 -719 -282 -328 -119 443 1382 -174 219 201 179 -298 -1313 25 -84 -998 242 -554 363 -374 1467 -9 -1252 424 935 -359 -443 -30 473 980 -130 -94 -909 -1083 -415 412 -583 -1014 580 -250 -472 600 336 -244 -65 405 -813 224 1139 38 -91 219 973 1074 557 165 -215 390 -88 -624 1095 455 -233 490 -405 -792 232 -983 507 -366 -322 404 20 1056 -64 283 556 331 179 -97 101 -349 -301 -85 153 429 432 724 -420 -179 -181 939 -34 -125 -765 1046 319 387 -358 555 131 -69 590 ]
[362 696 421 -439 759 349 500 -37 295 -137 582 647 86 870 -777 -133 -1316 -528 -287 -457 -985 -158 392 -759 475 184 -226 -9 -112 -271 -501 326 151 -357 983 229 332 -423 -761 -412 -671 -102 -540 -25 -807 716 425 759 -217 1282 -603 59 418 1182 765 92 -210 -244 705 -739 -58 295 748 -497 149 398 557 993 322 -230 -24 531 -156 -79 722 -446 882 -580 -277 654 485 1034 273 -80 39 -128 16 260 375 -968 -489 -260 -48 502 -329 -148 -772 468 733 -159 -212 660 412 1116 -216 -155 -198 489 -207 -721 681 -482 -683 31 717 516 78 -466 1006 103 -11 841 -222 -326 -755 145 -240 -786 ]
[-604 -687 -27 637 -35 -147 90 -186 531 -821 341 159 267 -824 -283 -5 -916 69 423 330 913 1268 149 1209 -150 183 -215 -579 -479 798 2 -426 -186 370 792 460 158 -409 109 -443 -463 578 -262 296 1173 -101 -73 -194 391 -19 776 -297 12 -37 770 -983 -407 175 -29 -719 -270 116 -107 465 -437 -584 -147 -45 -430 393 -132 -635 -350 -278 -727 471 -105 748 224 -493 295 -848 -587 -209 -514 1336 1250 350 38 -170 337 1267 -994 281 793 651 303 -398 -101 -157 1052 -967 -570 428 -481 -389 92 -72 265 -836 -201 8 363 157 -174 -362 390 -464 -396 508 -393 592 145 -430 353 920 393 865 ]
[909 -475 -238 -57 -57 203 -649 273 357 -37 25 -47 436 -106 175 485 -117 -408 -173 -200 -446 -910 327 -908 151 833 505 -981 347 -1340 -466 306 374 -880 4 616 -179 -86 -700 408 -312 534 -383 225 -222 158 1300 672 -94 987 816 199 556 976 -37 550 464 502 318 -234 -1122 -150 611 -998 -114 -398 223 434 -287 -244 -853 737 -331 -464 -328 -153 -448 207 -608 -121 929 -404 -618 -872 -357 1378 645 569 613 -648 554 312 238 -501 394 -87 -381 629 97 -157 910 42 -88 549 -302 -768 -366 -153 694 -736 584 241 -662 868 436 275 -655 190 1127 631 248 -276 -207 -365 315 -1231 535 -219 ]
[-1092 -908 -668 -101 -123 314 -143 -697 -675 -871 28 -421 -43 488 -140 -367 -388 -291 447 -635 422 295 880 24 -657 432 -705 -903 -334 117 -569 -416 -1267 -296 -482 -561 -407 -263 1046 -443 -757 426 -460 554 204 -747 979 -568 743 -71 391 -449 305 59 555 -1181 -183 -51 -67 -907 -536 -482 -1115 568 -218 -831 -275 20 -182 -204 -189 -636 136 162 449 -313 290 27 51 158 536 298 274 530 -1052 189 41 -807 -106 890 641 865 151 -194 1406 328 120 353 511 -159 810 -448 123 586 -303 -316 -101 -282 928 -387 82 719 722 -190 -474 -5 -100 191 -211 -76 -139 921 -785 -763 344 737 495 1144 ]
[-166 572 403 -277 518 -1459 27 -560 5 -1103 -1475 -671 -453 578 526 -1096 347 177 452 436 -126 -696 816 249 -71 -550 1129 -544 -721 -89 -605 -90 -271 6 539 -344 -91 193 -863 473 -203 -189 816 489 513 -257 -132 -126 -176 -609 455 820 -405 674 158 -178 624 163 -576 6 -579 -874 -367 -296 -576 -83 417 190 154 661 138 -483 -484 647 848 -140 1024 386 -569 374 421 -592 -575 -188 -484 -240 -321 -1192 143 -211 846 -96 658 148 785 -6 -62 -50 391 244 -409 -396 476 332 135 -116 -1819 -217 434 629 126 -337 -341 -85 310 286 -727 141 -872 392 -527 -208 660 -1011 353 -1141 -91 -1241 ]
[761 376 809 1087 -479 611 1086 -477 52 -741 -30 -794 -868 -447 -402 -145 -1178 -517 -220 -512 533 -66 666 57 -1154 -33 473 -1074 653 -490 -137 801 788 -108 447 342 24 -578 -1007 -265 175 571 -652 217 -902 141 1310 -790 -305 688 -70 352 -489 -21 26 -238 682 -642 -512 -47 -572 -846 -350 -400 -558 245 197 207 290 -1001 146 430 -166 1038 -455 -1048 1642 -225 -396 473 -525 -268 -409 -54 213 556 262 225 14 -307 -274 -689 -205 279 954 -641 -425 714 6 280 -676 590 87 511 -228 924 -258 992 -202 -550 508 983 39 510 -270 103 -113 -57 -556 248 425 254 632 -1075 -315 61 -15 -827 ]
[43 545 -282 117 -529 290 184 -46 1108 191 -140 37 -257 -255 267 345 -388 -733 -92 -517 943 556 343 952 -139 525 -258 -117 -2 -386 1520 -11 303 595 -65 -92 -315 -549 -71 -652 441 -1429 351 312 -1120 556 -287 471 -976 3 -696 -936 -204 -78 -511 83 199 -574 180 1209 1297 577 884 333 -477 657 -887 1042 429 -52 -27 -645 -183 106 -920 319 -40 -674 1641 56 460 525 129 172 -228 -435 -1557 2028 -743 429 -118 234 548 -42 -1204 -558 375 526 -1684 -165 -1007 -190 229 -200 -288 -153 265 -186 198 396 -594 -400 -111 118 -181 -172 561 51 123 251 -411 -316 -718 181 -31 -389 205 1007 ]
[31 -290 -916 249 -435 -102 261 86 -519 838 -403 -964 -367 279 -40 460 1287 -583 344 -421 -432 -1920 743 -442 931 -158 29 -34 -240 -205 -479 -942 129 150 -222 -792 204 655 1176 488 881 -1436 -374 794 1160 57 896 -412 -597 -618 -415 828 626 -290 -642 159 424 -83 -22 -841 -54 321 50 94 -63 428 -125 -493 -27 -243 849 -171 -238 52 -215 -154 -774 -619 -87 726 460 412 -336 1022 -606 552 -470 -783 67 121 876 -683 -262 -806 1285 71 -322 1272 -544 -394 -245 240 116 85 1172 383 525 938 35 -204 984 183 754 -240 -220 52 -392 -510 224 58 119 -1234 462 1263 50 -295 -119 92 ]
[261 -250 -489 -1121 -102 -153 226 -90 240 459 617 1254 -813 -264 581 -967 325 190 195 -864 290 81 137 -2 258 -79 -288 -82 -40 103 -667 -154 -70 -50 150 208 -224 684 717 -134 -358 835 1059 96 -200 371 -953 1065 131 -750 531 -1111 225 341 -180 677 -396 -575 545 215 -152 91 -713 374 -150 365 -839 156 -487 -852 267 -604 -253 -359 366 164 -98 434 -777 -607 -493 70 869 -209 527 -1419 -181 -240 -299 593 -718 141 241 -1516 -567 -11 493 -978 383 113 885 -633 831 59 -146 -768 -315 -441 -527 189 892 796 -767 148 -645 -144 721 -280 674 12 -766 691 -333 943 825 -219 482 -126 ]
[514 61 -83 -369 504 -359 -622 -1340 671 -1007 1000 -545 -703 -691 37 431 543 -1096 952 215 154 451 -268 -463 216 153 825 -214 -17 397 -852 -147 42 61 -589 1250 -1677 -663 516 83 -477 -230 -537 -30 381 -298 802 70 412 -181 -991 118 1020 -17 -700 -682 20 -7 274 -466 872 -170 -1156 1434 -481 49 217 966 -1044 370 129 397 67 1123 -23 6 34 212 -845 -1201 873 -1302 318 340 -457 432 177 59 279 -15 -309 471 -566 -830 1019 123 -99 -1543 485 76 606 -169 -46 710 -1657 -206 409 -652 404 524 152 -92 322 53 367 81 -407 248 -279 -403 1014 475 376 -294 398 -640 6 442 ]
[417 907 257 809 335 -242 -930 -805 461 -802 -107 -565 165 -50 224 -443 -189 101 -72 539 104 -615 -198 -155 -999 -375 241 -954 806 -320 -174 -735 65 -943 -256 -243 -585 -171 -179 -324 -22 886 738 -806 117 -491 -402 1240 -635 137 -476 -429 416 67 345 -711 315 804 -696 325 256 -352 -1035 -772 187 522 -4 819 -608 800 111 820 -112 387 192 -68 881 -46 -404 -402 191 82 60 401 -459 -508 -755 -319 235 -332 121 -329 299 -181 1195 816 -429 -52 812 -64 -677 421 -149 -260 -770 1008 -1416 -1260 581 617 -242 -217 -1398 -529 1021 -539 -1378 171 -871 238 -308 1141 15 -1231 -27 -521 -787 -445 ]
[-293 1007 439 -455 339 29 -1588 -6 -157 -113 -311 287 -233 11 -1067 654 643 107 788 223 -595 -894 -643 0 105 785 470 -303 -317 -650 -622 -954 82 -902 -501 52 -445 21 -460 -581 928 584 678 -358 -1944 -199 -659 514 16 1057 890 -105 -272 446 -694 -750 -30 -176 343 352 710 227 -670 983 104 1064 -1741 111 -1296 419 -625 968 471 718 747 718 135 -294 -718 -1003 -673 73 -359 292 -203 -629 103 -162 -155 -945 23 -467 840 562 143 550 420 -748 937 -569 -810 144 64 963 82 -700 47 -786 135 298 -251 -310 -1595 -289 467 -412 -614 -2 -1007 -681 -435 848 -1351 -525 -346 12 216 -825 ]
[156 -106 175 816 32 228 -30 -242 -343 209 -59 166 453 -113 -335 -183 -71 329 789 -580 336 -475 757 -177 -106 1174 259 1437 550 164 679 461 -854 67 -1008 -786 604 -92 72 -811 -357 -378 -1598 1498 -122 208 436 137 -765 477 -524 -19 -224 225 556 -537 84 -1038 -273 85 -20 -258 7 1032 -89 344 -737 -22 70 326 -86 -1069 -49 1347 90 794 76 -90 1013 -352 -345 722 200 316 -1019 -356 -924 312 -62 691 -152 537 645 1040 -817 -264 295 529 -652 251 -392 -686 -55 -44 -132 -55 940 865 -108 -34 -70 356 -114 -283 860 116 -475 -535 -435 270 -1067 639 -123 -1106 -1147 911 380 786 ]
[12 -243 280 -102 -268 373 28 -571 -210 723 228 503 472 -491 -649 309 -1972 -184 857 230 1411 428 -979 830 376 -928 44 -244 608 1201 111 75 -144 893 241 747 226 -555 -269 -581 159 498 142 293 687 -867 -516 -212 -156 979 119 -4 -34 -772 900 -279 33 619 -219 -681 562 -786 572 574 148 -281 401 270 -523 -563 -274 373 0 172 -1136 -772 251 90 58 697 -365 -214 254 326 467 81 476 1090 -81 -468 -940 385 -204 -259 -363 616 -61 66 -401 723 -203 -174 210 -160 -423 -203 114 397 0 332 -560 -505 -629 -830 131 -430 -607 -465 -1150 1430 -488 54 436 -1229 925 1424 -473 697 ]
[-202 646 -277 187 -1219 -281 -207 -359 -266 444 319 1259 278 -17 -16 -232 319 -459 -1075 -413 -61 -231 -1322 -521 -688 -16 -1376 75 -1485 20 602 -1340 917 1668 626 -278 540 -133 69 1256 251 -1594 -53 466 -166 -472 -296 737 -64 540 -591 -673 1054 -709 108 -141 675 -921 -174 -180 358 620 354 571 -54 -435 -401 84 377 420 -803 -834 777 -364 -300 207 722 -488 711 609 362 2268 -31 386 1481 -733 -199 639 -414 363 674 -359 457 81 -1033 -48 337 -93 -806 -186 588 -730 136 -153 1411 624 -323 -858 -52 -818 583 1051 35 81 -1036 -117 621 430 1103 -472 168 1061 -566 -1847 -1 1364 1341 443 ]
[-253 -273 -650 172 -1163 248 570 736 -447 485 -1146 -538 -566 423 152 61 -375 120 -20 -206 235 -547 927 682 41 730 776 -1120 45 244 314 517 -378 -175 530 -1626 546 -256 503 -488 280 830 -147 1031 461 51 -225 -210 -946 -413 559 249 -7 611 524 436 -146 13 168 -46 -159 -594 648 -779 -12 89 65 -46 -417 -125 962 197 -996 160 1038 913 214 489 129 176 -544 1045 -159 -240 -959 -235 -192 -619 -948 503 -356 197 1344 -173 867 16 -303 1141 -188 -400 -874 -1044 177 -408 -161 -285 698 1116 -460 -966 10 -804 125 -920 1732 1026 -1010 -279 -520 1058 -560 -448 -526 198 -865 131 -343 193 ]
[814 500 157 -226 230 9 949 -456 86 -589 722 -1130 331 -506 288 741 -717 -126 150 296 139 645 -255 14 -306 293 190 -179 345 236 566 429 -337 -1192 -689 567 689 1063 129 -483 -444 1317 1 -829 364 689 873 430 331 349 10 1299 -308 142 -223 -307 661 1089 -439 -252 -1542 -367 -473 -1092 646 571 1630 88 -730 -591 228 136 286 165 413 -283 247 17 -980 -745 -136 -878 821 -678 -383 -908 508 -24 -272 -437 -76 -231 -328 -388 1510 633 90 -849 852 463 712 747 -811 1174 -1028 262 -157 259 285 354 526 295 -1150 -26 1318 -300 -552 -464 312 269 16 -148 561 254 86 -972 73 -1470 ]
[547 -804 -367 1532 -248 324 661 86 -144 353 -635 -223 625 -456 -216 771 340 420 -106 -498 1225 560 889 309 -455 530 380 -880 344 -56 175 162 -377 -1017 830 -193 257 -484 -356 101 659 -690 385 248 168 -184 -21 -813 -494 -89 913 407 -1266 -111 -281 -1205 604 76 -1625 723 -501 -251 -349 -128 -518 -16 187 -401 -545 -666 543 548 162 -439 -757 937 595 -553 149 491 -324 -446 -1170 616 -53 -163 -412 107 91 -413 568 -606 -545 368 -108 904 -248 -93 490 557 -206 -1058 -107 143 -373 691 -428 227 748 -1011 663 697 212 652 -531 -793 -170 363 -818 1093 -590 -189 -563 -31 -41 300 -380 1187 ]
[119 214 320 -730 -714 383 486 -139 -328 -457 -215 28 536 -465 -63 324 -800 -637 -165 -293 598 646 -292 302 -758 -265 232 -610 -1020 30 -133 -46 -1245 714 517 162 -630 -166 -289 -304 431 -422 456 1073 -872 -848 661 -651 816 -1157 637 -20 -85 96 168 387 -319 -780 476 -978 440 -261 -337 -376 -265 -205 -330 -119 -248 -73 394 128 516 95 724 865 787 456 729 -147 -728 658 409 499 609 20 230 218 -1142 -937 -177 -198 300 941 -441 -1202 -192 -895 77 244 -347 -688 1094 373 -310 -1168 -663 -165 -327 -455 355 -602 789 -550 42 -500 259 -229 657 55 -208 663 -378 -1199 510 -610 560 68 ]
[372 114 911 -47 -259 1320 -256 -596 610 -393 498 -575 638 -283 -1149 220 -1059 -483 -982 13 -981 -403 871 -930 366 -144 -713 1326 966 -336 660 1242 1663 90 -421 -192 642 -132 -495 -332 238 363 -1086 750 1166 151 417 -1364 600 930 -1297 19 686 223 753 883 -677 33 -478 -264 -567 -756 -24 1072 68 -376 -18 -497 962 249 -213 125 690 218 -678 -1915 -326 27 -426 436 282 702 -10 -150 251 577 850 866 64 -588 376 -500 -321 43 269 -329 662 453 672 555 -410 1382 696 -162 104 -378 330 454 561 -153 -722 175 460 -149 142 145 186 -130 848 -1041 663 -608 -318 502 182 -884 -572 -342 ]
[-1205 -319 -315 -1144 -1132 486 1752 11 1317 -325 424 1323 -360 245 796 -683 552 109 397 -1001 193 -394 1008 1042 1100 -940 462 505 690 -692 -75 1450 -46 37 183 -128 -288 -471 896 -797 483 -952 -689 546 404 614 220 -696 -274 -561 -104 1365 9 191 -163 326 11 -260 1092 -476 -135 339 -89 -259 -111 654 -120 250 -249 -73 1521 463 -593 491 -100 400 -1044 -101 299 -136 42 -636 -354 72 -479 568 -31 522 -422 324 860 514 409 302 -473 709 -775 757 -141 400 179 -694 1413 -511 -1135 -48 713 234 -474 261 299 -265 942 -888 353 -390 652 -1085 -432 446 -495 208 420 871 -232 -762 -71 -132 ]
[316 465 -207 -682 742 254 -1435 73 978 449 774 1216 -460 352 -365 311 -356 190 292 0 -729 -649 -710 -614 915 336 -447 1540 -17 148 967 860 1449 228 -914 398 330 -323 -175 237 1039 -402 286 -603 -252 1131 -431 860 -437 800 -691 -405 -228 -701 222 1402 236 1228 -531 629 -159 -126 695 -404 256 184 336 755 -428 245 -98 787 163 -792 -19 -243 -928 796 -74 -195 -869 338 202 -398 -628 -701 -350 553 581 -397 -494 -406 490 -123 -1331 413 -122 401 349 25 290 617 -389 -597 -404 652 300 65 92 627 -210 -524 -908 -98 -473 378 92 -636 -275 114 73 -1137 81 827 413 -643 -193 517 ]
[324 34 -68 652 452 -754 -195 -1413 140 -1033 -220 -776 -741 1390 643 75 116 -847 -7 93 129 261 -21 -11 -1209 481 -8 212 61 731 -865 420 -233 1021 -1184 968 378 -418 -666 1137 -654 114 -353 513 -105 -115 467 907 -212 649 -480 762 701 -773 200 287 668 -24 -472 -547 -665 -316 -307 -185 309 -286 161 732 -541 728 307 -189 432 813 -260 -400 471 -701 -355 -122 253 -1041 -6 -187 -398 -475 141 123 -401 694 419 479 -226 -904 1129 -499 -245 -291 -343 757 -69 -466 -363 -74 -853 215 -432 -231 635 939 73 -532 373 -13 -170 780 -617 456 -500 159 -178 -889 749 -2146 -175 -157 1120 77 ]
[29 358 759 -99 -1277 -795 -115 -446 687 447 326 564 17 180 520 -881 139 62 -443 43 -243 -94 -47 -410 361 -152 113 442 -326 505 -286 791 181 1820 302 -534 428 -707 -656 21 -276 -1991 296 439 -206 322 -412 397 -631 354 -356 -199 -835 -869 -195 -675 317 9 -231 -1132 884 -443 675 832 311 273 128 277 398 28 -456 -15 281 -544 -34 -641 460 -768 1271 1826 -325 1085 -289 -153 -190 -322 -820 1250 110 -187 -205 -943 -232 407 -1540 12 593 415 -828 -166 78 256 616 -1021 300 219 47 48 -248 364 -601 -789 627 401 -890 -309 688 -290 -314 360 -392 224 359 -809 241 -91 -943 -434 ]
[852 201 1115 402 -64 -33 -29 -84 -140 -155 520 234 131 -270 -455 -396 -682 616 -250 -37 -363 -390 -513 -1162 -570 -13 830 271 1003 196 1448 1144 358 -225 80 999 26 -374 -556 -480 102 -570 82 -171 -649 -748 41 -389 728 577 87 -793 627 -868 1012 -1036 -334 45 -496 10 231 -740 -568 692 -562 51 128 387 711 94 718 -647 461 93 -750 -167 201 -808 469 265 841 673 -563 262 226 -976 451 638 1115 -1642 -867 -465 387 391 376 87 -1683 637 718 104 -540 796 287 423 539 -142 -406 -809 -449 883 -321 -65 662 -727 -1240 -613 457 350 120 1719 895 -234 915 -778 1471 300 -324 -778 ]
[-372 307 -52 551 -294 -124 217 -807 -160 -12 132 -780 -27 168 -123 393 456 -338 -107 55 -559 666 745 540 -763 -394 58 -838 -166 -175 -614 -249 26 778 -23 -231 -806 -595 -462 257 473 -660 185 -361 -97 -119 541 -1571 833 -187 -335 230 -166 -878 -18 76 -49 -304 -1122 -337 942 -799 -764 416 -705 36 -92 -723 -374 -573 324 -62 515 -16 -121 145 789 -571 1153 1184 -1212 11 -150 410 -882 -68 -105 -335 -578 -743 121 -575 -460 826 325 -513 16 -427 581 156 -1425 1058 93 -682 127 1309 166 -479 -51 -381 214 121 580 -197 -606 -857 713 789 -961 -637 1269 -875 770 310 437 -752 -764 32 ]
[86 -3 397 -658 22 738 -98 -373 531 945 1062 -526 -719 981 1048 787 465 232 -702 740 131 533 -1069 -496 -364 -523 -313 145 276 -255 33 223 77 158 -597 363 -726 -258 751 -878 -380 533 393 -522 -284 224 140 781 189 983 285 -496 707 -1607 543 297 65 -165 -349 -290 380 -14 -847 627 -18 719 758 890 -503 -253 69 1278 189 530 -59 -137 -1147 -472 -404 447 940 -311 146 126 45 957 -224 23 1275 1073 37 -3 -1326 -1089 1290 63 545 516 599 -335 227 904 -774 -679 633 -758 404 -221 -1896 758 -666 -829 595 -80 -649 -167 13 -774 -494 -515 226 -163 -96 1168 702 205 -92 709 ]
[-41 687 84 971 184 239 -787 -720 639 -1019 -371 27 610 72 -1234 365 -740 -164 -331 109 256 -65 395 59 -792 365 184 1171 -618 145 616 -1520 -359 208 -697 -1301 800 304 -1259 -154 -697 1188 -458 374 85 -904 1267 -47 601 168 -136 325 1135 1094 956 955 159 448 -346 819 -264 541 768 -861 701 536 -51 -15 232 701 -215 -836 372 1811 689 -235 128 -72 -823 -750 -1234 650 714 -873 -138 -187 320 -88 -609 -323 95 1074 506 956 491 -597 203 -301 1058 5 -68 117 -339 308 -912 532 -561 -861 52 -156 -501 1820 -491 -639 1157 828 -1627 114 328 -1028 425 913 329 -984 -1472 296 21 -682 ]
[559 149 -196 485 212 491 -14 -258 100 -326 -362 -66 107 -712 92 21 364 14 -2 -378 -21 -380 -318 -777 -1078 561 512 -1438 -388 203 104 200 441 270 -307 733 56 -615 -726 829 682 96 -134 -453 -923 -622 -50 -99 -341 339 -56 152 -512 -607 136 -58 797 93 -726 -107 -133 -2004 -46 -560 -25 -68 -492 -317 -534 -85 176 396 -349 277 -165 538 1022 498 -57 -248 -910 143 -789 881 -145 -65 -8 391 94 -904 296 -776 -277 745 -27 46 29 -496 248 840 -841 340 -473 -389 -806 874 -116 -74 -319 -399 366 408 -2 -291 307 -304 -346 797 -401 375 740 85 -36 -831 231 -52 -237 358 ]
[126 -907 -235 -816 -8 -156 -42 1004 -1304 658 -1122 419 190 648 53 4 444 387 479 -481 -285 607 536 112 331 939 59 492 -417 434 -129 -327 -610 -289 680 -335 561 324 -489 -561 260 639 733 607 -624 357 -1205 -448 53 -456 1225 -117 -574 -333 171 726 -384 -413 -954 592 185 48 151 155 227 813 206 -54 -189 42 -872 -223 -292 -1045 660 744 -41 452 519 -47 -396 207 39 66 82 225 -894 -1697 144 1227 -393 -317 865 -171 -444 131 986 265 404 -656 -237 -1195 -964 993 1269 -589 347 1321 -198 -1419 213 -827 414 804 192 570 -68 -278 -721 -247 -1603 -163 -1254 746 273 389 -235 642 ]
[-496 28 166 -595 -442 -109 -390 -76 210 128 -714 -837 -745 -180 607 -445 -1048 -244 -646 184 -1204 -724 408 224 -143 -763 -929 -512 636 -741 -14 239 581 682 -1331 6 -293 568 772 653 909 -234 -248 -473 -860 3 24 356 -972 340 -746 153 -458 -679 -881 51 -490 747 495 -269 -370 -340 -580 179 -292 -313 -448 -321 84 -498 775 1109 84 602 -323 -994 700 -43 391 723 -137 206 170 -439 329 127 -620 28 207 365 515 -832 -185 -442 -21 -134 -346 644 -995 -150 -1716 545 394 -912 -533 509 486 401 -62 409 -889 -1031 185 364 131 195 -292 706 -88 -1012 466 -1240 -151 -506 15 -977 -1282 -224 ]
[-198 182 460 -520 -705 1215 -157 640 -195 686 389 -254 518 869 -573 565 152 188 -251 186 -730 -1355 -658 -1167 1036 39 51 825 528 399 80 763 332 158 -958 338 501 434 464 -712 -243 -825 -1120 669 -265 1 339 223 -17 1266 -868 790 517 134 688 200 -271 -617 526 -949 888 344 974 461 421 -34 52 28 128 -133 -99 265 -769 -126 -325 177 -295 -1040 169 304 607 1055 228 6 -312 42 -200 333 -125 -165 -567 -153 568 -573 72 -249 -307 575 -333 -159 340 -293 724 548 452 -64 1057 876 -545 581 164 -1122 17 -567 912 379 493 -197 448 714 373 -660 435 188 206 69 334 -286 ]
[-43 879 478 -310 437 955 513 237 142 558 478 1238 -68 520 716 241 502 157 -195 -415 -474 -406 -1080 597 -261 148 334 -510 -486 213 -126 571 -274 394 197 -39 -626 259 -342 -841 -646 325 737 -549 -1319 970 120 413 276 528 103 151 -150 211 1773 -252 -314 -397 -65 290 525 -50 -61 53 -67 -196 826 742 -373 -393 186 -288 -968 -57 1469 876 654 180 278 450 218 488 530 -798 535 355 -711 -242 212 1146 246 108 517 724 -336 -157 -660 46 170 -368 718 -482 618 -617 -853 -672 80 109 -1182 -429 -247 -810 -78 129 421 -465 1059 -479 -188 541 -649 1177 -649 82 -763 -723 612 122 ]
[103 -365 64 1704 450 635 -217 -332 539 408 -191 -239 583 694 233 154 515 -301 -821 -337 -138 -696 530 -1294 51 126 317 -204 767 242 -14 795 185 -484 -404 -477 298 162 129 400 -251 -112 -543 -85 460 -1017 292 361 675 814 -799 -591 1134 117 111 258 242 80 -290 -632 47 -202 -953 179 303 -1346 645 -1077 -465 -191 560 768 632 -219 337 -264 451 -784 -857 464 596 -73 142 85 692 -572 211 -383 -273 -525 -474 5 197 -408 126 -272 -736 292 668 -466 -54 -153 1252 -731 -35 455 -20 -1161 116 360 71 353 -310 -533 92 833 -406 425 977 651 1860 74 133 -144 -573 -28 -570 622 ]
[-589 -865 -928 -830 -285 -848 669 -539 -1152 -245 -100 110 -644 893 797 -324 548 -807 -266 599 -280 786 -11 -994 -466 241 723 249 121 507 -52 -158 -33 -387 -87 618 7 496 -715 -551 -481 256 693 -50 2 -850 47 800 1353 293 291 -972 712 -640 671 232 -210 -492 -558 219 329 223 -941 1035 160 -213 108 995 1158 533 -465 -640 764 -422 859 -840 34 -190 701 -1552 517 -635 -11 -308 -1022 350 -516 697 -415 118 143 -375 1229 -63 154 758 2274 -897 1002 209 553 560 -467 887 77 -385 953 -287 -500 520 231 387 265 -729 125 668 -71 186 -991 61 -479 -493 -793 -115 99 41 533 -871 ]
[-1157 -702 -909 -1279 73 254 279 -512 288 824 -296 606 -48 865 -171 -1296 -1465 -9 -538 -526 499 1249 975 1332 2 -970 -532 -323 -590 393 268 -478 -567 346 579 731 728 1071 678 74 626 -128 929 623 677 -328 -277 -432 -179 486 -650 -459 700 105 283 -213 -481 327 -82 -255 -104 573 -512 137 170 -121 250 446 476 -417 -24 791 -170 107 91 -285 756 368 -425 -176 -103 1040 195 871 1032 -262 -150 -467 -222 -163 242 331 -337 -564 276 1460 894 -703 761 578 895 -1257 -360 1163 -288 261 -458 -330 -1158 236 1067 699 222 81 -372 -739 -86 -164 -392 -442 -458 219 -778 -354 857 1086 -361 736 ]
[468 -796 -167 -959 -83 308 786 394 -1318 231 296 -23 3 -1008 130 -706 -534 -271 794 -151 -153 627 -45 309 450 -782 263 93 557 -100 -886 314 296 -206 -728 449 224 556 216 -170 20 976 -216 339 133 -947 -75 -762 737 -239 475 -36 -275 -362 112 -146 -133 74 807 -389 -509 -714 34 -30 45 -493 325 -566 -155 -898 516 122 -361 323 -118 226 -10 1242 -286 -505 -1299 -1099 774 293 218 -280 638 -1 -340 433 -1018 -33 302 -411 -1058 75 55 615 -413 730 -348 -783 390 160 -1144 -415 456 531 -292 -507 926 12 -1506 255 523 22 -129 -134 -353 600 -974 41 364 -53 689 177 179 -979 ]
[532 600 525 -356 329 -148 -241 -317 482 120 -626 -279 307 -522 293 730 74 -570 -378 -376 -890 179 207 123 6 623 -261 -665 -656 -270 507 -790 245 -853 683 440 655 -186 -399 783 992 484 43 98 488 -963 -138 -203 420 -215 217 -744 2015 -114 18 -158 278 -707 -129 -44 -678 -96 -399 -175 -816 -389 -1145 -3 294 464 425 -742 645 -327 65 347 84 -19 -186 -1650 1191 -149 -289 763 107 531 883 -334 -400 -1104 902 -47 373 -1059 354 -584 286 -253 977 256 -411 -707 -529 -378 -570 167 187 -924 1311 -487 1215 874 101 -522 109 -450 -543 431 878 -435 646 -437 -451 480 339 30 -281 -14 ]
[-422 -131 -181 196 260 409 -1121 271 480 -436 949 -1498 493 -29 621 -420 -516 300 -667 320 -497 150 369 -499 540 804 145 94 658 -14 -72 1092 -231 -813 -414 305 524 40 174 69 -32 283 -105 -455 -81 1491 742 210 -763 441 160 376 -561 -390 -950 -93 405 289 -145 -197 -667 -120 380 -71 493 -427 548 -415 20 -406 267 1222 -751 9 -299 -935 106 422 -407 363 135 -795 86 -255 794 -45 523 1184 -37 43 -408 376 -486 -530 186 915 81 -1069 447 -316 587 621 364 246 -437 158 996 -473 -280 -67 131 289 287 1073 -23 486 671 -36 -745 708 1018 -645 -334 -485 -484 -558 -378 57 ]
[-615 183 -34 -969 492 -784 -721 -502 84 167 993 -338 637 25 1326 -201 189 -238 39 50 623 1074 -570 1102 -301 -712 458 438 -604 -120 -219 -188 306 669 -400 -56 -83 -234 794 803 -1087 -116 448 -94 902 554 1719 1469 -202 -682 293 -225 168 -498 -42 -404 508 607 -863 207 -1131 630 -299 -733 159 -391 964 1637 -319 515 -644 70 369 -1 277 -108 244 -51 1184 660 965 -574 749 -763 -487 188 -187 468 275 558 46 709 399 -71 -571 649 125 -794 -559 714 999 -1010 -1004 -777 -1315 -425 -670 -922 478 -135 330 -223 -422 633 -228 -758 258 617 125 -858 -1014 -84 254 -177 -13 -206 988 977 ]
[481 -314 808 1306 -853 23 -382 283 -6 -116 5 401 227 164 -462 -315 646 -195 -267 -12 -657 -1096 -267 -618 -551 -286 -470 654 380 241 -209 -822 207 945 -893 -471 143 726 -608 -115 -451 -547 -252 -309 -856 -362 70 -115 612 1378 -224 37 557 -529 930 318 -453 -531 -79 250 1299 -177 313 -388 508 496 -105 210 362 -687 0 -1483 342 -14 -589 -387 955 -836 -204 1007 -894 426 271 -44 -3 133 -608 -19 929 141 -40 -419 -480 113 133 -1181 -623 917 -507 -635 -797 567 -49 -214 815 887 -256 865 -1059 -418 -670 1000 80 -619 -1078 -881 1010 144 488 -361 -244 1014 580 -48 -64 723 200 -825 ]
[152 159 792 -598 626 -826 -621 -542 400 -65 -620 -192 -648 475 415 620 -403 45 172 329 -219 -734 -708 -3 164 -236 -1234 1147 -341 -605 185 -477 704 98 -719 -706 -361 -835 -221 880 -285 -663 -417 47 -296 212 -696 1346 -1451 33 -619 38 -810 -501 -631 1154 700 -644 -162 588 31 -66 -166 75 127 710 -511 383 -132 493 -607 361 -523 -217 536 -331 -491 113 564 1515 538 408 -495 -99 -133 762 -1113 405 805 318 456 95 -659 301 -804 -336 -352 355 -1008 301 -481 1035 -573 -449 864 185 -506 592 484 458 -420 -552 588 862 330 70 -270 212 228 -1380 -531 -523 -39 -296 -749 -250 -234 35 ]
[-1531 -625 -1908 -377 354 -760 634 339 -450 -305 -829 -89 194 57 74 -840 319 447 -763 -142 1462 -21 872 921 -423 357 847 -182 72 100 190 -457 125 -1191 -733 -438 835 973 -450 -502 -555 -254 371 763 176 -624 -294 -44 -268 -534 834 -156 -616 230 -1027 -514 146 201 492 936 -465 490 1128 -878 432 102 -861 40 642 -771 -18 -498 -478 -5 -161 -551 49 271 167 -226 -638 -1307 275 266 -797 -372 -938 720 -994 775 606 450 999 -172 -311 533 523 -428 -1129 652 -37 -144 -400 -778 560 490 441 111 776 725 -386 68 -789 27 -973 -94 -377 33 -208 856 -929 131 190 4 -298 1066 285 -531 ]
[-30 -785 -1329 184 -376 330 1075 81 -610 -102 -568 25 702 218 212 1416 688 -326 -52 -1257 -743 -1282 599 -463 142 1102 -590 383 145 -768 138 620 -16 -746 -1234 -898 58 629 -936 -67 763 -797 -837 562 -549 -813 927 -365 637 -103 35 506 397 -548 -1134 26 177 -290 192 481 -305 568 -482 15 -144 6 -936 -152 483 38 776 -743 243 232 -196 132 -1047 -366 625 -580 680 -573 70 22 -296 317 -508 14 -404 635 1164 -829 828 -152 -149 -285 390 1069 -317 -546 -587 -54 -353 -16 -40 509 438 585 1565 -123 188 249 276 66 245 118 15 485 64 -118 -521 -905 -1001 818 -36 -502 40 -26 ]
[868 815 -38 158 1635 85 -32 -884 653 -294 -367 -1280 -564 -891 -398 1350 -356 -109 476 239 512 599 837 -160 -247 355 869 504 396 61 1577 -244 -631 -820 -789 149 -693 524 468 -1100 411 179 486 1012 -533 613 159 -79 -410 -321 -439 142 126 207 190 -327 52 1037 -42 510 -704 592 -882 -146 -241 -157 418 1001 -111 1159 1370 1628 -47 1711 156 564 -1138 1024 -837 -1895 556 -1296 -13 582 90 279 -739 -1139 415 238 -38 332 -480 -289 480 632 230 296 804 -231 422 -714 -443 845 -1003 -371 -237 -302 204 1088 506 -895 646 340 558 87 -773 -1243 6 175 -552 341 -237 468 -157 -537 -820 1095 ]
[791 -258 993 784 3 549 -361 481 -199 -6 634 167 -96 545 49 -492 810 1239 -81 9 1114 209 -366 -1223 -230 150 -49 3 -392 64 0 200 -597 -414 1080 -80 -178 -809 -228 369 -1313 -256 32 -1284 -373 542 -494 -697 350 -517 287 -89 -338 645 530 208 345 -671 -48 209 499 -729 1256 691 202 -621 194 -905 360 -784 -1322 -842 -162 -549 -445 -448 -352 -396 53 1242 442 54 -573 -446 -504 361 339 212 533 332 -953 653 -1342 -72 -650 -1257 -47 -320 -1093 -865 1384 -110 293 604 1260 -870 44 -121 -579 243 143 982 1136 366 -884 818 31 269 668 634 1813 -216 1039 531 79 -136 276 546 ]
[593 -43 -143 1086 -81 1121 49 304 458 1050 -234 227 299 228 159 -92 -865 -131 -401 -681 148 -272 870 174 -234 541 167 -649 -267 -339 337 716 890 881 395 -427 235 -1029 -1237 449 278 -365 -471 340 -360 76 126 -404 -877 263 -47 -348 -771 -437 562 141 312 -843 -282 480 -70 -639 368 -47 -1014 515 -989 -156 -129 -346 -107 -177 -506 -36 -842 -685 753 -748 552 1003 371 410 -605 -453 565 1285 60 837 324 -416 264 85 -1423 102 -464 -867 -71 901 -74 156 -669 576 -42 -750 290 482 -415 984 -750 -579 -532 64 -229 723 -590 -341 227 -236 143 122 -249 -193 -537 -53 151 349 -674 1046 ]
[672 -89 -85 39 318 781 -286 -97 -254 50 421 88 1354 -115 256 476 183 -703 -75 -299 -343 782 -491 44 57 1163 471 -386 -344 567 -134 -230 -622 97 -301 1330 310 194 -475 241 470 -103 -53 260 -627 362 265 515 220 498 454 -130 268 -578 332 -810 63 -335 -392 -69 76 1171 -836 1343 211 -650 -194 47 -455 -42 -891 504 493 402 46 488 105 -616 574 -1046 727 -14 1019 79 1150 781 71 189 33 491 -199 -105 262 457 391 375 -300 -131 -43 -981 503 -1347 316 1137 -481 -984 -73 -866 388 -326 41 -367 715 1340 498 115 578 812 386 -461 -867 26 -1256 -1519 -652 268 995 1401 ]
[-406 220 227 109 -1036 2 -550 -857 -171 802 609 -382 422 691 -1268 248 -1701 -103 -417 -371 -137 600 -171 871 -771 246 -1472 1249 -215 779 -200 -926 668 643 -122 -311 682 531 -913 278 -100 -80 -67 471 733 772 283 -115 -339 -46 -809 1172 107 -1292 274 -158 -881 -1024 -787 -350 -128 637 34 208 -521 1311 -1286 752 242 560 -402 -1215 -478 502 -174 -1019 -245 -1916 745 953 119 1247 380 -585 712 307 69 -421 -411 856 190 -787 -687 -597 527 1111 359 -622 3 25 905 25 -1405 515 787 1593 -337 682 -86 -248 1202 1665 620 427 -620 -227 64 -55 168 -1676 -915 439 -346 583 -100 212 -603 295 ]
[336 -152 -329 -828 -95 221 -357 1370 -920 452 64 450 -359 914 220 490 -827 46 -60 147 -624 -915 -557 -417 -13 -369 -389 356 -1174 103 -327 -24 647 196 -526 -200 161 917 -316 436 -927 -418 -28 73 16 209 778 -479 47 830 50 560 -196 16 1443 651 -337 -43 423 -157 -396 -140 1101 -494 -531 -744 547 829 511 -83 -298 -776 36 -365 441 -1174 -79 -262 -116 609 841 -101 816 -350 179 -426 -758 -1253 -130 707 247 -551 706 -891 -850 55 755 -500 207 11 312 28 -471 -405 60 176 -49 1248 126 76 399 62 323 -193 -424 855 319 809 387 -483 -736 -43 -580 1100 -596 -407 4 220 ]
[-1146 370 -311 -12 10 -765 181 -536 450 -190 -188 297 -483 -588 457 -202 229 727 -397 585 -225 -645 1024 289 622 -24 -49 946 298 -104 778 1384 535 -954 -902 -997 617 304 219 -1237 284 106 195 258 1602 -202 -772 193 -16 -210 151 85 -825 -46 -845 -786 -37 815 799 337 -1361 489 -288 204 -192 -103 -725 534 826 739 1211 127 491 -17 127 76 -1339 1006 -450 -996 -567 -935 -728 -568 -639 -170 32 867 -259 -959 365 -131 389 370 -200 1019 249 860 668 19 239 549 -263 -657 101 437 100 206 881 1622 -1137 -56 -566 -901 -253 93 -868 -1378 -264 703 -764 -526 -79 553 148 -107 -469 -879 ]
[-459 -498 -232 -1198 -192 362 -687 -25 819 -750 -881 -57 726 -96 42 -733 967 799 80 228 775 -294 5 51 -129 -242 712 309 93 -676 823 434 -252 -100 -1368 345 -32 -167 -467 -196 1101 525 503 791 -124 -228 -587 -356 -163 -644 830 -104 -1532 -638 -508 939 1047 239 -520 841 -681 -929 483 -316 175 757 -406 -342 333 -83 -1226 71 -235 264 -520 413 -734 1142 -929 24 -615 524 -361 -95 383 1344 -633 835 417 60 76 -43 474 643 396 629 1008 208 150 -103 158 -885 -536 324 -96 -466 -658 228 -432 503 -1096 143 412 990 254 -178 -1109 193 -1000 173 -770 -544 -792 -478 1225 -728 -150 909 ]
[-488 -1517 -445 -825 -582 595 1157 1118 -221 862 593 571 926 -446 -7 -881 486 767 201 -511 560 121 -432 544 769 -312 521 249 420 180 66 -133 -1474 8 -246 926 310 948 844 -1170 513 -259 514 -611 -193 -129 363 665 -187 -191 912 -185 -57 815 -186 420 -574 943 1006 -531 236 617 1340 732 734 278 -540 -250 -235 -1077 -1089 1511 -272 -863 -458 -195 -681 -372 223 -486 -340 414 496 420 593 -888 -310 922 -92 1 -289 -303 391 425 -193 676 -273 563 -832 -378 42 618 476 474 449 -1727 -74 706 -1392 645 89 -784 -120 -240 -194 -1247 514 -188 302 1247 -1276 -560 652 1582 913 -506 359 -582 ]
[192 226 -6 -936 -95 685 -1012 356 -62 1566 -392 649 -107 820 -348 -226 852 -174 7 -326 -539 -337 284 279 42 -401 874 -980 -723 -556 -359 -995 -301 -122 212 -9 -364 230 329 -282 647 0 1046 134 -848 626 588 280 -804 57 -9 564 726 898 347 208 -1143 1077 214 390 71 882 1240 -484 176 194 99 250 -201 -593 -455 658 -188 470 571 517 -1134 -1004 314 -203 1071 -25 823 -495 158 -295 -300 -226 437 344 734 198 -204 464 100 -279 -97 357 67 -127 614 -345 719 465 -173 -2134 330 -948 -505 -19 -492 -297 -284 312 -51 -153 -508 -69 939 -353 147 -187 -1682 38 -191 -1212 253 619 ]
[-431 -387 -393 -380 422 419 -852 84 -601 -605 400 -97 446 1181 156 833 242 156 -496 466 -656 295 -710 97 -218 579 120 112 -1434 1099 -816 -565 289 -386 -591 -278 932 -49 -600 339 -161 -35 461 43 580 -956 344 -105 613 179 895 -507 443 -173 830 794 -352 579 -492 463 -282 407 1001 151 -112 -580 308 592 -287 675 -605 176 895 -684 772 -77 -155 588 -603 -346 -450 481 1019 -207 -66 33 -141 -531 -1009 52 323 -315 1382 -971 128 -255 771 -958 85 -445 542 260 -1049 252 -124 -80 -422 459 683 261 -245 -786 -123 -350 -104 89 -118 1087 -136 -724 -485 -476 -987 235 409 57 657 977 ]
[-568 1049 366 -145 19 762 -138 -355 583 821 367 -423 -338 45 -455 456 -983 -1044 39 -387 22 -406 468 1291 864 -861 -735 388 14 -315 484 -208 786 488 237 -422 611 155 147 35 -33 280 -183 -370 481 933 330 0 -1591 161 -1637 962 -60 367 -493 1056 -128 -583 494 -195 -468 428 1028 -644 -210 330 116 644 -84 -517 329 -558 -456 430 -169 -1204 -125 139 327 418 177 242 485 -667 639 1195 -259 753 -732 -289 53 356 -805 -280 -462 40 3 225 -262 -41 -155 678 483 -765 288 19 442 1503 -54 -261 106 220 -658 -681 45 397 -247 -1461 1385 -897 341 -649 701 920 -1004 -679 -783 157 ]
[-809 591 -333 -400 -893 146 -799 192 1275 246 -14 43 -246 347 486 346 -648 -512 462 192 -796 -662 -889 835 287 -746 -217 239 -676 -294 329 -765 92 498 -616 -290 -331 1309 888 -557 601 108 1432 -549 -303 220 265 57 821 677 638 1422 96 -278 133 571 -885 1689 271 -207 110 298 -168 -616 406 549 44 -23 -18 -73 943 -337 -310 172 255 -464 -1329 -311 -1228 -129 -575 -398 272 -604 -377 -652 17 -724 -4 271 435 -503 146 -435 1033 13 103 408 179 -317 -617 878 122 -558 533 -379 443 -530 -1125 60 -953 294 -144 -1151 -75 247 517 -329 -276 -350 -461 4 -353 1034 -207 -838 371 -1007 ]
[-462 -191 177 -323 206 -52 -537 394 59 -403 473 -1033 399 -353 -152 -513 117 821 -1301 498 154 -640 -632 -46 592 -843 -213 596 930 -745 585 466 365 -1359 -207 299 459 -128 53 550 15 790 277 -296 764 643 -1230 554 -1185 -634 188 210 -1408 -855 -810 671 95 -811 -775 227 -429 -1287 -454 -1027 794 798 232 -950 -374 -237 344 198 -205 -884 53 -466 -515 107 400 2089 -138 386 -170 278 1004 693 358 1197 224 -1574 -756 -607 -164 383 215 951 -846 -914 -698 273 -268 1082 -283 -1193 1072 -162 -212 -224 -574 215 -626 368 78 141 -98 -656 394 -113 468 86 1033 -985 446 91 -153 -330 -762 -713 ]
[-253 1050 187 -490 1143 315 -656 92 468 622 -199 561 -580 1649 -800 395 -755 -48 671 -707 -2306 -303 843 -3 574 1206 -484 214 -1414 160 -1692 534 123 348 584 -188 341 -360 -1129 -142 -243 -116 167 591 -913 1422 390 -27 -82 954 153 717 -680 932 1230 279 -1006 -134 1062 -685 -332 561 1107 -354 -924 130 -342 1207 -66 372 662 505 -1046 20 1241 -40 -524 -479 -865 247 488 583 351 -720 453 120 1059 -1209 478 -18 117 -152 -600 -50 -454 -457 188 165 1671 -371 698 482 375 331 -268 -749 -174 1235 -185 -616 36 -469 -283 1068 -175 985 776 -673 55 -360 -798 284 -1034 1187 -789 -472 -79 -128 ]
[-222 987 1091 753 877 554 -767 -656 1331 -801 -297 334 772 -288 -1324 -414 329 895 -863 -465 -591 381 461 169 -994 -424 -360 -164 -602 75 617 -468 670 501 194 -481 388 -804 -524 -192 1097 -342 211 168 -421 460 56 -1149 -72 -92 -264 -587 -90 -177 61 -578 28 611 -983 271 -157 -2 -233 374 -417 -36 -128 -623 848 469 57 -62 578 816 -727 764 327 448 -273 756 -374 1124 401 326 1061 -186 445 369 872 -491 -55 -445 -1252 1118 -120 -79 174 -30 582 -181 -506 -657 -56 691 -700 140 -529 -840 126 -459 -1151 309 922 1019 -500 -918 -57 99 61 -291 1025 562 -948 -1068 386 554 -328 1253 ]
[-751 -359 -78 -783 -1319 353 544 -575 -171 -211 424 -192 -260 39 210 -332 -931 -427 920 -225 259 621 -518 1117 -564 -477 637 -501 -618 318 -816 223 -513 1620 -1199 314 -623 382 202 -375 189 513 236 -1025 -357 -389 1006 -676 1048 -6 338 1135 -815 -1048 -499 -1516 -470 662 258 -1520 -306 -515 -621 90 64 752 -32 361 -859 -562 462 -409 -340 1117 -245 -598 -779 -1121 292 -251 -529 -1090 349 -652 -645 429 243 -1065 70 365 410 -131 -885 780 1026 962 -325 564 582 -207 -231 1291 -831 -783 -541 629 -496 -86 -652 387 -380 52 308 -557 -106 -505 330 526 -849 -1324 -174 609 692 1016 297 -258 -1245 -747 ]
[-36 -323 -716 -456 -17 -590 -656 243 -231 282 221 1263 358 228 885 -644 324 -67 -877 198 -945 690 -619 -915 339 271 -349 933 -338 97 559 -235 441 706 -920 -178 485 -300 833 554 622 -1356 -387 -82 -14 -469 -831 983 -75 514 -473 -1267 695 -1404 -161 -56 1068 16 -405 -11 225 687 328 654 -43 216 -195 4 561 116 -702 -216 912 -748 -100 584 -14 447 982 -386 -864 1228 -125 559 -722 -171 -1085 347 429 827 -258 -171 1009 -117 -1750 241 8 689 -428 -552 -207 182 -881 -564 407 1205 1525 43 -547 -496 -22 -720 -217 -89 -30 -122 281 221 -122 -4 629 -289 65 -675 109 980 -420 513 ]
[68 -293 1020 148 -1498 -2038 221 -283 -1201 -667 -726 -881 -286 -1004 36 367 81 -340 512 1150 -355 102 -184 680 -542 -397 -302 -348 0 1299 -265 -1823 -227 466 -212 -711 -19 685 368 46 -94 428 66 462 578 -1143 -25 -582 -34 -358 297 365 872 -421 385 637 -617 261 -53 -860 381 -598 -21 437 107 -29 -169 -670 -651 545 -92 -616 286 472 -185 67 63 1025 432 -32 -537 -771 -100 -322 -770 -684 398 -130 -298 476 175 198 177 126 1295 -705 422 276 -702 7 -685 -80 -727 955 698 -328 119 446 -33 -244 98 -477 -548 -1028 888 -327 -1145 -207 -562 -210 -886 407 833 -1182 289 278 175 -1461 ]
[-300 458 -347 -361 166 859 -701 458 791 1149 -38 100 543 -520 509 706 -782 -775 121 529 -1376 -1025 -108 -342 597 -1040 122 -1130 62 -891 949 -268 1021 921 63 202 -176 812 986 -214 1639 -1185 1214 -1096 -274 340 66 -698 -764 508 -1037 185 -472 171 65 31 -622 1899 2 -51 -734 -404 350 -591 -442 -91 739 962 -524 -2 1227 1274 376 207 -153 -603 -61 439 -805 109 -262 575 -627 -453 -132 -1000 -448 -430 314 -1084 320 -1151 28 -126 -356 486 -228 805 733 -258 -21 1534 -4 -679 -504 -15 -60 -112 -584 -17 90 -1159 -1103 -634 -462 -353 247 431 9 172 649 -483 395 1414 420 -958 -1568 -421 ]
[-266 281 474 -889 -260 -725 169 314 3 -7 -570 708 -606 -528 320 471 264 -61 574 259 285 -895 254 359 539 -731 -61 782 -1295 -173 995 -517 126 303 817 -389 808 493 4 394 1111 863 268 702 1559 -12 -577 -290 287 -1549 100 -724 43 112 368 1244 -291 536 1162 714 -483 -16 179 178 -165 -1049 -162 -293 287 1124 804 -140 -58 518 -18 575 -854 2249 283 -843 -679 -99 -85 -103 -15 430 837 120 97 -130 93 1139 -384 11 -345 -327 1465 360 484 646 1036 -1034 222 520 1023 -1549 -942 215 -385 -379 627 934 1185 -421 407 527 -936 -1266 -191 -802 -683 -697 -384 544 779 112 1170 326 ]
[-1137 -356 99 -1145 -169 -371 329 1 -372 362 -428 835 -911 531 -754 -637 1339 283 18 -847 -307 -335 156 1107 -252 -336 -1140 -20 -1157 -247 -62 -2209 271 743 369 -677 715 501 599 -71 -324 557 307 -660 376 212 -1376 932 -273 -478 -497 -602 693 -374 907 -370 -607 -1105 910 223 -694 454 -239 528 -285 655 -1140 298 150 233 154 -1136 306 -579 181 757 240 -753 -141 123 680 833 556 -151 331 -287 -1037 -296 191 793 924 643 -295 143 227 747 258 -332 -59 -562 33 -885 -222 699 1109 -232 -130 4 -297 -447 189 238 183 113 -704 -778 211 -435 1179 -1328 -1251 780 -732 786 -494 261 423 234 ]
[-485 -1300 437 -171 -442 253 278 158 -40 -499 -234 -712 722 32 -120 -690 -595 50 -461 -733 422 901 360 165 -548 -169 344 619 241 438 488 204 -1528 -666 -1608 586 502 404 651 -746 -243 655 -824 251 -374 -1613 674 -307 1134 -589 -130 -793 493 -376 -415 -508 -767 274 377 -1078 85 -470 -381 205 -153 -154 490 -891 -359 -310 534 209 -211 -308 33 216 623 -308 -373 -365 195 -66 534 311 -73 -158 338 503 -487 -501 -1220 758 314 -733 571 -219 -200 -61 236 288 224 -1767 685 1178 -1428 -560 845 -540 -625 64 710 -45 -74 -113 303 45 -268 -168 812 361 336 436 266 -448 441 -48 -333 -17 ]
[-113 854 236 -431 -579 -511 -382 225 968 1227 -366 497 -173 -414 -179 99 449 18 891 -570 -1100 -671 591 1240 169 334 747 1042 0 -663 572 -964 769 1288 -170 -308 181 1475 664 458 1167 -244 500 -741 -285 1339 136 102 -685 -369 -380 1187 -28 177 -504 232 -410 319 1034 284 -795 570 38 -471 29 1347 -582 368 -483 198 314 -413 -532 453 -392 397 -691 -1166 -667 -505 20 428 -268 -1062 545 -539 -196 -709 874 -130 745 261 -521 -135 100 277 -181 755 -340 207 257 -538 -842 666 11 76 132 -36 -1457 -321 753 296 -225 -299 92 -1192 286 -385 1357 -1704 -553 215 110 1402 -514 -877 -623 -287 ]
[-763 -427 514 -1526 560 -478 381 -303 -1922 -405 -614 -304 172 627 133 -193 102 -357 34 24 -581 240 -22 321 -590 345 -467 -130 279 434 -747 -22 -438 -556 -596 522 -4 246 -324 252 -30 1022 375 932 -607 -648 -653 -961 463 -256 78 -718 439 -270 234 286 -386 -556 627 -888 -295 -555 -1087 981 252 -1349 -1432 -145 538 254 -444 67 418 -265 939 -558 300 1259 919 -552 206 -601 113 861 -453 -121 197 42 -908 421 775 -9 1162 -417 -187 -231 903 -464 352 499 178 -127 8 1232 151 -1443 384 238 1006 632 896 -1531 673 -74 -198 -861 142 170 45 -753 -999 30 -760 -884 1096 403 905 -85 ]
[-398 -575 -1271 390 62 893 -86 444 -493 -592 716 -808 726 -14 305 932 527 -855 184 223 216 -759 -397 -658 389 606 -747 552 159 -892 587 -147 434 -362 -612 -706 -623 -347 476 1162 286 -774 -1266 -778 464 -372 516 -536 223 167 -1056 -817 264 -402 50 -247 1188 -447 340 674 697 -216 -888 -195 74 -332 -421 -53 -202 309 -298 -191 -274 -856 -228 -895 -86 -298 833 -472 313 -273 -757 1020 -851 845 -1001 -114 164 969 476 191 134 -555 -154 209 52 524 -732 -8 -763 533 -419 -874 179 1814 307 131 142 -1129 448 -524 183 -437 767 -467 551 575 -113 -722 289 461 -81 1314 -607 379 -92 976 ]
[-227 -148 102 853 -216 -1185 -627 222 -585 434 -763 591 -1199 -301 -451 -222 -1079 270 -163 315 99 785 1071 1255 -1046 -348 264 -448 -1094 -822 552 -992 -313 4 1090 -757 167 -449 426 -441 162 750 -221 -249 -15 -247 74 414 -970 92 -89 4 -533 344 833 208 -775 829 312 646 -308 -585 508 -625 -972 501 869 918 -442 -61 1153 435 -386 294 776 502 326 617 49 -235 -509 772 -365 -296 -1755 119 -360 -672 281 -945 90 747 149 1060 -513 -488 -544 296 554 357 -189 -373 55 -654 -168 284 350 934 -582 -868 -286 845 -284 -504 310 205 -890 57 35 -349 -97 -115 673 217 -1094 -213 -252 -443 ]
[-374 -105 -293 880 407 764 -230 389 135 -506 453 811 533 -206 -241 -506 1093 776 -561 0 506 -31 -146 -385 -8 960 377 206 -92 -36 451 126 548 -525 918 -742 -134 -1624 -501 -270 148 -899 -303 -472 150 181 -273 496 -757 -129 143 -456 -699 -404 -390 -1769 833 -560 -1210 229 175 689 -672 1555 -186 222 -515 -264 160 459 -447 -285 123 275 -205 301 284 -17 1040 224 377 309 -270 276 -719 767 -1090 434 584 443 771 -259 448 1287 -153 852 30 284 -140 -473 -136 216 -258 -771 623 550 -470 -964 723 -245 -1451 -907 483 751 -302 -446 853 234 -617 -119 21 410 48 -713 -429 739 -243 901 ]
[1238 336 574 580 20 895 -347 943 -834 87 -688 -985 -316 -444 618 413 -107 86 445 584 96 -993 222 209 170 -725 717 -576 336 -836 -165 574 12 -839 476 -452 -284 -107 31 -257 -70 1831 -169 -479 12 -41 1519 -1612 321 -860 665 468 98 936 -126 203 -432 422 678 629 -56 12 821 -852 -437 72 138 -849 155 8 214 112 -319 551 51 -301 -1013 633 -241 -198 -17 -669 -247 77 30 1764 1100 -911 -18 -186 323 997 -798 683 922 -868 -694 267 459 216 -242 1268 619 -342 -98 -1442 -252 938 -210 -325 -472 880 137 -464 691 753 -794 -365 -546 334 942 -272 -120 1061 -757 -1070 60 -675 ]
[212 49 170 -700 -589 -1012 383 -388 106 177 -947 -1047 -1014 727 259 -562 -1338 335 137 660 57 669 1006 254 118 -611 199 -186 -139 1137 -273 315 -196 -194 101 511 43 755 -556 -575 -482 -506 797 495 276 -325 -279 -971 -191 73 535 981 30 -768 190 597 -1015 -395 -218 -502 285 -902 1123 -40 -276 1233 -387 311 88 -422 929 -706 -792 775 -384 -531 -1257 -1045 64 750 239 -964 -168 59 -320 -189 29 -192 -214 86 222 -203 -992 -626 768 554 494 -567 -400 458 -347 1256 55 -185 646 204 -175 196 -751 1777 -99 518 14 -648 -304 459 -15 -131 -628 279 102 -721 319 901 626 -1237 -1417 -1230 ]
[-262 452 -19 -597 -151 -220 1118 -882 -83 197 152 1023 333 247 -5 -1017 1 123 -357 -87 518 -1 51 112 -57 -742 -1259 267 3 868 441 292 -76 554 459 355 -210 -326 364 -189 -258 -1056 283 1022 665 -73 -990 210 -378 -618 -1008 -464 1379 328 56 548 460 -990 -507 -930 483 376 -220 1037 -31 -421 -703 434 475 10 -628 -358 -276 26 132 258 309 634 689 -283 392 433 287 493 172 -713 -888 389 -702 1522 -210 -243 444 -369 -494 587 768 464 -847 -33 619 -701 675 -281 -68 855 659 99 282 777 1299 -813 -79 -295 455 535 -268 -475 58 274 -1126 200 -271 -496 473 386 -137 641 ]
[-323 -2338 445 71 -1132 502 780 747 250 81 -185 -375 1269 -770 -1320 3 -669 26 -342 -69 641 189 116 382 1294 -936 50 1133 950 -593 250 151 -421 620 -150 1262 -10 880 444 141 1009 -369 -752 475 609 -751 1059 -581 52 -298 -206 -143 -287 -289 -604 -119 -923 -297 284 -453 273 70 344 725 -235 -417 -23 -541 693 -1368 -25 -39 -374 -99 -1759 -513 66 -365 889 763 370 799 301 -27 985 1864 345 2222 283 -1142 110 16 -942 207 -81 831 -335 -23 -496 404 -174 -1090 633 467 -360 -1196 -53 378 -707 -883 -512 931 1344 691 -508 -1178 71 257 1068 -116 341 -718 228 742 804 -285 -176 425 ]
[-607 272 192 -31 -234 -257 1063 -562 -703 -497 -694 -1477 -396 -13 30 471 655 -408 -206 -334 -532 871 256 -87 -519 808 -326 -1029 -74 657 -82 -626 853 273 -18 507 999 190 -19 608 285 -1041 -162 60 -874 -492 -786 -455 -259 203 -258 53 -912 -1351 -404 -488 624 -1294 -419 -995 62 -1726 -418 607 -221 -175 -191 -1125 457 -29 42 -334 -58 -344 97 234 852 -765 1371 886 1047 410 -311 1421 -94 -334 -326 120 -540 225 1092 -1057 230 -452 52 -92 641 -167 -1057 480 -1144 226 -147 362 542 716 856 373 581 -310 395 -715 207 485 -449 -248 632 696 23 -171 461 24 108 -757 251 722 -991 -156 ]
[-4 -505 -653 -536 -79 -960 382 54 -991 253 -561 -15 -589 -350 485 544 609 -766 1407 -282 -504 -355 381 605 86 676 881 -362 -543 686 137 -115 -1437 332 -375 -271 -220 -321 227 23 123 -138 -22 260 -796 -336 840 -608 49 -544 164 283 27 47 11 -508 -319 370 859 -716 374 -146 54 993 -37 -21 -70 532 -559 -48 1410 -1146 377 405 1052 811 111 620 779 -865 -883 -631 428 274 -1172 -339 -694 -215 -826 70 -369 174 1076 246 -317 -273 328 -191 342 -75 -738 -514 329 150 -848 -814 1062 1337 -308 -386 290 -895 172 -1337 515 -341 -179 -212 -1083 371 -368 -218 -4 383 28 -533 346 -345 ]
[-237 -271 -158 730 372 -252 -468 -204 -291 333 -1300 381 -216 -17 -569 1279 -21 -363 -54 1024 336 84 56 -186 284 446 244 206 -17 1078 190 -603 136 433 -313 -188 -22 489 -1001 261 410 -742 1081 360 -797 -753 -1695 -571 531 794 -44 -1305 -358 -376 573 -173 -64 818 770 -7 897 -40 203 1028 267 -1216 -427 71 -351 171 371 860 297 -721 -10 -428 -285 982 36 201 -1038 -870 -539 37 251 -133 -1388 240 -408 119 -368 660 -306 -242 -1434 321 788 330 -885 -454 142 -331 -57 266 427 98 -207 472 457 420 -554 -1429 271 132 -496 -265 -286 -218 -73 697 -283 597 -462 -159 -224 1293 -1215 1409 ]
[234 -232 -73 1340 389 -550 -122 -740 207 -912 -746 -1018 17 -1316 -1450 1595 -430 50 -203 209 1013 -154 316 306 -308 300 169 -192 -71 767 656 -1160 46 -29 -77 -664 449 -109 -891 590 749 -225 -366 1172 304 -1242 -40 -578 -207 -747 -138 -558 311 13 73 201 1198 187 91 744 -196 -532 385 163 238 -470 -593 -838 -318 317 663 872 -36 -21 -530 -360 1269 903 -741 -242 -891 4 -347 698 159 58 367 972 -736 -663 -697 505 182 -843 202 -857 448 -345 -744 263 -466 -800 -284 123 -838 1089 623 380 759 -163 395 240 414 166 332 -436 -690 162 -373 192 -169 -184 299 -320 -574 672 -315 235 ]
[367 -802 -436 254 -906 721 1210 543 1101 -507 546 383 203 -643 550 86 -466 238 -382 222 1492 515 -917 288 287 -1257 -341 -369 992 -437 1292 628 835 -212 201 -221 -64 -57 1653 -145 257 -1021 -851 -604 322 -555 176 -690 447 -215 -284 -886 -80 -445 279 -515 781 644 -715 496 113 50 14 -596 120 -23 205 -433 474 -122 569 -200 270 -57 -1296 497 -61 1113 -74 391 -276 334 -533 833 -815 159 48 583 -413 208 531 407 -715 324 -488 362 -510 252 -1409 232 500 -18 -120 -682 -751 801 0 -304 -127 -547 102 1503 419 -190 -284 -674 796 23 -432 701 1052 756 122 456 85 1250 340 748 ]
[765 -669 -1211 988 103 412 211 -626 178 -250 -216 -66 -292 849 -331 -684 -468 763 -678 46 15 314 763 -882 -914 144 126 -578 1064 -1422 619 881 -106 -1448 -494 -263 -521 -1060 -458 657 -798 -889 -317 -969 -1338 -137 730 -388 -422 947 -76 294 -65 512 -94 231 872 322 -1269 818 -70 375 128 -802 172 -306 481 -37 63 -62 -105 656 203 125 -230 -874 -323 -201 -226 -205 133 -332 -547 258 -664 241 -685 -42 474 -4 478 -25 145 861 -337 408 -1065 140 581 323 -360 1973 315 -1313 -323 1598 33 -403 295 861 -166 876 -313 642 -723 242 248 1049 -689 536 1544 -483 554 -358 -854 -570 -279 -177 ]
[-375 919 -514 -703 837 455 309 -166 -273 -1161 738 40 179 796 675 -631 -579 -442 -949 -388 -663 458 1317 17 -647 -146 272 -1422 -844 -269 -1636 685 -24 -774 -183 -1326 -85 -592 -1039 444 -1660 -823 -524 787 -421 314 1252 -820 -664 -170 160 759 719 985 283 827 811 -691 -368 -194 18 56 542 -510 -569 356 -485 -7 -773 -291 -519 -241 175 33 1374 -893 994 679 199 6 -773 -543 457 215 -786 -515 -398 -390 -1371 483 529 -252 702 184 -663 -760 27 -987 112 31 17 1732 -131 -473 -545 1144 299 613 1144 320 857 -900 -410 104 -281 224 1061 669 -30 -254 185 17 84 176 -761 -298 274 -653 ]
[19 -75 -366 132 -393 615 -761 675 -625 97 -409 1289 906 -367 136 46 -992 468 499 -246 461 -812 -329 504 -767 210 -1126 -305 -11 -384 533 -637 -53 -670 1233 -1993 269 -219 -158 -451 325 1259 421 -383 734 -423 -198 -443 931 -1584 1717 -340 850 555 557 86 -450 646 1041 421 -1120 82 299 -872 -268 -744 -1162 -731 54 257 331 -1387 228 -1208 328 252 -1106 796 -36 -931 -470 168 254 -598 -1235 -842 848 -48 -240 149 30 1190 1193 91 -469 -686 -294 833 -115 601 476 -475 666 -1288 -312 -173 800 -849 1363 -705 -186 1041 -161 -1286 13 359 -611 -84 3 366 -912 557 -775 94 -417 188 814 -354 ]
[349 -272 -1128 -83 -357 802 459 -737 -476 194 1157 531 441 347 65 -251 -1014 -918 11 109 39 1021 -492 41 -618 -600 -757 -2204 416 -226 -853 510 54 686 423 441 -1512 -1016 881 406 -282 -654 -412 -108 -318 39 1228 -538 -212 352 181 549 632 -63 -329 111 1073 14 -898 -1334 470 138 -1094 -639 -699 -320 1310 658 -405 49 -58 772 -714 99 55 134 428 515 301 -418 -161 103 -55 120 -868 930 474 -520 335 534 -166 -574 122 -414 538 628 -752 265 416 238 230 320 -137 -397 -1977 1871 1104 -597 -64 -436 1058 -102 246 214 38 80 672 578 -1123 -42 734 433 -154 -896 737 501 311 806 ]
[304 -709 -43 -122 -106 -148 -394 192 -178 466 378 373 -376 397 -250 225 261 1183 228 517 952 -83 -667 -744 633 774 172 -418 -311 445 -434 283 -824 -818 101 322 -161 -411 72 -984 -900 -466 103 1206 458 164 -966 755 11 550 1502 -655 89 600 116 -227 -121 535 373 54 441 642 721 1176 -262 -715 -58 61 350 -320 -1133 899 -972 -575 486 854 -1314 -83 -27 112 1160 677 -164 451 -632 492 -338 14 1107 530 422 378 -169 -147 427 594 -98 449 -600 -587 1161 -650 316 394 504 -1129 742 -43 424 541 -400 -623 894 1047 -169 1315 -499 170 -254 1636 -811 -520 -688 -400 489 610 781 1138 ]
[-64 888 472 -767 380 -81 -877 -320 361 388 172 -587 873 -538 -619 155 -132 309 753 659 -35 -232 -155 -421 974 -373 -798 1532 247 -111 685 -373 -616 -282 -803 21 -451 807 197 -399 712 -744 403 77 119 287 -370 -598 585 -51 -125 45 -252 -103 -791 416 243 -224 -108 -620 -109 -342 -358 571 472 208 -50 -404 374 -392 -211 -535 523 -537 -33 -118 -1060 -408 334 -58 -611 -133 61 363 50 -707 -887 320 93 -345 -270 93 785 535 -814 339 630 275 -141 470 -1115 931 648 39 122 402 -330 -1011 674 1034 -19 -115 -484 -395 132 -651 -75 270 -67 -998 -524 -679 662 -40 165 -1141 -1040 -662 ]
[-525 -537 755 -103 -152 1117 711 1197 -460 506 383 618 227 882 -46 -135 -377 -1190 19 -864 147 79 -926 1140 532 -149 -78 -411 -674 -5 -156 277 47 1321 303 64 344 358 805 -481 -53 548 -333 -441 -1224 896 34 -314 -378 931 -708 -71 422 301 329 -676 -868 -1149 682 -863 1284 -692 49 266 350 -330 996 675 -1517 -639 201 -403 -1063 372 515 -92 945 -434 1140 641 470 172 436 75 -439 726 -147 -111 -230 -75 -540 965 767 -237 140 210 -290 973 -53 86 -218 -691 471 292 -433 -849 279 115 -847 -619 -45 -1194 -518 -885 637 -188 864 119 343 -856 -168 1194 475 832 -1068 489 628 140 ]
[342 301 157 -847 598 -1437 46 -1043 664 -281 -414 -309 -1192 221 -102 -431 828 -354 -469 -21 -134 -589 1085 -162 277 -933 41 912 -243 -551 539 27 513 -428 -1237 220 332 124 405 1233 -510 13 -292 941 487 380 -95 329 -266 -157 -965 -713 -61 913 -921 1213 -5 107 577 212 -1046 -362 664 -621 -251 -285 148 -175 144 -582 93 39 514 -154 -190 360 -573 777 -623 799 29 -709 104 -257 -202 762 -779 378 422 211 -435 594 -281 -1168 -343 -395 261 854 -1302 -23 144 -851 -98 58 382 114 306 1033 -73 581 1096 -379 -314 452 -196 55 -1381 -980 1777 -533 531 -646 839 70 -106 -960 -598 180 ]
[-591 571 658 542 671 274 -940 119 655 -531 1001 862 1373 -231 -759 -60 -216 390 -496 -13 21 -254 84 -320 373 263 -42 759 128 -906 614 856 -166 -201 -367 -578 -355 -424 -190 -476 142 -707 -436 -264 -681 917 -121 -224 511 555 468 -533 -695 461 610 -163 677 187 217 1233 34 32 245 12 431 342 -1135 -210 -222 -875 -1122 361 989 -539 263 -817 964 -924 444 985 -827 607 149 -77 409 180 12 936 425 -534 -361 226 272 1778 -977 -456 -1681 773 -391 -470 -715 759 519 -806 697 383 67 -689 -26 -702 -1049 702 178 -34 -1761 -923 732 -381 667 51 113 1013 -798 -140 -1623 453 296 707 ]
]
