[[-192 252 -736 8 -1010 738 -148 489 736 176 -459 782 -714 -316 124 -577 43 293 -161 163 -861 -537 64 669 -33 -277 767 390 -5 691 -286 -448 -272 -494 -283 173 -870 73 346 -349 -268 829 -329 463 27 -421 -342 -447 -624 -244 395 114 -67 -211 -476 450 -480 -259 845 342 -378 64 -496 -163 571 -64 -457 719 615 250 -315 7 -1127 -261 341 518 -41 504 -137 -487 -1135 410 -951 396 248 23 -46 -60 375 508 535 -399 547 -176 -486 -312 -1179 282 -119 411 1265 -702 -744 126 250 -130 16 -817 167 -11 -566 -42 -803 -162 -144 -297 -361 179 103 261 -319 -388 -684 166 -690 -114 -377 -399 ]
[-153 189 -250 -439 486 -826 296 -574 -319 10 777 -96 615 477 -1038 242 -433 -342 331 -648 395 90 -36 -672 56 -343 -366 -373 -181 94 -170 304 -402 802 834 505 131 17 125 481 -236 -1374 1540 -816 -478 -855 -812 108 1023 -278 -305 -256 -102 -666 -8 484 262 318 -444 374 345 500 -271 646 -193 -309 179 -111 -504 -523 337 -156 332 40 788 -765 323 -252 1144 554 536 -60 -38 388 868 22 -15 -108 -166 7 -286 580 -114 252 958 275 343 -545 84 -560 -352 722 693 -861 531 -559 -727 605 361 38 925 1051 398 362 -80 -262 611 -95 -421 -1209 -96 -202 -475 -199 373 579 168 438 ]
[-155 29 164 393 -102 -165 -466 800 879 652 238 177 -269 -428 857 -425 220 -686 415 349 -630 425 555 114 -95 213 1219 183 -516 11 922 269 -661 475 -155 -22 -195 -1142 394 -914 23 -150 -122 -22 -354 -265 577 377 -86 494 -196 346 108 621 82 -270 173 -23 218 -92 -157 103 590 340 138 909 164 69 79 696 -157 507 -419 460 -298 -386 -373 711 223 -406 561 -68 151 -477 403 851 -565 -612 -218 454 -428 -102 609 -302 -698 -374 60 -1299 529 -90 -226 -785 276 -105 124 556 462 -658 -1497 -92 -267 -630 -424 123 -1098 -394 -488 -315 566 407 -668 90 665 747 -622 -112 -329 -318 ]
[-343 -10 -265 64 492 235 -235 349 -35 145 -200 264 -470 -126 1020 -523 553 -779 -586 31 -1277 231 134 -577 325 -473 451 463 -240 145 209 -226 -655 28 568 69 -930 75 -1148 -812 -657 -561 -495 -229 717 -710 34 -27 -337 78 570 -173 -677 96 -372 -604 519 -106 610 399 -295 -269 216 -334 432 1101 -280 116 -83 268 -95 -35 -705 271 -506 -292 -69 -241 86 345 836 -576 61 -666 743 147 -1013 -733 354 972 -187 -345 51 -92 98 -271 828 -1144 -176 -288 -254 -242 -170 -476 410 -237 132 -336 -265 -750 -314 -209 -861 282 -1167 146 -125 -371 60 -218 -287 529 -325 330 -1331 175 -75 112 ]
[-1089 -163 879 473 1051 157 43 444 -596 -524 802 -254 400 -42 708 84 -205 -710 -1075 -463 -868 747 470 -523 -125 -445 -428 -404 148 -108 798 39 271 455 1321 -66 -250 318 -429 98 395 -522 -415 -695 664 236 705 796 -90 436 550 -77 10 664 438 -590 -291 268 -657 -33 -694 -214 856 -223 -88 787 829 -164 -850 1066 -1032 -264 457 820 -343 -538 -546 -341 -60 -79 365 557 1029 -986 64 357 -687 121 -151 74 -189 158 317 6 100 -182 994 -1167 109 82 -143 91 -250 -834 144 133 -59 888 -493 -328 183 -71 349 -119 -329 -75 701 -207 214 261 -664 466 446 -461 -761 232 308 -599 ]
[-1374 319 -786 116 234 87 -397 356 124 1080 450 305 -860 -423 212 -125 -319 457 -152 -624 -1223 -315 47 129 -61 -229 505 243 -451 883 755 -205 386 350 333 -268 -156 -553 102 -175 -459 -758 153 41 -369 -289 174 -158 128 242 -192 671 407 -299 -197 -395 305 305 -219 1120 -668 1216 5 608 -59 433 -345 18 264 442 -513 221 -402 323 87 -937 -798 299 -344 -118 -925 903 -898 -414 537 263 -651 -85 -475 -4 388 465 753 -219 -314 -218 -123 -637 346 -199 829 169 -359 342 539 -159 -485 765 -1222 -215 244 -109 -297 567 -84 -878 728 375 522 -272 -1112 -576 -166 991 -731 441 261 -31 ]
[-29 266 -589 58 260 -1094 -122 -88 311 1512 -56 -56 77 545 -484 153 149 178 44 343 191 -168 -332 1175 425 135 552 158 -1031 266 671 942 -162 397 -1165 -323 -63 -426 516 -1238 165 -269 702 223 55 25 -106 33 481 -234 -783 -176 203 -27 -614 47 413 204 -465 993 903 591 -612 1016 170 40 -39 97 25 -132 77 1027 201 204 -393 -476 -312 -800 192 -389 1199 -665 -405 139 345 -359 461 -368 -417 -228 -684 528 780 233 215 -137 93 315 -274 -664 185 -515 528 -6 -769 196 -405 -196 -343 634 478 635 558 109 -509 136 -226 -495 179 -241 -339 -113 404 637 464 339 -640 -663 ]
[434 -79 -142 -711 -195 106 -584 259 -319 -501 803 452 223 395 -464 819 -441 440 -920 -71 232 -983 361 449 -671 129 -556 185 230 -112 17 20 178 -266 16 -105 527 1049 778 336 446 73 815 233 287 -145 -673 293 -254 -176 -51 216 -395 -106 -402 443 -889 -205 -494 915 135 -72 -434 -261 -41 55 -258 459 155 179 -916 523 -72 -149 -340 -872 -445 50 63 14 590 1063 -1656 289 35 -844 766 156 323 -207 -220 326 650 308 411 397 -768 170 -563 -733 708 -39 -296 -685 -574 533 -58 184 724 699 448 1308 645 -61 945 291 892 -190 -147 372 608 -1363 -147 -599 490 510 -243 -797 ]
[-777 -945 -683 -496 227 324 47 -320 -12 318 -137 -811 -560 -468 -162 33 -445 -729 -105 -171 -1375 580 -214 -772 750 -146 -315 352 -105 293 289 80 1127 344 -300 18 -376 -271 -556 -128 -721 119 -320 -287 -24 -528 404 -538 -223 529 -139 144 474 -14 421 -766 108 35 -317 -112 -1434 1004 406 -312 784 411 -292 206 -105 822 -149 55 -289 -203 781 -142 185 46 -4 -337 -436 -501 -183 -212 549 781 -841 -685 -382 8 609 -344 226 -309 -61 102 373 -859 147 -181 725 520 -500 351 275 -611 -1200 480 -522 -806 -115 -1031 -759 -422 -357 96 215 783 255 375 -1120 938 -402 991 -642 108 411 347 ]
[-755 -215 237 802 422 42 228 -385 -343 172 -162 30 477 316 9 -627 375 -1035 -622 -264 -330 382 -148 -869 72 -204 -310 -898 34 -216 72 191 -634 760 1631 -457 -538 304 -574 168 44 -178 -414 -908 1226 -546 -631 106 91 -86 1137 -283 690 -178 -360 -456 -514 250 114 -195 -52 -330 742 277 -2 -179 312 -555 -269 345 -20 -379 -128 440 752 366 -496 -996 35 -121 -620 -288 1045 180 -153 788 -530 -275 -51 196 -256 538 -136 -829 -16 347 1319 -214 365 -653 -528 -810 126 -596 758 -297 -489 713 32 356 407 -659 -179 1044 -825 -331 730 -342 -851 -967 -1087 1161 -48 -541 -859 -151 -136 -209 ]
[-87 -1191 -33 -553 -151 758 -1007 698 -118 -234 -364 -105 -619 -416 -49 137 -293 -1032 -92 -58 -1391 -28 344 -234 -361 -37 -123 -60 275 492 144 -122 437 1027 1122 -407 329 460 -848 -99 -293 428 -1315 452 589 -272 -47 -24 -75 440 935 951 174 -137 208 -1222 -375 -648 298 -232 -420 546 960 391 111 334 -383 111 -213 485 -155 -330 -619 275 156 -790 -560 123 -893 -276 -130 -222 -83 -11 -291 542 -608 -843 374 123 184 -228 -235 -724 -488 43 516 -279 -321 -443 725 -220 -947 672 -121 -289 -409 581 -435 -33 150 -1135 -194 -49 -395 422 -67 233 -285 643 -378 24 568 676 -546 698 -12 -949 ]
[147 -2 -892 317 106 -226 175 -952 730 396 406 -213 27 204 -659 215 344 -260 103 231 -101 15 -907 248 999 -365 340 527 -855 -2 -307 755 -180 -462 -2076 1408 -740 -216 310 -646 -1095 -306 875 -221 -227 -750 575 268 374 -159 -777 -1076 -68 -903 -328 576 818 711 320 96 -21 1022 -286 323 1515 298 -210 96 -607 -94 60 795 -35 -191 98 -464 133 -423 920 269 718 -793 -385 8 1261 -40 139 -453 -533 492 -271 106 748 287 405 -136 761 -609 -540 -159 199 687 567 247 -217 -586 -796 -501 -92 113 -106 375 -461 -241 -17 -42 -949 -16 1024 408 -547 650 -1075 126 -838 45 -197 425 ]
[241 -817 323 -979 -856 157 -1257 1067 581 -393 1013 -182 429 -707 -598 257 -23 -837 309 419 503 -224 402 -923 -947 640 485 -21 734 -491 286 39 -398 1400 1345 316 227 172 -13 670 -81 -1017 558 -366 -917 -1081 -613 -847 260 625 788 271 186 43 62 697 -659 -243 -83 -445 -849 510 346 52 78 -221 -795 -778 -154 -276 -291 -501 -448 63 953 -443 261 794 639 -460 -189 899 -668 561 147 -90 -570 46 522 127 38 173 -31 -207 -152 87 -323 -639 67 -1219 -69 -356 -686 -312 143 -502 -694 -153 -601 603 398 291 792 468 62 -1149 812 228 -306 -399 -328 -779 360 486 365 335 -116 -164 ]
[-214 531 -768 532 -116 237 -153 54 274 936 84 382 -728 141 492 450 36 -961 -542 -198 -914 -537 405 -336 229 342 -229 328 -271 -522 496 -559 -495 -499 -304 -860 66 293 -447 383 530 1368 -476 -392 1233 -26 362 209 -1219 -119 -23 1189 45 294 -1099 -831 46 -405 63 990 -549 -652 -740 -357 225 135 15 -56 722 936 -603 339 -750 97 -540 -43 -1115 -548 -639 -276 -79 279 -976 -448 131 115 505 -1110 246 -191 83 922 837 -459 -212 302 -80 -389 -190 136 -293 -696 -502 -81 27 1248 965 -125 -295 91 77 -768 -510 463 -646 767 404 -66 9 163 197 100 30 403 -993 115 -20 -102 ]
[273 -811 80 -46 1004 -627 -509 -747 175 1130 -1271 -617 100 -166 687 -655 495 444 -722 399 278 314 -1289 -171 228 1046 -338 250 -756 -217 62 711 486 246 -1259 -486 -407 399 -751 -1740 -534 -381 -276 7 1571 152 712 97 -425 -79 92 -723 998 -58 -179 -789 902 243 -396 -399 222 -56 488 -252 -19 1002 -936 -811 219 101 616 1059 438 -538 -292 -126 434 -1448 -870 -298 1250 -1564 288 -17 -413 -114 -448 392 -474 213 -706 -145 442 307 -112 -515 907 120 -344 -1056 -754 -147 843 535 192 263 171 537 -71 -529 -82 -587 -486 367 -71 30 637 -39 -33 -732 -397 1967 212 160 148 -431 218 663 ]
[-179 -447 307 -280 -538 882 295 314 -240 -299 -631 -599 333 3 492 244 701 825 -616 341 -270 92 -61 226 363 -442 -744 92 139 27 -227 149 1286 -603 -455 -620 153 314 122 -69 -538 254 -1083 314 -482 475 -696 -1527 -504 218 -301 -694 -70 307 197 -555 -598 -610 580 -194 -44 -2 -108 -374 315 -779 -45 -555 -232 530 329 567 39 52 35 959 -113 194 -299 -12 -1197 346 -676 715 -8 -423 -227 472 221 518 729 -567 -560 -653 -388 439 73 1066 432 -112 1073 5 15 196 -377 -1356 -909 337 1410 -96 -245 -654 -22 -284 -32 520 -12 818 -220 291 -662 -399 -522 -34 -35 -712 -239 -125 ]
[623 190 -939 -617 167 -681 -882 135 695 941 435 277 -822 -148 114 -898 8 -660 -326 239 -164 -338 -411 -116 -47 1390 507 721 -198 -522 528 -164 -739 792 -364 -436 20 -265 474 -1411 -381 -306 254 -409 860 -472 270 349 -123 -139 -104 554 352 108 -890 -359 215 -247 -559 330 -260 -233 -357 571 198 796 -1355 -290 1000 -580 538 -94 -138 -279 -108 -354 8 -665 -595 210 1031 -378 -1400 -156 327 -674 -271 -484 -139 -297 -835 391 1205 869 193 12 109 -339 -204 -1338 -611 -1083 -754 -436 -118 798 -113 -998 -1034 64 176 298 1253 1488 -665 -232 268 235 -629 -1081 124 70 -104 820 -110 585 -435 733 ]
[-1327 432 507 129 -132 -75 -1038 1938 -510 248 184 -655 -59 -275 1237 61 -139 87 -175 95 -635 -343 1322 39 -301 -765 720 168 -690 254 1340 -381 -1081 -123 942 -163 -148 548 -1375 97 241 -3 -427 580 -408 462 -50 -842 -897 435 -110 58 -1073 1043 92 -1 166 -294 -291 331 -345 -5 -293 -312 -81 812 372 -432 -471 445 -808 -104 -151 436 -1510 317 180 411 69 -721 795 548 10 -1061 -304 -208 -769 -65 1286 539 362 -295 -362 -396 17 -641 -158 -715 -343 499 -509 -138 -701 -21 -403 467 1101 -599 -783 -514 -391 -81 -49 -958 -661 273 -820 -147 779 1031 124 46 409 791 -510 -217 -17 -846 ]
[164 -379 514 14 306 -241 -345 329 -711 233 -31 725 743 390 -242 -10 365 73 -791 654 1039 -440 687 582 -2 14 413 -1028 -663 315 121 476 -1102 798 1124 681 -125 1322 -628 -208 471 -806 468 391 -805 -393 -902 -606 596 -221 -70 -1029 -542 210 -11 127 -174 580 12 -328 578 511 88 160 -197 316 503 123 -621 -148 -43 -232 17 329 523 97 761 -415 326 -77 1589 -312 401 1002 164 -439 -123 440 1125 386 -350 87 -515 -206 816 -429 604 61 -583 -1036 23 -282 -93 -261 -610 -139 -49 -828 437 36 474 957 323 428 81 172 -402 -401 -633 -395 -452 257 260 54 860 34 -434 -1084 ]
[-67 -445 -334 379 -303 198 901 -419 -177 -170 -337 -91 254 896 -1063 -492 -334 -670 105 426 -698 -77 737 -468 488 307 -556 -325 49 -787 20 -546 546 45 315 -820 415 -36 688 867 173 1237 -649 179 -175 294 580 -530 13 212 101 296 161 311 364 -1073 -470 -272 122 -823 -566 135 -146 138 -91 -440 834 422 250 493 85 -769 -218 248 1183 585 -14 129 -1117 -42 -1578 -408 261 579 -441 412 379 63 -314 -824 326 213 -283 -799 224 719 855 22 116 735 295 181 -874 272 58 46 -769 -916 94 -698 191 -949 805 458 576 169 -723 1336 -1112 783 -164 651 -12 54 -300 197 394 29 ]
[-22 1088 -78 290 93 -1072 -32 147 398 843 -450 927 -148 -332 258 -178 105 -437 521 230 590 -248 -261 576 127 683 694 -474 -766 908 -423 -80 -1767 326 -85 963 -777 -254 -1109 598 223 -181 1501 -236 -938 -122 61 529 457 -196 -453 -334 -257 338 -302 634 184 583 -653 148 617 137 -404 -327 -392 -471 263 552 267 -817 503 -40 285 -280 294 -126 711 -385 343 336 394 -160 12 67 -17 -355 -205 687 -79 -241 -73 -256 361 842 310 -1153 -1449 268 -329 445 -228 -628 -239 -164 430 502 983 -379 -645 -326 -307 1227 -149 -202 -201 -231 -122 -191 289 -1126 496 31 -419 567 918 222 -15 516 ]
[-169 -487 432 -709 -490 99 -510 788 1152 -400 314 -836 162 -724 517 472 -207 -697 -510 51 -718 366 -366 -243 -49 238 -361 559 150 -740 -708 42 123 86 -194 1043 -536 518 -641 555 -472 648 -139 -785 289 -492 157 83 -753 370 113 305 115 245 -178 699 -902 -394 -172 224 -1135 -361 -480 -1160 166 274 -417 -24 -1075 378 -310 417 -501 -177 336 -28 386 372 325 -768 947 1318 -1095 322 453 -296 -569 136 770 895 314 -225 750 731 175 -122 -1329 -834 -202 193 152 -220 -700 -977 70 -227 62 849 472 351 -251 799 22 -942 -715 655 1164 513 1019 -489 651 -533 -367 713 274 202 422 -36 ]
[-432 -600 -106 628 -312 677 575 -296 -356 58 -535 -730 -163 464 -277 780 -548 -57 -303 -133 -497 80 18 -1172 691 -99 -907 32 -668 -700 -42 -526 -36 -178 668 -9 -89 -85 -720 1166 -151 187 -65 -284 -969 -420 -590 -1341 -682 -77 -753 -68 67 69 -242 -1320 -509 253 314 325 -564 608 -275 -929 -23 285 -22 -208 -326 1076 -72 117 -367 686 605 346 37 541 -352 -391 -1079 289 -336 272 -113 985 -47 -583 825 609 528 805 -825 -796 543 853 997 -847 940 102 30 231 -339 522 310 -466 -335 192 375 -566 229 -1334 -780 -77 150 507 -248 337 564 4 39 621 -412 834 -923 -341 882 20 ]
[287 -456 62 374 421 -690 478 152 87 429 -1034 -402 63 146 473 339 1373 -1598 -374 486 -57 348 -129 607 788 278 -662 -401 34 -459 -523 674 163 371 -781 -245 206 518 -1734 -152 -46 457 -1366 235 918 -90 862 -407 96 880 672 -20 99 600 -220 -553 -421 -647 388 -652 490 -243 201 -61 890 -96 554 -47 -1446 -508 130 114 -62 246 -115 201 24 -1278 -706 -158 1454 -1091 1191 -86 -226 -528 -269 -270 -171 -84 596 -231 4 6 -372 -104 449 748 -387 -393 -206 -746 -595 -466 -1036 -661 54 -118 107 -562 276 379 1052 -216 -901 1078 -65 356 -365 260 -245 190 702 1032 163 125 -608 -407 ]
[-61 -110 -534 114 -70 -53 -226 96 -215 532 142 1042 646 269 -378 113 -303 2102 -265 -1203 835 -994 -92 563 -319 -182 76 155 176 214 -381 295 227 -547 537 0 210 330 734 14 60 -660 148 627 -156 -236 -780 -661 411 232 -193 391 682 -980 166 787 -461 1104 495 541 -116 173 48 -173 -1109 521 -546 776 234 -445 -521 457 1 -290 160 -423 -422 -93 105 -311 46 1173 -537 903 225 -62 98 281 518 199 1002 572 201 -196 224 770 -639 -234 470 -842 438 261 129 -595 365 363 453 711 200 48 349 1800 -856 681 948 -164 1336 16 -20 -338 -923 -800 248 251 349 -481 109 -601 ]
[-1554 479 369 1079 -614 -445 301 767 51 865 -552 -143 -74 -271 602 -345 1035 -656 -122 651 -854 -410 529 -76 218 -831 760 -246 -847 143 93 357 -501 21 200 -500 -417 -235 -779 -8 -201 -42 -475 835 461 45 -118 -273 -91 525 837 -378 -803 199 -232 504 -163 -666 730 955 1259 315 -506 772 424 122 1015 -313 -1006 -285 -1276 3 -856 397 -340 0 -990 -147 -159 -334 -566 51 759 -999 241 258 -341 160 385 310 -88 379 -178 -649 -564 -728 -1038 828 311 777 234 -243 94 53 97 -757 -41 -563 -510 8 56 386 101 -602 -544 -434 -144 -182 156 462 -287 -207 221 258 -748 -76 -447 -744 ]
[885 -1043 -36 -218 -570 649 -559 -192 705 451 -364 -34 -882 -823 628 396 -331 809 94 -222 500 665 -116 534 -571 287 887 -4 -209 805 497 1115 1584 581 -741 -176 359 101 743 -1197 483 -163 332 487 -36 -653 -189 -587 -431 -485 -576 139 1279 454 -89 270 -316 -547 58 -228 -24 464 363 177 1113 633 -1141 531 285 1134 210 1456 -298 -11 -164 -90 172 1130 -392 -1301 575 -60 -410 358 -444 457 356 -531 -270 516 -189 -238 539 -284 -1238 -465 -1158 -286 624 -772 1196 -362 582 368 -519 904 597 258 -269 -47 232 -809 -1308 -7 61 -243 316 -944 675 574 -203 395 611 920 341 -375 -280 -352 ]
[874 113 59 -510 -117 456 24 46 1081 -833 -799 -650 -188 -536 -772 130 532 -1096 478 992 -11 422 -1008 -482 367 700 360 836 932 -133 -1454 -609 30 -796 -1603 1145 -258 71 -616 -289 -170 963 -1054 96 269 744 1503 -143 -426 250 580 -1078 -394 -334 471 457 318 -103 232 -1152 -535 -248 -389 -1188 1157 -593 -294 -37 610 -734 638 -742 11 -1109 340 725 1538 -561 29 103 -487 -1093 106 86 175 -469 -261 876 -141 508 833 -1093 350 794 -37 -524 -21 1029 -1410 973 185 197 -313 1189 -27 -677 57 -851 823 -462 -1260 -1446 -390 -1010 342 -39 -1013 1212 37 756 379 1118 -1122 -748 349 -551 429 1266 ]
[-92 -1303 -787 522 -459 7 536 -1290 126 584 -1726 -133 -600 -76 -652 -440 -750 790 723 -437 208 -964 -900 594 -260 587 -572 -51 -535 621 -720 -632 108 -124 -1290 536 -180 411 88 660 -1012 1015 -190 684 -72 -232 -530 385 -263 -665 31 372 1468 -758 -157 85 -24 676 360 -511 101 1418 614 55 98 -27 -451 882 -299 -293 449 -182 -667 -279 1225 157 567 590 -528 -1059 -1153 -389 -11 114 -1373 667 589 -30 -95 -98 481 592 -587 13 -619 -322 187 398 -99 182 379 -51 -379 1461 352 -56 41 756 -241 3 39 -1012 -1147 -256 1396 -105 95 343 269 1050 -103 520 -185 147 252 52 640 -737 ]
[-422 14 427 -680 -214 565 -1729 365 -762 -715 -928 -779 -207 -449 456 498 1120 328 214 1021 210 -187 -647 -473 -107 -80 231 456 427 -172 -160 328 -390 -280 241 -345 480 -340 -1174 -394 -416 -190 -1068 613 -88 192 -967 -554 -403 720 308 -439 -504 -296 -208 -695 10 -622 104 -383 588 11 593 -580 -726 -413 -934 -1103 666 -439 340 792 215 -958 -803 882 -71 121 -25 512 -299 -734 -256 -157 -952 28 -378 -33 282 578 402 -963 -930 -1091 -973 804 405 1325 -67 -536 -95 -320 573 1311 -28 -872 -374 557 447 903 -815 -1941 -217 -47 -1 9 -192 68 558 -552 77 -591 333 -102 39 -337 237 608 ]
[-253 45 -202 -261 -1088 -416 22 165 231 -213 -405 446 558 -255 -968 -934 -99 36 792 649 382 -238 -173 969 658 -32 627 -19 242 809 2 -166 -248 -15 -43 355 -1199 -108 204 198 -4 563 -555 606 -1197 549 -122 180 829 -18 41 -118 318 -98 462 -166 -143 1005 81 -141 -341 176 -65 125 -615 -1042 16 1255 479 -1273 708 -1149 -258 -500 1284 1309 5 -123 190 277 -1404 94 497 384 -605 -614 406 -36 510 -464 232 -25 -50 100 -76 -569 2 1229 -399 293 1010 -440 -1490 419 -57 -219 -1074 -643 -18 658 -175 116 426 281 523 237 -345 455 -697 197 -416 -171 115 -250 1061 400 258 -824 ]
[-258 -199 -46 -1410 -875 738 -1116 1025 703 -703 817 103 203 -469 -1076 303 -859 -89 373 54 -887 136 -102 178 -197 426 -940 1103 928 105 105 -681 588 51 -183 -179 -179 206 207 719 -30 -47 -40 -61 -881 -132 1530 426 -664 233 511 1324 -113 -241 279 -3 -252 1 -257 50 -2263 452 -759 -33 -680 -654 -1028 164 378 334 -695 125 -36 -858 430 -366 -129 817 -608 122 -1447 685 -1238 205 238 -382 220 313 132 91 809 -197 1333 237 -30 -584 -1141 -687 -514 593 1555 1066 -1489 22 121 -69 -456 287 224 -429 249 339 1044 -715 994 -592 923 1313 688 9 426 -1511 55 184 -7 664 740 340 ]
[524 619 -771 618 699 724 893 -361 58 286 -276 1380 -669 148 794 -333 533 545 -120 -321 -448 38 104 -374 382 -430 1270 -169 -452 579 -94 -103 -468 -522 844 -354 -536 -792 169 -343 336 -329 -97 93 -381 -461 -427 -1635 64 -343 -24 -552 160 144 -692 -210 596 421 1208 569 451 -834 323 -761 231 552 323 462 1358 239 288 287 -354 1123 -54 -225 316 204 192 423 -55 266 -308 570 901 523 -763 66 -85 1192 33 -314 -441 61 -83 251 169 -396 989 -76 -99 -718 789 347 737 -338 727 148 685 -457 -518 -184 -2546 595 -862 -302 -313 -368 69 -824 -586 254 -1056 168 -907 -530 -553 411 ]
[258 474 360 1174 340 -189 -147 420 -263 415 572 622 -548 -216 804 128 9 -115 -1437 -354 646 -106 125 95 -630 744 1213 -419 -602 -306 -161 181 -1288 172 168 1216 582 448 1020 -798 742 827 162 -517 1529 216 397 1530 -323 89 -278 -481 543 840 -491 492 -1015 -490 -439 -456 239 -365 659 -184 594 925 350 429 -638 645 -290 359 660 -62 -819 2 116 -537 -197 -370 2268 225 -226 -618 -490 -285 220 567 304 291 -783 429 1489 571 -105 286 -489 -538 250 -522 -385 -1362 -157 -1482 -622 2079 1740 -563 -1183 194 -261 539 652 1036 -335 375 -329 -367 -87 633 -447 625 111 147 -326 87 -276 -76 ]
[1360 323 467 523 -581 624 102 -133 -745 -348 -241 962 -921 -623 992 784 166 27 434 -658 -29 -433 -321 -717 -329 71 -200 377 -6 -196 -471 -547 437 -813 408 -394 270 -1010 -1072 1283 125 770 -536 -21 478 990 -105 -146 154 452 -335 695 -273 261 5 -964 245 -773 888 1090 132 -1114 828 -801 -621 -458 -145 -455 289 -962 220 -425 99 422 -1137 -660 -1413 64 -585 1066 -329 650 -294 -662 -272 54 69 -718 162 -139 58 355 -1220 211 -25 755 -599 468 887 122 -803 372 -27 774 40 418 1278 659 -564 -178 -119 224 -900 0 86 1175 -269 -994 287 -108 892 -13 821 482 -844 85 342 317 ]
[-495 1822 -1075 -12 1403 -1169 -775 344 -678 862 -10 888 -1015 799 -677 -176 -606 -21 357 -1663 172 -180 -190 253 417 413 318 238 -1477 827 1010 -421 -1372 935 942 -3 153 -476 -716 -1189 954 -1609 413 -445 -116 -237 608 416 198 -29 -1045 382 107 -427 -815 -1551 1444 555 -359 516 344 -117 -174 600 -402 1021 -60 -247 770 -227 470 169 552 -379 -672 -991 461 -1137 241 1188 1675 -871 -562 -45 718 -99 -53 -732 539 353 327 539 1420 594 656 -375 777 -398 -13 -626 -893 -460 334 208 391 615 857 -313 -188 -1189 591 -353 224 863 -541 734 -808 -284 157 -1924 -1 49 -48 553 -938 600 383 250 ]
[-56 23 288 -865 -639 203 -340 650 -514 -1199 -255 -886 -757 -206 375 142 -686 192 700 -409 -547 -153 370 219 -472 -135 -926 622 -326 539 -8 -543 415 -23 -1040 288 509 -774 139 -177 -638 520 174 187 -540 406 -198 560 -752 337 -712 435 -61 714 749 -1510 -541 -1088 -239 -1045 -78 -270 1122 -412 243 -124 -466 -110 -143 486 842 67 187 -498 -875 704 253 1279 -51 887 -622 -312 -826 -308 -813 187 144 -763 -419 -377 359 -769 -105 671 -1051 80 -913 215 461 173 450 293 -436 561 663 256 154 -331 -235 -1083 -508 -1564 510 -875 -147 1080 -1353 233 120 457 607 -451 21 83 -666 518 124 331 ]
[-935 -845 462 -148 344 521 349 504 -330 1097 -9 -295 -306 -487 355 -60 200 -802 8 -405 -587 953 465 -299 -182 509 -52 334 310 637 890 219 1569 1068 48 -1111 124 96 -1009 -237 526 131 -772 -313 933 -136 932 -735 -474 772 867 184 884 685 -72 255 125 -422 -358 -414 -1187 -105 399 -60 1543 -35 52 -716 -576 711 -677 -166 -255 434 -41 71 168 -19 -1079 -1486 -318 -539 802 -579 -6 456 -1196 280 -367 357 299 -324 583 438 -543 -515 -92 -72 123 1 167 -18 -342 776 -17 270 19 508 -988 -626 259 -1349 -163 -452 -655 -667 926 -64 -223 502 -941 1050 724 947 -484 -593 -253 -282 ]
[-348 -29 498 117 -245 -716 -61 -112 147 -276 356 -239 356 410 -686 -280 -383 96 -422 471 -150 -787 -43 -183 -276 97 -154 132 -18 -1309 847 -226 1181 -198 -555 -33 33 203 1873 252 375 967 -535 132 662 1397 440 433 21 53 -361 -123 546 544 -41 179 370 -520 -203 950 134 -82 -699 271 -701 -164 987 -329 -5 -201 -1026 -128 -439 -31 -7 -457 -231 107 39 -221 864 946 -636 -423 122 -566 1245 645 227 -521 -589 1054 154 -45 363 25 -210 180 -742 717 24 -24 597 269 -667 234 222 56 415 888 297 481 1075 -522 765 456 153 545 149 512 168 -152 138 -623 763 163 177 -1096 ]
[-801 37 -949 -397 676 50 697 99 -21 -306 21 -16 -1820 -124 -29 -21 -1106 -92 -121 -749 -463 772 244 241 963 -579 351 -375 276 806 464 -313 306 190 557 1104 -913 -166 -779 -352 482 80 85 -265 -630 -958 -142 -645 576 -293 -456 -146 803 -44 -295 255 379 326 -602 465 -565 755 -374 -664 704 622 116 1044 -53 -165 -323 -682 -1123 391 855 -443 1325 41 442 -1139 1122 96 114 -24 497 -176 -813 147 388 605 260 245 300 399 735 -284 -163 -277 -447 43 544 -532 -763 293 -33 -655 -272 -62 188 -142 339 -63 -346 -448 -550 -30 47 -199 695 -447 49 250 -765 1251 257 195 10 -509 ]
[70 -12 12 -239 291 -196 949 -1057 58 -732 -451 -270 -650 -155 -341 -350 -903 39 -297 -154 -571 1029 -426 203 -133 -277 -469 -739 974 -7 -106 -646 552 -577 331 283 -918 -349 727 162 454 737 -76 -629 -169 119 -264 200 -538 -709 361 203 134 49 5 506 -979 644 -453 1198 -1419 366 -720 -554 96 -454 105 1104 315 105 505 -1078 -967 61 1354 1848 1010 1100 812 -587 -1210 883 449 436 327 1045 86 -76 -321 339 547 -111 -166 493 260 -11 36 -470 -333 397 762 -288 168 -520 258 4 -885 525 533 -420 158 -635 -331 -409 44 -407 1098 392 -153 -627 -457 605 -367 -964 1208 -338 1078 211 ]
[417 21 -70 904 -801 -381 2 -220 645 -78 -260 -319 -11 -92 -184 -591 -974 743 195 483 258 22 95 615 -579 -88 1049 -672 -984 -190 637 -115 -993 -555 -11 643 -1117 -21 1329 271 692 1780 8 71 228 468 288 1144 -260 -145 54 148 440 93 -584 759 -93 -96 -338 264 41 -68 -272 246 408 37 464 310 -892 835 -211 -33 -132 1129 53 589 -287 212 142 -1150 -722 1196 440 -184 -579 658 1065 268 318 -223 -1354 128 462 184 -457 -323 197 -130 187 1237 -513 -794 -588 202 -539 822 251 -250 -1034 1187 -859 96 -168 -502 368 -191 -1078 -981 876 1855 456 756 235 -579 -651 415 370 -1156 ]
[-536 -621 114 -636 215 -706 374 -925 365 267 -517 537 380 -262 -78 -446 -319 -1903 312 723 -1300 756 522 -339 346 118 -1025 -1017 -21 705 438 705 29 1105 604 -306 -1032 173 -1268 423 390 668 67 235 316 -445 507 549 146 402 535 364 173 265 -8 -266 360 -39 15 146 -333 219 -357 39 -28 73 778 802 -390 299 -580 -45 -737 274 1389 -553 162 -637 -81 -158 -416 -654 1513 35 1153 984 -340 -468 -445 -350 -277 23 95 121 23 -1093 -785 -1044 -301 1029 1084 322 55 177 1051 -257 -387 716 -67 -893 402 690 -1189 -1375 -349 -185 1418 223 -119 -279 -411 1079 -60 236 43 733 559 -273 ]
[223 -1049 30 -952 175 702 -887 1341 338 255 -29 -806 -360 -556 391 -48 176 611 696 -151 -687 -219 84 438 -796 449 1485 1119 420 -231 63 -32 755 124 -399 -490 898 -310 -156 -1340 -250 210 -1261 1026 98 264 262 -604 -554 258 466 852 -398 351 271 577 117 -220 176 -89 -332 179 432 58 -991 684 -535 587 668 -44 -290 -364 -62 -138 -5 -118 458 1124 -235 -1140 1244 -121 -706 -123 -841 -235 -320 -145 83 477 575 -932 -185 54 -669 -595 -719 -163 -206 -495 144 102 -412 478 -1021 9 381 -131 162 -3 -935 -262 -423 -177 -173 -470 -115 378 475 736 278 -909 1414 618 1433 103 -54 -368 ]
[326 168 580 910 615 -173 305 -419 196 -382 -74 614 362 -120 -235 1356 -357 -95 -1257 -341 470 787 -110 -411 -472 -22 457 -1429 -343 676 -868 815 -335 1084 1765 502 463 866 122 384 1077 -1009 1277 -458 -486 -399 -113 -138 1031 -204 -27 -480 568 -297 -48 -650 -692 -236 -369 256 1156 548 196 196 -318 -594 1057 -20 -70 933 -106 720 215 872 372 -1277 -619 -473 -546 -301 -70 504 771 609 -454 379 118 854 -85 696 -592 1001 26 -143 177 288 -126 639 -192 -465 789 -431 1017 -996 79 -83 150 1166 430 486 1346 206 153 549 263 -384 962 53 -342 -1793 -342 -52 997 -369 280 429 142 -370 ]
[-373 759 -288 -92 915 -266 464 -210 -213 125 -562 -185 66 393 548 -985 285 152 439 -1251 -797 1333 816 -129 177 -1427 46 -464 647 836 89 -45 796 143 1082 -1074 -204 -63 -6 -758 -104 -1564 -368 -852 385 -794 -63 -501 380 -397 553 -365 -218 -345 -276 310 83 -444 347 385 319 -454 -615 1226 743 37 234 253 -971 -393 1155 -87 -298 518 658 177 166 187 -220 375 -505 248 981 64 990 11 -633 550 -660 1354 731 -655 -148 348 10 -230 1154 77 81 246 26 622 943 -960 872 -672 -81 820 685 -1342 1114 -61 213 53 -690 -602 1195 431 -1305 -627 -469 -2 -542 -377 55 497 536 1009 ]
[649 -268 -421 -1120 -70 -165 -392 -107 -270 -598 83 -313 182 526 -684 1023 -551 64 416 -883 300 -605 98 -1782 -464 597 -791 184 687 -806 348 486 547 635 1349 -855 835 479 -163 403 -740 -15 473 249 303 -79 -1472 -839 103 -220 -372 -203 -387 -178 -455 30 411 -570 -566 -108 1110 -59 -635 136 -661 -143 -701 -248 1381 -639 379 40 541 -567 -619 -377 130 85 107 356 219 -1049 -1030 450 127 -451 -94 -409 259 -362 149 332 -1145 -813 666 1167 -454 314 -462 -527 -293 231 213 76 371 -128 194 -81 1080 -627 540 132 594 573 937 678 -269 524 -753 -656 812 361 -456 -340 309 286 -103 669 ]
[925 -1260 220 -877 -318 1279 171 -25 -442 -312 -592 67 -106 -875 721 415 63 -964 -588 237 297 224 104 -963 -402 1078 -775 73 1446 -168 -359 -1362 -360 159 495 117 -242 717 -931 619 636 487 -578 -791 -422 -528 -726 30 -659 -97 97 318 -119 497 -413 -839 -324 -398 229 -446 -625 -605 -457 -1154 -196 -810 -83 -392 852 587 -115 -1318 -685 -158 1409 158 -184 -403 -423 -313 -684 510 -33 -363 -775 -297 355 -291 1391 -502 -28 229 -916 446 82 105 31 370 282 -256 380 -1087 -1189 36 -530 -338 43 91 682 729 -530 -524 -359 149 -357 47 716 -557 -746 -519 593 -622 566 -163 517 150 -43 -712 ]
[1144 284 831 433 637 -89 573 -472 -95 -260 430 1143 342 435 339 348 868 -87 -632 -504 1113 217 234 -109 -360 180 261 -952 -325 137 -324 639 138 -271 536 855 22 1197 -620 503 640 162 -251 -675 1033 520 285 632 1065 -369 35 -1024 -178 68 154 140 1275 -3 224 -283 -150 -705 -368 -109 519 -118 582 -947 -555 147 599 172 299 39 -287 -204 -344 -1514 760 201 1160 -370 276 1078 815 -1121 -193 724 83 -39 -372 -29 190 -313 766 451 1308 -85 -915 162 -846 434 575 -47 -238 -69 122 503 1254 258 183 641 -136 911 483 1020 44 -1053 -656 38 78 1026 -261 -1293 -745 267 170 -62 ]
[485 -413 876 -335 400 705 596 -431 -74 -763 1280 -234 237 365 331 93 -329 -110 5 -23 227 419 209 418 -669 996 -170 786 1013 -504 -51 123 1665 80 -795 -478 839 -42 580 330 660 878 -244 -566 802 861 356 1025 -336 109 -248 492 688 1238 48 928 -829 238 -1789 -217 -1144 -1235 102 -795 75 256 99 508 19 595 -96 -423 1158 506 -130 397 -8 623 -447 -952 497 868 -268 -286 -202 -281 155 231 -1305 -474 48 -577 567 1605 -171 101 -130 -380 196 178 -557 -89 -810 -53 -834 772 -332 220 128 1083 -436 93 901 -898 449 242 1390 -368 510 962 983 -324 594 -289 954 64 -46 82 ]
[-613 1446 488 804 385 43 323 -1050 -1603 33 479 -91 -467 112 -303 426 808 27 -186 -864 944 -840 -207 -720 106 38 -414 -860 -396 458 -791 -364 -811 -382 -46 469 845 429 -995 576 12 -600 81 -67 -449 139 299 -226 109 394 -401 -570 34 -760 -556 -875 130 325 -32 -342 463 391 44 263 -2 -835 616 -1803 -82 -939 936 -937 647 -810 123 788 36 -5 -244 1745 -31 -349 260 197 27 124 233 283 -104 309 844 493 -763 -79 281 184 1062 1752 198 -425 -592 523 667 1825 -8 -119 223 -374 208 -513 613 -1315 895 612 641 100 -886 437 -141 -1396 -611 -126 -676 -220 -414 -197 -4 1649 ]
[-976 30 8 426 -318 1039 207 -97 255 855 -924 -702 -575 -289 580 -1340 309 1877 -594 6 -339 -615 -383 713 -600 -335 8 -161 25 103 -640 -555 368 -547 -818 -1094 70 966 781 -533 -1102 210 -1535 251 1177 1118 -172 175 -802 -851 667 -149 833 -439 -288 140 -20 -497 220 -436 377 535 -457 1859 -131 -546 -643 -1238 364 -16 881 206 448 -34 -1372 1309 -224 67 -1406 303 -1480 237 -491 260 -748 -202 154 999 -143 95 194 -1 -546 -753 -1323 -328 -82 2014 13 303 109 -305 -246 638 -55 -302 -189 322 64 304 -315 -1042 906 437 -13 -696 -501 257 -193 535 227 -234 -874 -633 -649 -409 -815 402 ]
[558 -86 440 364 160 -53 -575 553 549 -29 190 373 78 343 407 821 -162 -593 204 -711 -557 -223 -259 218 -289 1314 -733 906 -369 -52 -587 270 -741 63 -1077 113 1449 -350 99 -327 -330 280 -187 -306 586 540 764 543 -379 132 -1014 909 411 110 -63 -814 -369 -748 -337 -616 751 -428 -49 -62 -617 370 -676 -47 -523 501 736 1119 1573 598 -1214 -131 -880 224 -931 -155 148 -447 -464 -337 -52 -12 193 -88 -597 796 198 560 725 826 -659 152 315 -891 624 858 -209 -11 -58 -298 -195 1001 1076 376 -392 -1124 319 -985 587 -121 -226 799 104 667 1075 342 789 -276 518 337 -689 -152 1085 344 ]
[-1028 128 698 988 582 290 -114 304 8 -891 920 -183 328 472 -451 -365 357 -804 333 146 275 1220 150 291 153 -1483 1011 -431 680 786 1333 974 -418 1187 1386 657 -779 -91 -435 -213 882 -1082 -219 -243 -477 -152 405 384 510 -457 1176 -899 163 342 -296 305 427 1515 271 -170 -304 -36 441 778 806 -29 454 -358 -111 385 -1240 251 24 349 -1267 713 -519 166 755 300 368 -774 2418 -558 -679 519 -26 -714 332 68 -433 -433 -370 -189 -207 -882 1137 -560 -786 49 -635 -134 26 345 -656 -197 -129 130 -301 1369 589 -538 -240 -439 -382 -634 -616 -1415 752 -368 -283 68 730 -713 -826 150 -605 -1437 ]
[527 134 -397 -147 591 -393 -1416 3 413 241 399 -299 -25 323 -790 198 -240 -779 637 -325 -821 -272 -802 -259 38 -144 666 454 -371 -313 -767 90 -297 563 -28 789 321 -637 -178 568 -1181 -1022 962 -802 129 9 -238 -109 1256 -781 -635 215 -274 -699 421 -378 -259 -347 -224 241 366 517 665 950 -155 39 -1570 -249 -90 -1284 1387 -121 980 437 -1045 -1335 -71 25 58 1111 1140 -167 -815 -356 155 -277 -49 -526 -1001 -590 234 -257 -885 427 966 731 824 -1163 -927 23 -632 922 638 -14 6 711 294 1051 -1275 143 569 782 808 213 -348 480 -680 58 228 -413 871 0 -680 706 183 677 464 1101 ]
[-99 1296 -580 735 583 -752 294 -687 253 325 -882 840 -427 535 466 -544 1099 -1709 -238 -51 -1136 107 -240 24 1112 -11 -109 139 -396 -469 -462 128 -1281 -398 -595 672 -201 -696 152 -1445 -355 1278 -1340 -156 854 44 -168 515 302 498 -377 -264 -370 -443 -788 44 337 -1029 338 -523 1748 -1070 -521 145 505 -184 785 381 -378 -883 -128 -431 -901 526 157 312 17 -1015 -325 93 79 -462 -60 -410 1289 475 -187 -282 -99 689 -167 762 569 267 -261 659 -613 493 -674 987 -454 -1144 132 -97 599 -181 1060 -741 708 -374 -326 -423 -338 377 -1909 735 -594 692 94 -1338 -527 110 -654 -34 -1234 -483 -569 77 ]
[-642 476 -1003 -149 -119 -150 -125 -134 -1295 146 -1260 -138 -479 265 85 -401 -96 -6 851 -644 -355 -440 -186 555 750 -1138 -839 347 -63 949 -1371 -516 0 -412 -413 -869 405 273 -1499 643 -903 -1252 483 240 530 89 -1443 -264 76 -1150 -260 256 -1239 -543 373 -422 -666 236 -313 762 1039 73 -375 284 576 -204 -205 1104 -40 -950 968 -276 582 -1227 -1081 368 -2 -463 125 1439 -240 -530 -582 -453 -420 -290 1 -938 197 -330 959 -967 -452 184 202 -565 -200 1257 234 -139 -51 471 -324 -374 -124 -425 -356 -116 357 -443 -405 500 -322 -460 -649 1154 -339 -332 -613 25 1594 -220 -592 726 620 -137 -203 492 ]
[505 -505 -1029 -809 -283 -226 -161 -609 598 497 -278 -812 -1025 -552 -74 269 -864 -903 186 51 -506 -646 723 -928 -429 -337 -160 -684 -408 -426 -706 -33 -1033 478 518 332 654 659 -597 266 -716 937 318 -425 1395 -557 -1300 355 43 -113 286 761 -501 -1139 -806 -29 293 -1212 416 385 256 655 -189 727 -6 216 -225 -374 -487 -230 -160 112 -1321 -576 297 -1301 426 -931 717 -268 1704 -826 -884 464 403 594 -20 -1052 701 -250 -1092 247 -618 -680 499 577 -65 -291 -685 -1364 -1053 269 894 -158 289 -158 -3 293 -337 940 550 704 -420 -2 -703 426 36 76 -1075 -194 675 477 38 711 615 766 -199 605 ]
[255 -411 -3 -478 -764 229 -18 407 823 278 -192 20 676 -528 -301 104 -245 -936 -461 1102 -19 53 1028 -199 -228 -382 599 -241 593 281 -322 152 -884 472 390 352 -622 928 723 523 316 307 584 71 -265 -271 -641 761 359 -16 442 -313 -4 579 149 168 -1522 379 -558 186 38 -62 -410 -339 769 -609 -42 1306 52 531 -400 624 -189 448 168 -101 -216 208 134 -210 -259 669 -257 181 -393 -241 482 398 262 585 -343 -186 491 -325 -322 -37 -649 553 -393 -627 1459 -904 -978 -914 90 791 102 -250 -445 749 195 -121 113 138 363 -50 884 -573 -1066 1174 -124 -307 -191 -314 602 1072 -295 -1007 ]
[-381 -1001 -260 1072 185 40 1531 241 -298 -551 311 306 251 1102 -430 -388 -15 -1068 -35 -661 -704 339 1034 -802 377 -595 222 -639 -163 -506 -121 32 -288 779 488 550 -232 -513 -30 321 -324 412 -576 -556 -303 -794 88 -459 792 743 829 -197 708 -100 -525 -1601 575 -9 1787 -427 -92 -6 583 22 483 -180 1242 -86 -1043 332 209 -873 -1339 1483 558 32 -337 190 364 133 292 -658 844 -79 390 382 -346 -530 427 181 -543 830 -664 124 343 396 1693 -1593 59 -543 -1050 -172 6 -436 294 -268 -289 -311 114 -53 1099 -146 120 292 -1146 307 -153 597 -614 304 -599 109 73 364 -620 230 88 -761 ]
[-617 -784 -1019 185 -266 -176 -863 470 341 -21 -381 -344 156 1173 -1947 133 -529 -39 -262 243 -1608 -514 -1044 367 659 -1042 326 253 -370 -590 -587 314 -152 -134 -688 343 -310 71 50 11 -770 1502 -291 -211 1632 -38 63 -972 331 -1033 1171 59 995 -1035 9 -78 127 -301 -236 604 -330 1185 -1035 703 325 -802 -687 10 149 -19 432 311 -213 -14 -30 1052 -483 -777 -72 -958 -665 -905 -878 1285 -350 -395 -18 239 -364 -75 192 295 535 -536 281 1077 543 96 -1282 174 152 380 -610 -1 -48 -570 -943 440 1199 639 508 -184 375 -499 -304 439 -749 1174 624 -57 -352 776 -777 -42 -412 540 163 -299 ]
[-942 669 174 -279 1359 -125 114 317 -403 425 417 -474 -986 46 906 425 -461 827 -440 -607 -1244 122 561 -513 -281 -643 57 1 -320 -468 -432 -803 824 -392 704 326 880 70 -80 195 -801 -411 467 -476 445 354 766 699 -344 -277 -107 62 -1120 -646 672 -601 982 -391 -116 -164 -218 470 291 95 -952 577 708 -574 -54 507 -129 508 -418 -426 -829 -1258 202 264 -563 1097 608 393 -759 579 512 -76 -951 536 21 -115 -378 198 -31 -350 190 268 -90 -651 -765 809 -665 1696 1041 -260 1387 57 271 833 239 -1409 -350 -486 -104 144 -315 -6 21 810 -157 -1054 966 83 -554 112 -149 668 998 1008 ]
[350 -161 783 481 23 -1280 186 -57 292 674 -293 -285 1265 -110 298 -294 -2 -1214 450 -1105 217 592 -74 2 -8 409 -1439 -340 -666 457 839 1122 47 751 -479 -572 -282 221 192 -71 397 344 194 -1147 1406 526 581 1608 -110 274 -218 -498 847 247 86 183 -191 -52 -349 -887 806 -1206 172 1360 465 -165 656 -53 -1674 -209 -340 920 770 -241 478 67 -1156 -1332 186 -101 78 -784 1243 -573 229 570 352 -567 225 -64 -741 208 720 254 -350 -340 320 55 463 623 -78 -224 460 -1249 165 636 311 814 197 -906 705 50 953 -404 -301 1018 35 -162 -392 464 -437 1191 353 -1200 -506 200 -235 -1066 ]
[-525 -50 555 86 308 -289 1175 -898 -251 -348 -380 -904 873 491 -654 21 48 97 427 568 39 515 649 -1150 -606 -228 -199 135 550 138 -279 -317 943 -111 908 -114 -284 -866 591 865 654 -1016 1273 -551 -638 -226 -951 449 384 28 -196 -573 0 -99 87 203 -625 330 -857 -27 1201 -92 21 -989 -107 -169 622 926 -92 389 168 213 -127 128 474 -658 459 1020 221 825 -1105 485 460 61 -135 414 21 427 -840 -265 -490 -498 -965 345 88 320 -560 210 495 447 -111 -169 828 -66 1025 -135 -633 529 130 329 319 -411 -732 -219 264 -705 564 -643 -223 61 709 -443 -491 -904 497 107 495 -12 ]
[334 -184 -327 -66 -189 -148 655 -176 -385 643 -177 22 95 80 -847 -693 -67 603 339 1093 121 137 -596 -107 438 727 -77 676 477 427 -813 -670 282 -911 -257 -458 214 -531 -481 156 64 378 -561 829 -849 1272 1237 -264 710 553 -12 481 -349 -733 742 -965 883 679 -102 -349 -620 60 -472 -953 -649 -837 -203 -103 623 -1055 386 -892 444 -726 84 -78 100 -1198 -1015 596 -936 -877 265 131 -210 -890 -681 927 42 -917 -247 -606 -305 1060 1189 111 448 644 -204 820 -255 763 -998 1213 -785 -301 -949 -267 -141 113 -161 251 252 -165 425 -357 -66 1196 -452 449 493 96 -92 1240 477 -216 543 782 ]
[-232 251 -806 -538 1007 -244 1215 -428 -87 597 -62 -240 467 -236 647 -357 -25 697 423 -898 -873 416 456 -806 344 -546 1343 873 -404 421 -331 -14 -395 -320 -763 -347 -329 -901 657 -1873 -1136 -826 221 -331 -56 -347 -172 238 375 281 -861 -502 -755 -590 -307 95 1529 -365 338 -216 1014 -11 -238 839 -1026 656 471 385 727 -235 543 98 368 -98 -341 -698 541 136 539 378 695 -1229 153 -932 1323 161 -345 -265 -112 905 -535 154 -788 577 -188 -108 -329 -199 378 166 -408 989 776 -633 1035 -438 203 -219 226 -1008 -56 640 -608 121 -804 -452 -219 370 -98 -931 -427 -149 -46 -501 1 -122 149 1184 ]
[535 138 1247 694 -85 1000 161 -472 828 -1394 -225 971 317 781 745 -386 722 674 -1028 415 -480 -675 -68 272 -598 332 -1203 -341 -31 -320 -1439 -595 -551 -302 439 225 -607 1278 17 905 -316 158 -162 578 -133 -223 466 401 -426 -587 719 584 -206 44 -316 -810 -832 154 1439 -469 62 -695 192 -507 -1221 431 -199 122 9 1034 199 289 -846 763 -244 -597 76 821 -1910 1167 -326 549 -394 1012 -606 565 281 366 101 517 -497 -752 -576 -310 -41 -117 502 -343 -359 341 912 -300 353 495 952 778 739 -414 659 -92 -669 213 -319 256 762 -102 -76 228 -385 -661 1324 -829 -544 -700 -754 213 -654 474 ]
[259 389 -255 -645 298 213 521 -439 -755 -683 -80 315 476 866 -643 753 -644 -434 520 -785 -331 79 607 -787 327 -1433 -1716 436 1178 -305 75 -702 -313 244 1159 -190 -315 -558 -532 256 519 -91 391 -539 484 -789 -1167 -642 -317 202 329 821 -305 -390 68 143 75 -256 236 92 -34 -486 82 -137 -348 76 73 20 -207 -31 -604 -175 -72 469 -182 -256 498 22 595 584 193 -598 1041 377 898 1117 1 -1439 97 214 540 265 -797 -352 547 1269 271 -552 665 -35 -426 603 623 -861 1163 -582 93 -504 677 -1082 630 295 -621 -1684 -403 447 135 -755 -577 -461 -179 -157 -30 -407 -1061 611 114 -9 ]
[-1080 -94 -882 440 -177 -667 327 -1148 -52 783 311 -503 79 352 -90 -410 -331 223 -224 -389 -339 -289 -104 451 766 -803 -185 428 -775 529 674 703 404 -559 -315 -871 -681 262 169 -453 -236 142 393 275 596 -1045 -376 -220 -937 424 241 -432 -33 -857 -752 539 109 737 -363 598 -193 272 -160 -36 1224 1183 85 298 -811 194 -741 719 -644 -356 490 192 46 -104 581 -854 283 -25 -357 -145 393 770 -301 -970 2 253 -567 475 1222 -439 296 -20 1085 -876 429 -568 -303 10 367 -172 -174 36 -1216 179 -41 225 414 31 -1133 -404 91 -391 598 -120 468 1125 -949 507 -674 167 -729 -245 316 -505 ]
[-462 -255 -304 563 -5 572 490 -564 -225 -432 -48 616 -991 -630 211 489 252 585 -136 -1173 289 -133 15 270 302 -241 801 -222 -514 1027 -593 90 240 -350 15 593 845 186 -53 332 -161 -791 -49 416 -1451 -262 -1042 -48 446 -317 -840 -272 -783 -347 151 326 31 445 -21 135 546 1066 -255 164 893 105 377 438 188 349 -233 -221 -938 -475 447 120 263 1189 147 -32 -469 607 -1052 -285 -3 -209 165 -130 658 559 491 541 46 -178 -750 -569 -849 419 195 295 1141 696 -83 920 -215 -626 306 254 800 -195 -391 -392 -1280 1043 765 -185 162 -251 485 -140 346 -1116 -357 -49 276 -512 476 -123 ]
[1177 -929 -210 -794 357 -483 -256 -166 572 -482 -814 265 783 -163 -990 -193 -25 -1400 740 1182 358 -126 382 70 312 1046 257 -99 -66 127 9 81 550 1047 -836 -110 348 -253 457 -442 874 -484 -34 -282 -681 545 1 -752 1016 228 -210 -174 315 1078 879 -593 887 -189 -543 -737 535 15 606 198 -963 -194 670 482 679 -242 849 58 560 514 1720 -395 1239 -256 277 -205 573 -855 250 400 -471 -143 773 855 -639 -551 181 -439 -327 108 -450 -510 583 618 -268 -688 -369 -713 307 597 -355 -661 -638 -84 673 -90 213 -933 -46 -719 -362 167 -167 68 -870 -33 158 70 1200 -638 2259 525 283 -126 ]
[-68 745 -149 -151 -296 335 -126 383 -1235 28 -23 1039 476 634 478 472 543 398 -989 -406 589 -556 -100 -820 -183 -486 -21 21 221 614 -214 -435 -637 259 1067 672 -657 868 73 28 -307 -890 469 -261 11 -500 -1979 -437 -328 -805 -128 -350 -186 292 -819 -39 -380 -285 1034 221 481 -787 -159 -1298 -372 -131 -600 598 -46 517 -337 -279 -91 -623 101 264 182 -244 1822 392 33 227 -535 -683 13 -281 510 -573 856 509 -33 -220 89 -630 545 278 546 -999 511 -246 594 -608 482 -1251 399 181 467 37 1293 258 -948 818 -1199 885 240 522 719 -498 -819 -662 -817 -700 -1284 -617 -124 -608 -201 192 ]
[467 1617 -802 168 -524 94 96 123 590 129 152 1325 -1006 -321 355 -191 -716 124 -635 -890 311 -740 -461 1573 -138 630 139 -207 -511 1264 -238 -580 -71 -183 -460 -49 76 503 -185 -366 1124 710 93 245 -514 1018 577 -372 -215 376 -862 456 -290 -341 -300 -194 55 431 310 361 52 -378 -579 -318 -251 145 -339 -170 1228 -530 -617 -616 23 -106 -460 -294 30 -805 -257 -168 -1159 937 -845 2 -338 -691 20 314 607 -923 692 -84 926 645 674 -653 -1175 1162 -294 556 380 -534 -751 753 -679 835 395 -471 202 -266 -142 391 -423 -421 611 -25 81 -147 328 -830 430 -845 28 -152 221 -858 38 98 ]
[507 -701 -176 -1088 -262 265 371 -481 -846 354 115 428 -802 -252 -16 307 -702 808 -16 187 63 101 55 493 549 723 -45 1051 -328 806 45 -222 1137 -491 -764 -671 414 -170 90 -822 -530 333 -395 891 -677 588 -730 178 364 -578 -1970 631 -315 272 324 -1469 512 -643 -269 533 -69 309 213 -654 -531 720 -562 798 217 111 815 150 679 -625 280 181 -319 577 -238 489 998 -481 -1412 -72 -89 -488 371 -620 304 128 135 -146 -473 1274 250 378 -347 837 555 -941 613 702 -305 888 -881 351 -205 -170 -143 60 250 42 -445 -94 998 1599 -33 -142 -327 589 269 -633 654 788 386 957 347 144 ]
[478 279 59 190 -416 562 -431 716 -271 190 -585 311 -260 -645 1021 -504 395 270 937 -220 -75 241 698 56 251 -27 40 632 409 952 1012 -152 -185 358 618 -1208 -582 -1008 226 -1470 -113 -371 -1442 411 -453 608 -557 -441 17 -175 -393 377 631 744 -225 -1134 277 133 -69 -847 919 -729 875 728 -885 673 -789 -109 491 -498 583 -156 161 6 -198 631 -170 285 -665 40 -381 -363 496 -503 -401 677 -374 -444 333 504 -215 -69 -520 -356 -426 137 863 356 716 -564 -98 -884 -378 1487 229 -361 1187 -559 -57 -137 -213 -1199 141 362 -831 325 -1180 -371 -116 -577 -1008 -86 725 623 -450 25 -786 74 ]
[-531 75 202 -155 -281 133 -313 -18 -1192 238 1271 -59 -219 374 -365 391 -273 571 1100 -406 -334 -176 1221 -281 -631 -625 166 -896 -437 -105 677 -147 -567 255 986 -1402 1178 -614 1058 821 -105 174 307 -374 -333 -422 -775 1017 399 -158 -406 805 393 -486 -421 -87 -262 -523 -298 789 566 687 303 2330 -859 -679 330 -618 -783 -486 787 204 -61 691 195 -496 -1276 1126 -344 620 -435 893 -688 372 557 395 -151 -273 118 1019 -1040 1306 -307 -661 -206 847 649 172 1082 -235 -10 587 913 316 376 139 100 1028 -93 539 1675 -639 1285 286 -49 -331 116 172 -159 -69 -40 -1279 -16 -78 173 925 35 218 ]
[913 -683 65 -550 -559 361 -1157 189 -382 -552 232 -563 -927 -246 -226 1500 -145 1614 -121 -239 1313 -403 47 -364 -723 -145 -207 -778 868 -71 -466 -90 837 -736 -236 357 1261 185 189 491 250 -590 77 630 -720 -1010 180 -851 -38 150 427 1124 1129 -594 768 141 -259 -388 197 337 -504 1074 235 -324 208 -156 -1051 -827 168 315 359 144 -532 -614 274 -264 -629 983 317 -42 -96 1052 -641 1058 -393 466 373 80 -184 -184 789 -19 -14 -1591 -603 939 449 427 845 -1259 -265 324 132 452 -443 -294 -751 490 -252 633 15 -803 -199 804 897 -349 483 -181 -188 752 -392 -1238 1 254 585 -388 -496 550 ]
[714 17 1422 403 -323 -219 152 153 485 292 6 -243 193 496 -492 76 -124 271 575 176 927 296 156 -624 289 524 167 164 -888 -1244 445 217 876 -394 137 -492 603 -958 1083 371 1178 -617 525 -116 -581 93 435 -511 2 -644 -791 -48 513 1018 120 -294 361 -610 -180 805 -14 -81 -551 -67 -1096 250 545 -266 511 600 1013 1019 -190 111 454 -94 160 1084 -301 -5 1053 300 -1050 693 45 -193 1037 617 -256 348 -404 1264 -104 -294 77 -34 -712 -638 602 -97 -596 228 1075 407 156 831 861 -113 527 67 834 -313 -128 1074 150 68 20 -582 314 -267 932 301 516 279 737 -242 383 418 ]
[-80 485 -75 223 973 -236 980 3 569 176 -1383 24 -233 -499 942 217 423 1014 -537 224 578 893 -942 632 550 1222 -643 585 -25 -83 -200 -597 391 -857 -1244 -207 -402 -362 -243 -1629 -228 -782 -1444 485 -1017 822 963 40 -833 -1016 -791 194 -849 232 50 -694 932 668 623 -123 210 -88 -845 -322 -558 854 -367 54 240 224 421 -85 99 -249 -566 1490 -25 -307 -577 196 -520 -653 1230 -392 377 -102 -31 -363 300 109 755 852 -384 1643 -551 -586 -474 856 -40 614 469 -3 -247 119 98 -639 344 -474 16 -1641 -705 -700 23 724 152 679 -97 334 411 -942 -109 173 964 -73 -477 -400 304 106 ]
[-80 88 695 844 -344 -6 14 325 531 -38 -17 341 -52 651 257 -873 -205 -161 1537 -193 -269 -48 723 715 -1046 176 -274 -1033 -187 -435 436 -286 -803 -243 -125 192 170 -934 -136 628 90 1064 -84 696 -424 -373 444 1260 -221 65 78 803 -31 206 266 616 83 270 1142 348 371 227 129 476 -754 195 1694 423 -76 -354 -327 -329 -717 -195 456 -320 -510 1562 510 -448 -805 660 507 132 -259 901 -271 224 -405 -24 736 -211 -527 -775 -146 -560 -1135 -1051 270 1395 -980 -463 315 16 477 556 787 -586 -723 73 462 595 -176 -231 144 -308 -880 58 833 250 692 -879 364 -748 -342 -564 -134 -809 ]
[320 173 644 467 -174 27 -1051 -12 66 -773 296 -831 968 144 1088 -279 154 117 27 -191 421 199 116 1354 -970 58 259 -289 -566 152 -26 1104 -593 -1010 -2456 122 1123 328 848 -1207 -72 54 398 64 141 729 658 1171 -671 89 -894 -814 389 633 509 432 -1097 -171 -606 -874 402 -539 564 284 257 -18 356 508 -270 -239 762 999 1512 -331 -1032 244 -192 -276 554 -61 1004 283 -337 -1016 -1083 -566 306 -64 -1177 495 -365 -551 903 610 -765 -721 53 -78 -396 -286 443 -611 697 -1166 -1486 1247 420 -45 -545 402 -94 689 415 -337 123 365 -406 308 495 2010 387 -312 317 -622 494 -315 -327 204 ]
[-473 50 466 -393 418 -371 500 -239 -831 40 -117 -1051 -232 567 -357 -881 -1534 409 340 -637 -619 1215 392 -917 -383 -119 -555 -439 472 50 -274 -428 733 937 381 642 90 -1193 751 -467 -364 -338 1286 -943 54 -5 -510 257 638 -219 -764 -1104 287 -52 795 340 -699 -86 -1268 -645 -430 833 -411 79 -16 126 137 -239 -647 -60 487 -668 717 -77 1617 23 1339 1005 430 -290 -397 53 -148 715 -123 1226 -529 1397 -662 93 113 -1224 -293 -9 870 430 224 -488 488 -422 -43 178 433 -91 725 -388 -682 -251 32 -1079 1 -401 571 -795 205 -877 -298 271 164 -437 100 1306 -722 141 293 340 627 863 ]
[-475 -331 -50 -653 525 -368 731 -690 -539 199 35 -40 -242 264 -1227 -690 -980 -154 24 -709 -1087 323 -435 -24 518 -59 -3 -319 -572 -282 132 -195 316 785 399 274 -373 270 -641 -75 14 210 -43 15 -91 -260 530 337 542 548 -430 -182 -729 -330 -181 -614 192 146 73 278 -548 782 -343 497 284 280 580 109 -567 -154 -537 -587 -406 -344 776 -239 352 32 -403 309 948 -375 414 284 233 217 167 -236 489 -235 -158 -404 -2 845 1132 49 402 -30 -147 1059 517 1158 -37 303 -215 -292 -774 -552 -94 -824 -165 1018 661 -723 657 -10 -444 360 246 -324 328 382 -123 688 -151 730 961 292 ]
[-141 493 1035 759 -711 283 19 657 -369 -25 -425 278 673 681 -568 49 -100 -180 346 710 466 -101 1001 751 -732 -1049 379 -431 -243 881 213 428 -1046 248 965 -1073 1030 -286 936 -770 1127 462 -441 1330 639 325 -453 200 -505 -146 1361 -125 123 -32 -215 181 -912 -601 984 -720 959 -119 809 882 -96 220 1037 450 -499 470 -628 795 -26 -45 -320 673 -6 329 54 -943 -565 -1003 1064 -88 -552 1287 830 -210 151 933 -228 595 55 -713 -1237 91 -337 364 546 -515 253 -284 439 347 401 520 192 -436 497 874 1156 -1022 260 -858 825 -729 -119 -201 -431 1379 -809 92 868 -1073 -663 235 -373 -1001 ]
[-17 83 -937 -290 63 446 -148 -674 -1473 -198 -823 573 -1385 -10 -140 473 -91 -116 110 -438 94 -522 759 92 408 -114 -483 -184 -663 678 649 -512 -545 470 -114 -252 492 -310 -549 -207 842 425 -65 364 185 -1117 -1191 -499 -845 -448 72 888 350 285 -539 -818 -213 -94 145 -361 -174 -498 456 -432 874 667 -517 302 753 97 277 -623 -1379 -550 102 604 924 233 51 -317 281 -1143 225 -303 -488 562 -135 -1602 712 -525 139 -75 -731 155 -192 829 266 83 414 167 459 -781 11 1356 382 632 -119 -666 72 -422 175 -1476 -846 -317 -351 1355 -639 -707 -645 -3 124 -409 -286 332 -595 250 -232 -202 ]
[-47 -543 -45 -229 421 -263 209 -519 -761 -100 -1190 -499 52 -5 560 -834 235 356 -940 609 -136 736 -728 -143 439 -453 -14 74 9 -226 146 699 1101 -338 -491 -562 -1064 -286 -862 -105 293 1161 478 -1034 1799 717 -485 109 -241 546 323 -1310 432 781 347 427 -105 -275 -1525 -649 -370 -873 462 -677 357 -511 77 339 311 66 12 595 582 -499 -588 636 725 -1095 -12 81 492 -1125 435 -228 -405 -248 -498 -109 -883 -803 -675 -1150 -175 -97 -137 133 -1086 1055 -595 -233 75 -296 -370 -607 45 431 -223 -12 174 -528 -1271 555 -529 -887 -573 597 59 -1074 -368 83 259 1840 -101 -245 -96 -35 -675 44 ]
[-502 -436 -365 -592 -278 -93 710 -838 124 223 -1134 -976 374 329 205 -1564 387 471 607 1437 183 1114 -275 572 655 -418 786 625 73 -355 -145 760 863 -596 -1182 -439 -1381 188 -1266 -990 -449 189 45 652 735 -824 -777 -513 -121 -108 -45 -1410 41 -195 -587 1563 -168 -77 -15 380 -101 -449 -768 -722 600 368 -788 730 19 -1095 10 615 -392 -259 252 1480 1020 10 4 -1236 284 -1339 930 -108 -272 -508 -58 168 -373 791 540 -1084 -395 204 -76 -476 -816 764 -354 -110 -432 235 -341 -260 -429 -354 -873 -939 57 359 -258 653 -595 -604 216 -831 654 -1595 675 173 625 1023 426 323 517 -576 -17 301 ]
[1208 39 -1080 -1028 125 288 201 447 219 506 373 519 -958 423 -754 556 -809 213 226 -20 49 724 533 713 481 515 382 132 438 1412 -729 571 -223 672 -509 483 1241 -1367 972 -1945 471 -205 743 799 -644 -529 -696 -585 1223 172 -1138 522 411 -467 641 -1023 -450 -518 350 284 281 -118 290 110 285 822 -812 991 661 336 1267 3 124 119 -100 -758 246 -133 9 -345 631 -568 -543 690 1378 609 -57 -776 -488 59 189 -350 566 899 363 834 -256 -826 748 -762 1247 -704 125 68 -350 142 -88 -553 -355 -44 102 -192 -315 -4 -1279 791 -845 -235 -335 -20 -407 -564 180 1478 -227 115 -1414 38 ]
[-186 -375 141 -246 -135 -306 461 -909 -580 -1690 -394 -1070 488 250 492 205 -670 87 951 -752 476 246 -300 -571 55 -47 -367 -97 -551 463 -873 661 -266 -349 35 1049 333 509 -1138 1003 -816 604 344 453 -381 162 -734 1052 -174 296 -813 -375 -125 168 382 -147 319 -445 -823 -1557 826 -692 1081 -747 -385 39 278 456 -634 -282 747 -427 1339 106 -440 403 510 198 508 -26 748 -296 464 -775 -1122 270 359 -356 -241 -237 -190 -517 -876 650 -546 79 213 -347 462 1075 -725 414 117 184 54 -250 472 1265 882 511 -1058 244 -774 -944 275 1210 -585 -336 1040 688 1487 371 158 -467 132 -5 87 167 ]
[-1152 -489 -628 -1655 -1050 220 -354 -608 -320 418 -100 -838 -709 -1096 -269 -653 -1402 732 85 -724 -370 -244 -291 -1191 325 13 -1200 716 124 426 187 -930 854 -215 -539 -657 -308 618 -410 -40 -529 -152 367 -45 346 -553 -95 -559 -1301 -215 -103 769 -53 -971 85 62 878 -470 -176 221 -1002 121 -1373 -251 146 -169 -871 -727 934 -175 -146 -921 -401 -1701 683 536 429 309 336 -319 -1474 152 -917 -555 -861 -13 -142 -535 702 -576 -243 -94 564 -113 501 -890 -1076 649 486 546 155 487 -131 524 411 20 -1153 -350 -219 -507 -294 -429 -1435 -256 642 -725 395 272 -282 -409 507 195 -694 -461 -70 -598 894 743 ]
[-256 462 130 468 -146 -243 1124 224 1295 1251 -54 74 -20 -539 1037 -1263 900 636 64 465 -26 297 413 -381 -342 678 1642 137 -927 -124 -446 -298 -893 116 -438 -132 -1095 -514 263 257 -607 -1735 984 -590 -1239 -364 -399 -1123 147 -1032 -432 -439 89 1101 -743 617 -106 -493 723 -103 -377 -90 -550 278 122 471 -128 -332 -51 218 668 427 -484 607 145 263 559 851 473 -28 -72 530 -647 17 105 -461 -462 426 -166 771 -387 -58 -547 1118 -206 -987 -916 -4 824 301 -2 -874 259 -718 34 -828 126 -795 -255 -641 -488 1211 -332 579 -601 -1351 344 -231 -109 -723 827 -782 -167 711 -647 579 -805 866 ]
[-1003 283 -662 461 249 7 -138 323 -482 1002 173 46 -341 245 855 -219 747 1932 -151 -158 1206 -315 614 592 -102 -762 1294 -241 -880 1037 1137 833 -1160 -269 -273 247 263 138 285 -798 -211 -1142 415 281 -854 -908 -1712 -872 193 -85 -1058 -795 895 130 -690 83 700 759 483 767 249 1077 -228 680 1108 48 -544 -510 492 484 300 1629 -602 315 -924 993 -837 -186 939 -492 -342 373 -269 91 251 -381 -370 -299 161 437 -276 758 -318 -529 -1042 592 746 -117 405 -1047 529 -254 847 -174 346 107 -208 9 -771 810 -125 -734 -1032 1884 -570 -867 786 -884 363 -151 -1440 -186 -184 147 -1149 -487 -364 -614 ]
[191 731 -339 -84 -430 -72 654 271 182 -370 -457 886 -466 -713 111 -148 -771 800 17 -1612 467 -248 497 -695 -1181 -820 266 -403 1062 1078 -571 -669 -201 22 1456 233 974 471 196 39 465 295 -5 891 63 148 -986 -355 271 117 193 394 -297 -804 476 -22 -36 -480 671 674 339 -272 -462 -197 -485 326 81 165 816 77 -195 -758 -1031 -1128 615 -252 362 233 -46 303 -385 640 -9 377 113 190 298 -72 849 127 1019 -28 54 -461 19 274 -1460 415 734 22 1092 772 212 -679 790 -16 1789 17 728 -869 -407 744 -1391 594 912 -73 518 119 -955 -425 -1198 -593 0 -120 176 -105 197 289 ]
[-823 223 -613 346 144 97 -699 33 -1318 -368 144 324 508 210 362 -87 265 583 -467 -735 374 -647 374 546 -153 -399 -305 281 419 -566 789 219 -597 -618 1075 -313 -292 1563 -299 471 -94 766 -1306 223 1194 320 -37 494 -362 1 1424 897 -134 -237 -1043 308 -336 441 -447 -252 -426 -525 437 -331 -332 -398 -159 373 -21 9 -840 -149 311 58 -1658 380 -425 -540 -944 117 484 39 272 -448 -669 -821 84 -117 915 129 46 -666 -160 -289 -693 490 828 685 -1215 -309 -66 -505 -1006 19 -858 864 1252 91 -262 1002 -877 439 898 385 526 1193 -71 288 -244 667 -35 -407 418 214 -513 -9 -845 -988 ]
[241 -264 562 -490 239 1236 277 1463 -213 -174 475 1640 352 496 -412 -448 253 -9 -375 362 -466 -146 494 231 -553 -684 1685 1173 1100 520 -266 -1131 -1376 188 2015 74 -1024 -190 -17 -888 520 -493 -600 -50 -234 -842 -1197 187 247 -321 1879 -105 -892 282 -279 514 -459 460 1025 865 -936 -422 966 -575 -595 334 -635 565 974 -2 -1143 -732 -1205 945 -173 -300 -41 616 118 -437 1037 -563 -433 540 625 -18 -962 135 838 1608 -257 -438 -251 593 557 793 282 -752 -319 -1107 806 -428 -973 -877 227 -77 90 -321 442 1033 -349 328 -311 888 -317 -1075 529 -1124 -1054 -421 -1104 -1305 622 -574 -581 244 -1407 -1182 ]
[-725 -746 485 -156 -58 -27 -204 546 -685 -84 314 -573 468 146 570 -223 -395 1395 -499 -474 -1049 -595 1002 -72 -732 -657 -81 -692 -453 -155 594 203 1097 28 737 -1626 -213 439 114 158 -135 406 -281 794 724 236 -339 -17 -237 161 432 169 -528 348 226 -189 -630 -161 95 1036 -192 -48 703 400 -406 809 668 225 -135 83 229 -92 -330 159 -297 -3 -575 647 -510 -4 309 1005 -247 110 -1201 23 -92 95 -34 -80 -696 -242 -173 -249 -10 408 127 -233 375 -227 418 395 -40 -315 580 1245 -316 1410 -92 -233 416 509 -179 614 258 -245 183 -250 -720 766 109 243 281 -567 602 401 746 -307 ]
[-161 -1054 872 -104 -152 307 -461 -915 -90 -294 295 -409 -433 -1139 -589 -442 533 -564 596 -155 689 650 -1468 -973 -547 935 593 232 163 -618 -168 141 789 1313 -212 232 514 -649 806 535 -63 -712 -170 -987 450 576 843 492 476 -341 -30 381 1625 -90 31 426 785 -520 -121 -889 -847 296 461 1056 -159 -951 -409 -1179 -151 -343 550 -752 662 -721 -82 687 519 499 -129 430 344 -385 379 -910 -393 35 455 -217 -73 -254 -907 609 -117 744 -413 -848 -219 -294 -113 504 -288 1089 712 735 -545 255 94 498 -968 857 77 -849 912 721 -76 -475 454 437 698 -713 534 487 1303 249 350 -48 458 457 ]
[1240 -413 447 -677 -561 -1212 398 382 219 367 -954 127 -209 183 640 68 415 -336 130 690 947 114 -150 -318 411 484 216 887 189 -82 -361 -403 -90 -238 -558 672 -728 153 -1034 26 -66 -787 1158 -295 -615 -873 152 -978 437 0 -405 -843 -596 924 -31 73 487 -757 589 1049 -31 -419 -1333 -1900 163 26 -502 262 -757 -851 464 151 -920 -14 679 -727 471 52 203 -443 1329 -76 -380 -90 -397 -1448 -76 898 841 1239 -275 14 -8 1338 1020 -623 46 -665 20 -293 -446 -195 482 -678 -152 23 805 -282 483 -959 411 1357 -486 -776 563 201 1004 -690 -681 -697 1126 -170 238 823 813 564 954 150 ]
[904 -292 374 36 629 170 214 1202 -400 -1454 100 -352 115 776 -336 1373 874 -754 -526 180 -257 616 -460 -709 376 197 -384 358 712 -1656 -593 -849 420 109 996 496 580 -40 -771 1009 -267 -1123 -836 -302 -389 419 1505 76 81 774 937 -335 -1366 37 -262 -574 -421 -186 267 -308 345 -361 -302 -869 213 -393 128 -141 -1032 -222 -454 -261 162 808 -1365 -1052 47 163 -578 1216 192 -56 -117 -570 -190 -1147 40 1055 831 305 -32 -119 32 237 464 183 505 -444 -712 -166 -546 135 -855 -469 -719 -899 613 53 950 -810 -471 897 1435 -62 450 344 -365 703 672 -83 1308 -1353 -104 -107 274 491 418 168 ]
[-1061 -940 -297 97 -456 846 -612 518 408 465 353 -359 -223 38 -161 -1115 -482 -520 -154 -183 -1350 254 686 -113 -204 -939 925 734 -124 144 715 -504 -172 863 1032 280 -309 267 -80 -95 -221 -1574 188 -1427 -590 -688 -714 -755 -427 -951 389 -289 -128 670 553 -147 -376 293 54 -159 -1789 680 -502 568 932 288 -907 -12 300 687 -664 -160 -819 445 438 271 227 843 142 -739 -1103 261 -1028 -22 134 260 -714 -655 397 831 703 215 -282 -546 -215 -110 304 -1432 -197 -275 1090 163 -1397 -602 349 130 -837 -210 -241 -706 391 -735 -306 295 -333 -790 104 -80 -404 -224 -298 -209 -423 197 -1366 408 235 -588 ]
[-312 -720 455 211 62 -121 306 434 -1439 -420 -227 680 413 100 991 -230 -381 734 -2124 960 -556 -163 162 859 308 -666 -663 28 782 -347 49 -407 -170 -969 856 -329 -448 1251 -265 -240 -638 572 -422 535 650 499 -562 -304 -444 492 927 -187 -1101 -27 -34 546 -252 348 -473 436 -420 146 -597 -1534 -724 170 787 631 -575 82 -1292 -798 -292 -134 -776 709 -8 -360 -254 -886 694 -151 475 -637 -406 -580 -1114 895 1328 -241 -912 -218 -869 233 971 -170 532 -224 -877 222 -183 -214 -895 -811 -1272 -78 -416 -1114 -511 -150 -423 1440 -56 -686 228 289 551 122 -276 552 -175 130 576 27 880 -1066 -58 -1491 ]
[-260 -717 488 -189 35 515 -1455 1324 -309 900 -597 -1151 162 -490 482 618 205 -45 -223 299 246 81 235 -1050 -628 1079 -510 70 616 -485 923 -887 -106 5 110 -1090 326 675 -1010 1004 133 427 -264 -519 160 742 -99 -583 -1151 -517 -279 650 781 1141 -203 -140 229 -749 -1022 -243 -343 286 -340 -405 -334 -695 -348 -926 624 805 98 -37 129 -615 -386 -301 296 -452 -298 -445 -243 584 -1022 -454 -951 -481 42 382 500 -723 201 199 -397 -1052 -220 -530 -378 21 -652 -367 -507 -642 -312 241 -489 599 986 641 -166 378 -770 -223 -292 366 -291 -310 630 224 18 888 162 352 -104 490 767 -354 -203 26 ]
[-259 446 273 215 -584 436 -896 1294 13 -195 469 80 -700 -521 1159 -575 966 266 131 189 -1429 -441 646 223 -136 19 394 1036 -70 583 -309 -690 -94 -768 -171 -139 -263 -382 -669 141 -550 248 -477 167 363 -13 1160 -211 -494 723 656 1090 -713 460 478 -332 -171 -528 868 357 -1408 -974 123 -758 -486 393 -1141 -107 -1015 175 184 -360 -513 -216 -577 -474 -682 672 -940 115 -336 788 -430 -661 452 -192 -900 -27 14 216 552 -993 272 -57 77 -734 82 -1281 238 1177 15 586 -701 333 124 770 170 -487 -1679 -768 -532 81 372 -272 -326 205 43 322 -235 908 507 -592 -7 925 -1135 132 694 463 ]
[-1291 246 241 825 -424 1039 1426 334 -691 -9 -731 534 -391 -389 1431 303 559 322 -250 -560 -301 -579 174 -68 -602 -379 -662 -173 312 1469 -277 -964 408 55 648 7 313 1042 -1525 1265 -564 592 -1167 412 29 207 -223 -687 -727 491 987 20 667 461 -15 -1144 774 -666 1587 -621 1 -169 1275 -730 254 -964 895 -838 -330 525 -265 -127 -652 -36 -329 295 -306 -361 -771 -445 -1330 -138 1034 -319 -693 -653 -839 750 239 -348 1189 125 -971 -19 -797 -294 -241 835 200 840 637 216 -785 854 630 -1103 940 1094 418 -337 -81 -1291 -985 -446 -282 148 769 535 -308 44 -691 -419 118 607 -1145 211 -404 -218 ]
[-1036 477 159 348 476 -629 -308 659 804 877 40 135 -198 -244 -169 -622 -146 -1871 -450 -246 -1570 54 321 -1303 23 173 657 -657 -623 633 553 93 -89 1040 1977 -1015 259 390 -590 92 126 29 257 -133 1216 272 772 1304 611 -236 866 1229 -220 -98 7 -563 118 267 -1255 434 362 154 92 1183 -810 410 781 470 554 813 -358 -81 -333 -523 -57 -1307 -755 -715 -712 274 414 -874 254 -122 -34 319 -832 -440 -409 -665 -1110 -118 682 -638 131 -493 -461 -280 -741 570 -125 -178 -175 110 810 426 28 263 -429 156 705 -52 495 706 -698 451 514 486 -653 -1058 10 363 -75 83 -115 562 -337 72 ]
[284 -77 93 -449 -20 303 -433 14 -473 -249 355 216 -703 628 279 146 -664 1503 587 13 -129 -685 1108 394 30 -459 -418 411 -744 128 686 -233 576 -762 -1028 -760 1170 -287 1159 725 468 31 442 214 -1295 278 53 -631 175 96 -1736 -156 -77 521 651 242 66 -168 -533 203 -407 144 -525 412 29 5 -84 46 122 603 -100 701 -231 378 -547 -1002 -68 925 -506 -527 157 437 -1468 217 507 28 -12 611 -238 53 66 -363 -356 -336 152 847 -464 -529 -122 396 200 1085 544 887 180 420 663 -14 89 -185 648 -281 -130 -923 771 53 -164 324 448 1305 181 -388 -743 303 337 -519 -338 97 ]
[-304 318 751 774 -210 -130 363 1494 167 841 -218 -146 -224 340 1347 -300 632 325 209 526 523 -388 1088 241 -703 588 282 25 -656 -233 722 -764 -709 -477 -318 -244 94 -879 -895 637 -25 -1473 837 63 -1801 458 -696 -1144 -1239 -688 -604 -388 -624 1547 232 -685 -346 338 350 266 -86 295 289 -891 -751 480 -379 -847 691 -23 30 517 -700 232 -866 -438 1097 1848 503 182 287 133 -1020 -133 -121 -192 -428 96 -199 541 361 46 -620 -832 166 -631 -101 -1185 -46 -574 -509 -309 680 371 310 312 1079 -998 -535 -1106 90 -958 357 341 164 -350 -375 -558 302 91 137 -620 -294 561 184 -838 -44 254 ]
[-302 8 626 -569 218 957 -92 -426 -1280 -676 1237 -794 -108 -704 622 1076 -381 1114 704 -485 237 -732 996 -148 -399 -748 -1354 -886 639 357 313 -372 859 -327 -619 478 1172 981 -870 2075 -18 698 -655 669 328 1477 428 278 -56 238 -390 1002 761 -1 262 -661 438 -615 -72 639 -267 -49 848 -227 -24 -606 1075 -412 -1088 6 326 -568 594 394 -574 -818 -835 424 -502 1260 -57 1617 699 -1014 -284 35 546 -104 -472 -270 205 232 -1073 628 -102 -398 640 592 -87 877 -323 2093 331 1339 114 518 927 1623 -894 261 -245 -311 -785 -504 619 828 182 449 261 1289 522 -510 14 -24 504 735 620 613 ]
[-228 20 -100 1396 -221 328 -118 -91 559 -306 -733 52 -594 -105 -112 -502 532 -4 7 292 -796 -441 -735 982 858 -1012 933 -73 -936 448 -1104 778 -496 -263 -791 757 -548 -352 -252 -483 -178 372 -1265 832 436 700 981 424 662 67 -129 52 651 3 510 -1046 -69 -762 742 -284 957 -258 -256 630 202 24 54 497 -80 -382 115 435 254 227 -836 336 -903 -1016 -1243 810 27 -456 976 -606 -400 -276 523 -139 -12 124 276 -153 -180 525 -1096 -611 -962 909 219 1153 990 21 -570 268 -145 -30 980 -92 -224 -523 -220 -91 -179 -49 -757 747 -1848 -52 757 -187 429 302 64 908 -1038 209 -247 -308 ]
[1446 -805 221 -725 -178 36 -434 -340 118 -262 755 -295 431 387 -990 323 -1393 400 52 -1608 -146 -83 -209 -1230 -456 600 23 -207 -246 -455 -999 275 790 928 631 148 1608 221 694 -335 -250 141 706 77 516 -344 -370 -202 1008 467 -506 54 475 -1334 924 -219 -528 -1237 -142 -390 244 320 119 975 -296 478 -668 30 -11 -528 601 -118 287 -71 1650 -2139 -204 20 -593 -492 -188 246 -838 390 -11 52 317 110 -285 -257 8 354 -174 54 911 1503 -245 -33 70 -439 379 1361 396 -588 292 6 -281 313 493 -505 730 941 705 -13 1326 -183 223 1465 -691 217 123 -44 87 -97 24 1018 517 882 ]
[912 -137 794 148 -89 -875 444 -193 -541 -357 -80 436 1210 620 -110 585 -299 -409 -23 -922 939 -194 814 -913 -1019 958 -936 -958 -423 -807 -799 137 -460 597 689 -1012 1161 929 -11 1872 927 681 1423 -496 291 -271 -205 38 -178 640 -193 778 356 130 90 773 -690 -509 -90 -365 674 -1221 150 -230 -689 -687 1046 -346 -479 -571 -166 483 221 398 1234 -455 266 -7 356 -492 -433 713 468 728 -783 213 620 847 157 -267 -166 -70 -101 -365 416 940 -987 98 -196 196 -588 163 1120 -1254 851 452 40 624 928 -40 626 956 443 -140 681 37 2016 878 -1349 -755 652 -362 379 -1223 1119 -191 922 681 ]
[600 -512 1621 194 -454 -454 -917 367 -63 493 795 -644 1552 -153 -129 -291 152 -160 -83 236 770 155 39 -362 -235 -193 302 -808 55 -396 730 995 -358 241 -267 262 -210 -612 1093 -628 410 -1021 691 -688 52 683 -323 -226 712 -363 111 -1377 -50 293 837 546 -821 588 -493 636 40 -134 452 940 -115 -172 54 -740 -576 -116 -377 -37 674 120 589 531 -634 -575 1261 -199 91 706 278 446 636 1085 621 159 -60 -59 -931 495 62 96 241 -190 835 -381 253 -1181 -577 622 678 -248 175 -45 -357 -130 -402 936 -532 479 271 355 -192 -1015 448 -611 -189 138 -1304 1038 477 -861 821 -617 -561 -297 ]
[531 -79 -289 -732 -99 -374 -89 -485 -181 132 436 -891 -553 -339 47 1178 -460 -438 1059 -1486 -109 -21 609 -1562 -883 -582 -988 -508 -229 312 239 119 652 348 10 717 1524 482 -357 1016 -499 -509 533 -554 160 -399 -71 377 37 -1 -431 530 -201 -242 -24 144 880 -990 512 256 -203 785 254 1209 1029 -84 157 -685 -1154 -570 450 172 -404 -246 -588 -1732 -333 243 1246 113 1035 -177 -258 -934 1126 585 -56 -1034 36 429 386 561 -844 -391 591 984 301 -1124 -528 140 -681 1254 1362 330 74 -406 604 1581 -85 -111 1147 214 -498 -712 -98 895 34 528 -217 920 -254 -109 -264 200 -516 387 -220 854 ]
[485 39 -134 -235 -232 295 -171 602 395 -517 -9 479 -653 -110 1238 -1160 -601 118 -573 213 -1219 83 663 1167 -535 -184 -669 -573 148 129 435 -743 -1529 -257 480 -766 314 -277 237 -712 123 309 -292 72 699 -115 -374 645 4 266 318 1117 150 -258 221 -594 -1208 -481 326 -197 60 -1053 1250 107 -845 1061 -608 470 167 -419 -336 56 -921 206 -664 -509 -641 -195 -392 -588 246 930 -176 -484 -1211 824 -459 -686 135 441 -1116 -144 219 -285 -107 708 904 -694 586 -541 -609 -1299 -431 -1287 -255 670 227 -640 -1249 487 164 289 308 714 -843 -400 -370 -524 -44 314 568 -510 1095 319 -1089 -376 -564 -625 ]
[-115 -363 -148 -510 -340 -205 125 336 72 379 -553 274 1268 858 -1239 -564 -776 -136 1146 347 75 67 679 -2 -288 321 587 -43 226 544 -267 68 -1285 959 1294 -562 -476 -518 708 -307 562 -25 501 359 -814 -518 -400 865 528 473 -128 5 551 325 -190 -595 -589 631 -552 -445 912 277 246 296 -1834 -250 165 1567 1068 54 1020 -56 229 35 718 -463 608 231 -912 50 320 -942 512 297 -1169 375 190 364 -133 668 -526 51 676 -51 701 25 377 -455 423 -307 721 -1356 351 -32 560 938 518 -167 -519 393 281 -173 -64 280 28 -698 -236 208 -482 -37 -236 76 782 574 1291 727 -224 48 ]
[184 60 -112 372 1040 508 911 287 -431 -303 -446 -95 -1022 215 -590 118 -80 -570 268 -377 -655 767 -180 418 304 -91 -200 -255 -784 215 -195 -843 476 351 667 315 324 -813 -1064 -524 353 -823 -153 17 -251 -435 948 115 37 -426 477 761 -408 -343 610 -1261 -62 116 901 -300 110 248 1532 -15 198 983 69 272 -1040 331 250 -827 -283 713 616 87 798 571 211 146 794 -1056 1231 57 -179 965 -579 -679 -418 221 305 -708 -134 380 818 -353 1579 -472 678 77 -207 971 781 641 65 -797 -499 -271 -283 -1473 23 -1344 -30 276 -672 88 -1184 -692 252 -163 8 218 439 513 -471 352 479 193 ]
[-513 887 -922 -673 -264 205 242 -339 -451 2108 -42 535 -341 492 -812 -689 -441 577 -843 86 -628 -554 -146 380 553 -22 -134 -394 211 772 792 -761 -239 -603 677 -1014 -437 -340 787 -372 192 821 -48 -97 1114 192 -1000 724 174 -174 -658 184 -190 -962 -512 -152 -993 472 -375 1565 -462 235 -808 257 -534 -589 -353 797 1406 46 -310 280 -6 -806 399 -296 -534 -1450 -359 997 -970 2 -1389 892 750 -74 343 57 314 -936 46 -509 803 -989 646 507 -674 1012 627 -728 1372 -808 -544 -274 -8 908 -622 54 -788 79 186 830 -274 1148 183 -127 -95 -609 -1181 -180 -607 -225 -1342 -103 -68 -107 -317 337 ]
[359 -458 -42 -567 -1719 -140 703 -86 -564 -386 -530 -948 924 335 -1233 358 -299 -377 689 1128 646 -1094 -478 -348 -611 -96 -1343 34 397 613 -946 -909 -165 -193 -789 214 -267 14 -506 922 -1015 -836 1137 309 -843 -504 -1540 -1444 465 361 850 -440 -67 -775 267 -397 -561 -531 159 -496 843 736 363 -873 676 -1608 -376 -482 -1004 -837 558 -744 -381 -107 1499 -56 753 36 743 -291 -2593 -801 160 448 -309 290 438 286 -505 -558 -113 512 -1247 -419 -255 3 357 811 552 -1264 169 291 -205 706 669 -1704 -1283 -729 165 -303 411 -308 -21 -515 179 -1169 -268 -183 -250 652 198 -16 -564 -118 -4 -171 -114 323 ]
[-139 781 -855 -1023 -273 286 -502 -27 -63 219 -649 914 -277 500 -486 -613 38 841 930 -682 -475 -869 -331 743 -606 -341 -209 1182 193 673 -806 -513 49 95 -218 100 -283 363 -650 306 -918 20 -318 374 979 -597 -64 -59 167 -65 1031 159 -121 -1192 -1097 -199 1115 -569 1389 612 -737 -796 -848 -236 -611 154 -156 -137 440 -939 -20 562 -960 -1489 427 -1012 -528 -451 -28 340 -360 -229 -790 806 -85 -352 -20 269 21 236 1019 -534 -20 -52 614 611 198 54 -1052 385 -271 686 176 514 918 -567 118 595 768 256 -321 726 -739 -353 664 -72 645 410 -281 -973 899 -1043 331 71 -980 1409 644 -41 ]
[-86 6 -710 116 -281 -949 -514 -272 1562 783 -271 -698 -47 -240 -226 286 450 -829 67 48 -103 51 -467 -433 1048 416 -2 735 -691 -1262 244 1237 505 -196 -1135 -300 -540 -587 574 -673 -199 -519 298 -327 -201 -1034 783 -322 -55 1097 -588 580 521 -86 -65 -471 494 -243 -602 1144 244 -47 -1234 -227 473 333 128 -382 363 214 -641 1111 -648 -157 128 -172 -934 -724 -143 -295 35 564 -1526 559 833 -13 -237 -179 -57 -351 -200 979 1398 203 -767 202 -1076 -1 212 -337 -356 -456 468 -347 408 51 -636 390 -251 103 1047 144 45 384 -1036 290 888 216 428 -1470 293 -490 162 903 -213 -87 704 195 ]
[1025 -278 450 -330 90 505 214 316 -80 -1277 -318 -1209 -60 112 -552 664 -1181 -298 373 -485 -449 1034 -373 271 -774 731 149 129 701 67 -356 -643 1153 302 257 621 765 -69 814 832 270 1211 -523 -629 -94 1253 186 441 -101 -76 -794 -337 88 1098 990 -48 -1094 -832 -1024 -478 -625 -555 407 -299 237 -678 658 821 -281 -3 640 -805 1156 121 83 -461 869 113 -286 -858 -537 1002 -110 -559 -988 -61 105 702 86 -653 747 -439 -276 1148 464 170 -99 -225 -366 1471 -18 -263 -870 -454 -1007 64 -26 787 -105 139 -728 30 972 -1117 -426 958 -968 268 9 838 1601 71 539 168 549 468 724 -1020 ]
[1408 -794 365 -449 -212 -133 794 -458 -630 -1376 -582 973 183 974 -741 -545 -409 315 520 -400 207 -447 -98 149 -376 474 -911 -94 619 861 -938 -399 -504 -255 610 -117 -321 -27 249 260 185 755 653 598 -239 -349 -167 176 175 -119 484 149 291 -138 220 -170 -395 201 284 -205 1010 -1155 641 -537 -718 -204 -310 864 399 -1298 646 -1089 -568 -367 -13 462 224 429 -824 864 -153 -386 547 627 -564 490 -76 149 525 -147 -739 -37 -616 1154 496 149 -857 -253 148 326 -452 -67 -79 -361 265 734 668 -22 476 -376 705 1517 88 -26 324 442 -233 10 -1046 -1190 722 -497 -368 -745 736 -537 -45 -239 ]
[1414 -624 495 -288 574 725 263 -273 832 821 -426 -17 946 389 1153 -260 -122 99 -1180 320 -510 449 756 -516 -760 855 22 850 -254 -14 1004 222 1045 200 -564 -420 -679 599 688 -1751 269 -83 135 -649 345 523 530 -114 -755 -173 -512 -403 -114 1288 -175 -888 474 -552 -130 -3 -712 -1351 -298 -760 138 1009 -405 -77 422 2009 26 1016 243 856 -1017 -379 -343 -181 -430 -1082 852 -531 125 -134 503 158 266 -289 -817 446 -986 -113 327 773 346 180 1103 -1800 -225 -138 -470 -309 168 -856 -341 1066 542 -131 -291 -720 -172 341 -516 201 -474 252 167 -1029 -968 657 -517 796 1058 -39 -1361 478 -156 -377 ]
[115 -425 -34 298 1 -601 1001 213 1129 -15 -32 -274 -194 8 552 -1362 269 -795 553 835 -406 791 -19 -296 -116 247 838 153 367 -1214 139 3 -484 -398 -579 572 -168 -830 1022 294 -824 423 -673 682 804 457 1585 976 110 -391 809 339 244 394 143 855 -81 -90 402 -78 -121 -190 26 -26 1169 335 331 776 17 -151 549 126 -393 334 -1306 -46 418 650 -203 -21 250 -136 782 -1194 -558 59 -349 684 -1087 265 -601 -290 146 103 -643 2 -129 -702 -2 1012 -422 -693 58 -338 -87 599 411 -128 -1554 316 -782 648 100 852 -504 -477 -698 -114 212 1403 383 422 -304 98 -651 -51 -588 119 ]
[-379 -51 -1889 345 -383 823 159 -768 -430 -1149 48 983 -1207 669 -886 -1215 -634 47 -95 -686 -661 -249 25 -500 1091 -1104 612 67 580 37 -109 -74 532 -91 1384 -410 -800 -17 -180 326 -227 -420 -542 -235 -327 -1400 -93 -463 547 779 870 284 688 -969 -314 -943 295 -3 444 -648 -606 -267 724 54 305 -97 -457 1163 436 -214 139 -681 -921 308 773 204 -60 553 -926 879 -1151 -118 48 316 -12 619 152 -1204 -285 153 559 317 360 -806 -707 554 939 -51 718 -485 -1 -170 -1488 -99 893 -290 -803 -1035 194 -936 -85 -666 -434 956 -156 -509 -244 -226 -54 -274 160 -84 -830 606 -1558 384 15 654 ]
[-647 347 -211 -213 -340 -575 -1683 490 1237 -222 -103 -806 -289 -619 -141 -200 892 -660 746 586 -826 327 102 701 -764 296 508 94 -38 -691 271 119 -126 8 -705 594 -25 -551 -397 224 -130 -978 -262 -17 -714 -772 366 227 17 720 -328 499 -464 -752 -56 603 -692 -488 -6 -31 -640 1050 -142 394 771 339 -496 -413 -510 -235 189 954 -1232 -861 -271 -928 227 1053 38 301 155 988 -1139 534 342 -99 -653 -680 -609 439 1147 -434 910 -55 -409 163 -861 -399 -1374 147 383 -219 262 204 -359 -435 -347 -109 -1379 250 -103 157 407 43 -432 -338 -362 175 1394 124 133 -1516 513 1170 -1052 512 186 -87 ]
[-370 766 -496 564 -304 316 1406 -945 30 332 114 1781 -18 269 -726 -394 -150 -27 -511 -680 38 -686 -137 154 436 -38 -200 -279 930 662 -947 -523 208 89 86 320 -341 92 963 255 124 380 252 -293 596 386 -262 465 140 138 633 -419 257 -852 -236 -575 -404 524 1013 -308 -438 -281 419 -77 -245 -292 826 901 788 89 -627 -498 28 -257 1103 465 -598 -578 304 914 -1584 -23 29 502 549 333 705 -89 -245 -591 1043 228 523 504 -315 59 -582 1208 -204 -536 1044 -151 -227 -711 1132 445 -79 -572 317 -281 32 362 -884 449 627 -538 555 821 -1623 -543 -973 10 -15 -1110 -755 165 -472 -252 ]
[-679 1190 -149 -98 585 -383 1272 -157 767 1010 -336 401 -437 499 -563 -787 7 1708 123 1077 -440 202 67 826 608 -420 672 500 -491 81 -280 164 102 -58 -803 -170 -50 -1080 1729 -1605 307 -1257 272 1080 -1000 307 -179 -575 533 -748 -377 -215 -107 11 167 509 128 45 -138 1225 844 -163 -1096 399 -1170 893 306 772 1060 -32 -764 1165 -42 235 -254 341 820 1410 -345 -53 95 377 -524 903 1145 1309 330 921 -334 1310 -383 322 715 278 -304 -369 -1628 622 861 764 442 114 542 -331 389 -602 61 -1036 733 -398 -74 -309 -54 215 -158 -617 -22 62 869 -1651 776 -1618 -362 79 125 -723 -292 111 ]
]
