[[733 271 151 57 267 -538 139 -50 1136 469 -236 887 187 -442 -413 361 326 371 -74 -334 -606 798 -39 759 864 -389 -42 -109 171 135 -149 321 64 321 -648 -798 213 98 342 445 781 -5 -807 -592 -9 233 359 663 -568 92 64 -169 561 -466 -138 -772 144 -617 -508 69 586 856 184 205 287 578 -400 622 784 -145 -367 -748 259 -28 -331 -84 695 491 365 875 302 -37 -263 286 -374 -390 56 175 -262 -334 602 -15 280 19 -18 -679 -453 852 370 405 294 433 -71 490 -293 -271 443 -459 -575 -498 471 -274 -212 -650 -668 71 623 -99 -369 441 137 119 -408 816 296 136 -25 -426 ]
[-27 338 -881 18 565 485 815 -97 692 -216 59 -653 -314 412 -648 673 653 1187 490 -430 177 1436 46 -40 -635 135 -495 468 449 -651 -422 27 290 -486 228 68 -286 297 -311 -586 752 66 273 612 -484 26 -125 326 51 553 -351 -235 -444 -204 -333 -368 616 -99 -95 126 696 -74 -361 844 769 229 -247 317 -52 -593 780 410 112 -164 238 27 -43 309 -119 274 -1031 79 -261 588 499 845 -100 243 -216 561 -773 14 -29 195 -194 898 128 46 74 -764 734 433 -585 -94 -674 124 410 -32 13 -287 -93 -145 149 92 387 -4 -887 191 -724 -386 5 -65 -755 547 -1094 213 241 -152 ]
[-149 412 -876 286 2 -39 87 -182 165 75 -53 -102 314 285 -595 245 416 261 -247 -422 -192 62 -823 216 -536 -31 434 567 286 462 -29 -448 466 -1118 863 -859 -87 688 23 -314 449 -293 969 250 -761 401 128 469 487 482 -137 -76 -156 362 -33 63 405 339 -578 -1140 394 -460 -330 -538 -435 -30 311 279 206 -1181 168 36 177 427 901 -705 661 -55 433 -220 -610 611 -304 13 -697 538 456 241 602 700 -73 -404 1099 -155 -426 1307 -254 -157 641 -521 -207 375 -559 -244 -512 495 90 -945 -367 -9 99 187 65 773 -172 2 -784 504 -422 260 -614 -682 128 -277 -417 -71 301 -973 ]
[-975 -351 -1012 -142 -678 462 46 -1434 620 52 -879 -525 661 238 260 55 545 -271 57 -655 421 -269 -160 117 -712 -91 834 528 -479 498 -219 284 193 -904 227 301 305 483 35 290 1069 109 1092 990 -212 734 -628 590 449 306 -1325 -26 -665 436 -248 -322 803 101 -110 -317 25 -720 -294 758 605 29 -58 -257 162 -645 372 300 -353 109 854 -115 66 -486 128 499 -277 -318 -1063 185 280 -233 171 382 648 469 -789 -640 517 -558 -110 570 -130 -496 -143 -388 -68 -593 -259 -423 83 103 -178 220 267 -495 -40 50 -768 -530 279 352 -201 256 -496 65 425 780 -415 -597 -639 -288 -500 210 ]
[-208 -312 -286 -239 65 428 -1067 1104 -721 -642 567 722 639 424 1223 95 -590 -499 -249 764 -654 -952 -503 -252 -6 -191 -146 189 -143 -35 34 -360 623 334 617 1 124 1 39 -119 -1246 249 -14 -191 446 -347 -430 -807 259 -255 173 581 1147 271 -407 265 -855 635 -182 -1146 -182 -13 -150 -719 -916 -508 -49 482 -409 -343 -260 907 645 202 -555 -803 6 -634 -75 -645 -23 333 753 -614 1066 116 187 83 -193 740 -361 446 -103 498 -350 249 91 -313 124 889 2 347 -367 -121 134 921 -500 -1144 -447 328 136 292 -451 945 198 162 104 936 1120 -152 -367 187 269 -356 1151 -1104 91 -809 ]
[289 493 -364 27 653 135 513 611 -661 142 749 -563 -522 90 -894 -668 251 759 -262 514 -330 869 -302 520 271 134 -359 239 1035 576 488 -240 -111 -1559 -315 -146 193 312 108 -671 -493 -777 206 -104 -746 -77 949 -247 -373 16 953 850 -277 274 777 44 43 -132 -489 15 -514 557 629 -635 21 612 675 -89 -252 -332 -429 -495 800 48 1110 8 546 -439 -400 120 -17 736 159 989 -421 -222 -329 -335 -62 -720 524 85 -1053 -242 -348 -125 697 -348 1125 -376 -116 371 -38 -248 -506 -931 714 -151 -487 131 200 994 1617 29 -493 -422 -1028 -1023 -231 356 -259 -423 554 443 -693 -113 417 -405 ]
[-143 371 192 38 239 -113 147 -242 1102 119 -435 -1018 35 99 -763 1022 659 387 36 -855 833 1004 723 -271 -204 652 -591 499 -556 -713 -254 283 51 209 -511 118 -142 -77 -11 620 1876 618 -619 -117 170 176 132 720 205 211 612 97 -306 -264 -385 -791 911 390 285 78 26 -959 215 856 -195 486 -614 -508 228 378 549 -573 -1121 -246 192 395 -665 796 461 433 -346 -233 -281 -161 129 517 777 1139 625 -373 363 -215 1314 35 -536 82 -467 297 -173 -285 -544 -112 -47 406 -637 -23 -284 907 1278 45 -194 -93 410 -394 357 -330 -227 -644 -1410 610 -8 -666 -997 403 -191 1005 -162 27 ]
[691 145 263 322 -244 -1308 406 782 -71 -315 635 -16 -848 -393 -135 -390 117 632 376 -410 496 361 -831 32 -272 -320 -109 109 -99 -317 -105 -911 -372 142 1231 -138 -207 140 204 -50 610 -158 243 246 -260 581 -222 64 820 -461 370 -512 -749 -513 192 566 -226 -626 710 -762 -70 -260 308 -519 -341 -718 -595 696 93 -686 249 1002 427 -137 144 -228 -91 180 346 -165 -718 -330 146 -474 -637 568 75 -486 79 1044 -570 -1099 1059 -576 268 936 138 -211 -34 -695 -187 743 108 -384 -80 819 324 -521 94 1160 -861 -418 5 1070 103 407 -104 1231 -16 -806 -1473 -1397 73 -483 58 837 759 195 ]
[-651 -404 -486 99 -131 600 776 -630 26 487 -736 359 789 208 524 -79 532 -630 458 35 -360 316 477 -371 -568 -537 530 -492 -778 -506 -864 516 154 200 -483 -214 -182 -34 -400 -628 -891 -280 955 -340 16 -235 422 -408 -657 524 -649 -660 -773 296 915 279 -90 -356 -405 613 407 248 -1321 -129 152 67 80 -762 131 3 776 578 23 -290 -830 -308 -34 128 -273 -618 -605 -182 -21 692 -326 321 -1167 -549 162 184 236 271 350 438 -42 83 -744 -103 -597 -88 667 -161 819 -210 37 -679 -92 195 -330 -447 86 -1183 -947 -509 553 -459 -276 244 -96 -399 -135 171 -184 -312 -431 -898 -263 -159 ]
[-706 275 -844 -121 364 451 6 274 236 -326 -305 -655 -94 668 -523 -613 1106 810 182 -961 992 946 475 791 -133 156 192 787 -564 490 -17 -489 158 -478 -776 24 380 -298 1062 197 1392 50 1115 226 483 220 -657 1226 370 -17 452 -82 -1070 287 -341 -270 465 324 221 -710 -1100 50 372 65 -237 197 -242 -596 374 -141 389 469 -169 -316 988 26 -844 -221 -15 89 -1436 233 -1032 350 58 -162 52 -375 528 -185 -853 -795 678 -686 -639 413 508 -24 107 -572 -714 428 614 -495 -117 -40 -424 225 403 447 784 152 71 -925 141 -269 -516 -17 -1263 -276 -649 345 -711 -142 -438 -283 547 888 ]
[1000 -338 573 420 -1002 -324 1127 -294 60 113 -83 -976 -930 21 -1185 -20 -364 658 -226 -1088 703 384 -229 263 -638 -262 897 -376 313 -439 -37 -400 618 -11 1111 184 -485 230 200 -142 296 -578 208 637 -421 519 -353 564 766 -312 5 -805 -735 -647 681 77 154 -380 187 -135 940 -1199 -25 -584 676 -199 214 148 631 -850 -93 -366 -484 -356 -70 342 480 849 382 776 611 -186 -110 219 -1071 1039 93 -89 499 903 40 -330 430 -783 348 321 -95 -480 160 -222 -302 33 575 -172 110 724 510 -166 138 -311 -682 -998 350 578 -602 353 -906 -94 533 -229 378 -527 -83 -584 -247 690 73 734 ]
[177 189 -860 59 420 425 -537 -809 523 777 -860 179 -18 303 628 -282 -619 -1107 -656 771 146 -732 -1055 -62 749 -443 434 602 -122 937 47 100 325 -1086 71 -405 470 594 -292 593 872 -264 -42 370 -9 617 -495 -74 118 -640 -276 768 1263 72 708 -904 -236 -328 -884 244 56 283 914 -38 -338 931 -97 1096 12 -726 -942 -693 980 300 723 -602 865 -585 192 577 916 -284 -529 246 -271 -1426 427 -359 200 -333 4 35 279 -555 138 -600 -181 469 565 394 -115 -860 -773 418 1182 96 2 -910 601 -622 237 530 -99 -436 -134 232 295 -542 620 1474 729 777 323 -2 -19 -331 128 -588 ]
[-300 1031 -224 291 -155 119 534 720 -18 -159 83 -812 847 906 -1174 505 303 295 -480 -546 422 706 362 567 -487 -22 497 543 -134 450 -352 104 518 122 -367 -1060 -329 -312 662 -330 292 -33 -247 33 -529 -110 742 367 443 705 -18 235 7 -42 -554 -308 324 1599 -268 -1247 784 -661 -485 6 104 287 453 -485 481 104 94 -194 -180 505 171 -26 114 -99 65 -84 -660 648 -182 -628 -21 1230 783 830 187 -11 58 704 557 730 -468 697 -95 290 793 363 -901 6 -860 -360 -265 -991 -1227 -188 -934 323 1253 581 -115 854 -176 -256 -613 297 -416 458 386 -246 -638 -132 -472 -414 -770 -1236 ]
[88 -175 792 481 -435 -1488 -509 360 -298 -331 988 485 -21 -787 1340 386 899 37 -114 456 -712 -996 -475 -93 593 859 -361 -1157 79 61 356 -483 -713 83 903 -599 526 818 17 -196 -918 859 -589 -645 271 102 86 512 79 -288 205 -272 -15 350 186 641 -902 -302 -59 -1012 -753 -285 -312 -478 -845 -409 -172 -1 -270 -1 494 -2 192 62 -162 319 -179 202 296 -536 -164 -117 248 -867 -818 -638 562 171 348 -130 387 -846 370 -126 -517 744 445 -474 138 150 -43 722 434 -442 -678 1301 725 197 306 766 -1077 718 -754 858 -153 547 1083 355 -367 -580 -912 -1221 560 -325 883 582 588 186 ]
[-593 769 206 139 90 -408 405 -243 1491 840 22 183 587 504 456 727 1029 -802 72 727 -717 293 213 -492 258 633 -394 561 -518 -218 -364 91 -325 -239 112 -515 -127 879 234 -113 827 386 -213 -139 -720 151 -234 -206 4 162 -1116 331 322 118 -386 -653 154 470 -697 -1320 140 -738 -6 799 -115 859 -178 29 -140 -49 156 -425 180 139 -704 -268 124 -277 156 248 -350 -925 -892 17 417 -43 828 709 475 -2 238 -186 526 128 -637 655 265 13 489 334 -875 -159 -60 149 -161 -1007 -448 131 602 -494 -125 302 -952 -72 511 22 739 281 -901 286 1009 190 -420 470 278 751 -498 -251 ]
[931 110 953 354 -275 -103 -567 375 -828 502 -277 1093 373 -626 -830 -94 -151 277 -468 -260 -471 -881 165 128 -277 -104 -175 -654 753 504 452 -77 -75 -17 -13 -489 -455 -20 241 -642 -718 -263 431 -262 -224 -842 503 843 432 375 671 -939 -609 639 -958 157 365 -299 531 -53 -374 -358 -1030 -1216 -715 -1425 236 -537 466 120 -26 169 -603 789 377 385 -68 1388 208 -894 765 957 321 -247 -873 678 -166 -369 475 -271 1086 127 797 253 539 8 -1000 33 -456 -576 -128 424 -175 775 -613 283 102 211 -1081 1028 699 -178 543 955 -1274 100 292 152 131 440 -1064 -915 1019 -937 502 727 151 -355 ]
[578 58 -479 -116 1193 1838 -61 553 626 457 -1428 116 342 712 -862 -229 1032 911 404 721 65 1443 1166 -257 19 -182 -532 1337 -267 -827 -260 47 656 -311 -776 434 -492 462 501 -982 343 -627 1052 -274 -103 -1025 -840 198 -448 -724 133 295 -318 -230 31 -1086 535 -306 -854 53 414 -338 -196 -158 -75 721 -342 -513 417 81 182 192 373 -188 -329 -28 -108 890 -406 -167 460 401 146 1163 181 101 -265 -61 269 -776 131 1269 -89 473 -447 -465 -433 -789 617 -62 -417 514 826 1095 353 -560 -250 -705 734 -833 -38 -1230 893 -745 -191 -667 -817 -1058 -356 -89 212 200 -316 514 -355 -474 871 1212 ]
[-376 144 234 -437 -402 -180 1176 731 -540 -291 1274 -1525 -48 218 708 426 318 723 -59 -465 -196 1172 278 -501 -791 195 -424 -1236 52 -895 -595 154 63 486 -43 -120 488 -360 10 -491 -1412 436 -982 -262 415 -106 293 -493 -165 935 728 44 -469 -16 780 744 -425 874 80 -336 -385 -302 61 288 -286 230 867 -609 -1141 988 712 -231 -622 -1142 -1007 69 -944 1010 -129 -126 -389 -413 213 -98 815 958 -938 -74 501 -22 325 554 -253 -61 491 -161 85 -161 -238 579 341 637 1259 -515 -1 -946 63 995 550 43 -211 -53 104 -75 759 -435 -545 -518 -80 -992 -266 -349 -74 166 604 -193 -839 -209 ]
[336 -294 323 -656 -115 -540 1608 -107 571 179 1451 -579 -682 -388 -33 92 771 570 397 -206 -391 1536 -1158 665 83 -151 -227 -658 629 -189 -961 550 -357 -428 -69 -61 -164 87 23 -532 -340 -4 -1080 -165 -712 437 1294 -726 -397 397 513 -233 -95 -183 1059 -107 -329 -936 -363 -798 103 796 434 982 673 1088 -132 447 -101 -502 -612 -880 959 -549 -364 128 815 145 -355 1114 -719 -274 184 182 -399 298 -617 -28 12 -132 826 -283 -571 -264 -612 530 344 993 860 299 296 334 -47 -245 -696 -1527 1285 193 102 -397 -462 955 406 -167 877 377 -622 -466 -188 -967 -17 -404 159 304 -68 -91 -283 -775 ]
[-659 85 686 -14 -744 -1129 1042 -741 495 234 -224 25 -239 -398 -286 -426 265 -333 -127 -240 -291 281 245 112 315 395 -85 135 -107 -208 532 126 -310 -1002 372 472 17 321 264 -327 130 469 518 200 -885 733 -95 359 -37 62 -738 -251 -939 232 301 545 360 -513 513 208 -189 -243 -688 427 732 -822 -505 335 447 224 151 722 406 127 432 509 407 -801 11 904 81 -755 -1001 1204 -934 -190 224 -429 193 373 -631 -948 179 -1001 411 -224 174 -486 -55 235 -478 138 884 -352 -984 -712 868 1272 -333 80 -550 142 -456 359 41 -87 388 993 -415 214 634 -219 -610 -442 -633 1483 -395 455 ]
[-672 -764 -826 -269 -179 464 -209 -440 13 -124 -1242 -295 1221 -26 1095 555 151 -349 -608 -657 996 783 -444 -568 -762 -791 74 1429 -1098 -642 -530 952 67 -936 593 594 -106 351 -145 -284 1065 550 460 1152 -79 540 -1058 -143 722 219 -872 -11 209 332 44 -304 752 -413 778 -968 335 -1540 -852 880 -639 -267 -665 174 -522 -402 767 709 426 327 698 -710 -225 -427 200 -341 -219 -210 -121 -494 810 211 1139 1129 569 145 -1252 861 1289 421 2 449 -1087 -334 131 24 191 -311 -965 -175 154 168 -627 -133 918 682 -1192 2 21 773 828 -412 -784 442 -181 26 -1391 -1191 -94 -1732 -259 -927 -229 -1367 ]
[435 313 28 383 -574 -968 -114 268 1279 -17 292 1351 18 -498 810 232 687 232 175 342 -1685 63 -893 134 524 -55 -743 -774 274 -1213 -1064 -272 529 18 810 -424 -10 900 -352 -879 -462 225 -164 -394 -491 -472 421 -29 -113 405 827 -343 -287 16 300 -361 -58 -864 -337 -531 45 640 -1561 -278 -232 -1092 -597 1197 922 -844 352 1054 573 -335 -345 203 194 1058 -95 582 -208 -571 502 -44 -893 796 -574 -974 194 1610 -568 -798 1155 -311 437 595 -178 173 172 190 596 975 250 382 -1127 105 818 -529 105 268 -701 -571 -619 1606 -305 589 992 1518 769 -78 -645 -635 -291 284 595 986 293 -140 ]
[413 -468 -710 -111 -1003 1033 460 -753 -125 373 -395 -251 -51 -662 -387 190 -1000 234 41 -623 -154 -452 -779 5 -219 -577 780 -21 657 -485 -392 327 435 -89 507 542 148 -177 35 -439 -249 -644 159 468 -72 597 172 -183 92 430 256 -54 -96 -263 728 963 303 657 -88 -101 23 -14 -67 -463 -444 -150 1188 1071 221 -372 -170 -1215 -157 -381 256 147 648 305 -383 181 408 74 494 -258 -439 258 -98 66 37 816 -575 766 -514 -624 724 299 -427 -171 262 -226 701 -163 364 -497 375 -5 272 -421 450 -1231 -1260 -774 421 150 -349 -309 -599 -124 915 -513 -579 -49 642 365 -172 -678 599 100 ]
[116 147 -108 -99 430 -1078 214 505 -653 -415 702 -1040 -858 739 625 574 -1372 -375 260 -26 891 -209 -470 -106 -251 -310 599 -140 -280 -493 135 -759 574 991 886 -323 -387 -882 -727 688 355 522 -914 443 334 750 -198 141 -26 -293 56 -262 501 -1331 345 1102 -485 104 64 184 1012 719 323 64 344 -406 -1183 553 -234 -573 91 1062 236 -338 -56 -390 20 -1049 750 -283 -77 -559 323 -233 605 891 314 -61 -642 736 -279 -933 535 -151 113 715 338 436 -667 -444 -32 -578 -785 -702 219 1416 418 -588 -710 1152 239 -410 -1235 480 709 1013 -746 1161 294 260 -448 -283 -713 -771 -124 -122 292 -615 ]
[87 220 166 316 -491 317 -54 1128 92 -542 -137 -127 541 401 519 312 -334 -331 213 476 -24 -129 -249 615 162 -825 -320 137 -115 -63 -591 -855 1300 812 -707 -460 276 -260 211 609 448 -458 -1335 285 438 95 1045 -361 -63 -742 1328 1335 -298 -704 -166 -639 -151 543 -347 -753 227 461 444 -488 -338 335 -834 146 1109 -538 -420 272 324 190 -325 74 58 -417 -72 523 699 261 1188 -182 1098 878 -137 456 429 78 1080 -246 471 -365 -407 -529 300 -136 537 78 -151 -334 -404 34 -52 -72 -554 -666 -1085 699 605 246 -12 496 -107 302 -61 168 -130 1635 -836 -307 -707 -151 488 -681 123 -1110 ]
[-111 -128 -1116 564 -615 -80 -1614 -162 138 -1875 259 512 186 -36 1001 -292 1607 1674 393 315 285 -363 129 -123 -688 499 -287 -636 789 674 -222 -123 -639 754 532 215 630 250 -386 137 276 641 363 696 595 -305 -1143 1129 -75 9 -1512 -305 -1135 336 -1146 -686 -390 83 873 210 189 399 -420 1039 1071 -370 -376 -416 266 422 1082 1013 -208 -6 309 565 -1518 452 -94 141 -1210 260 -58 -741 610 -203 -424 -419 -768 42 -1819 -322 -211 244 509 785 926 -498 -821 -671 1222 495 -1108 -159 655 942 -281 -270 -112 510 -738 666 -101 14 -276 1445 848 789 -2 -2302 -396 645 -175 285 -407 155 -52 1520 ]
[924 -806 926 287 -782 -616 512 -480 852 963 -43 431 -312 -713 -259 -281 -228 -881 -46 -679 -394 -1347 -793 783 215 -70 792 -1072 -364 343 -543 401 -225 728 -314 -188 -494 168 -123 46 270 -349 -898 -509 128 -472 863 50 1029 -485 230 -479 832 -211 -615 -544 168 -411 256 143 -466 -326 -326 -537 668 -926 -81 533 1128 -678 -945 -697 -415 -245 -637 557 405 1194 -156 340 -158 -817 400 -939 -668 619 350 383 -87 1126 346 -315 389 789 -702 297 -38 1016 20 744 56 -4 -682 296 -369 185 -47 -395 34 -382 129 -206 -1067 51 -1148 967 1094 328 792 290 1165 325 226 -91 927 574 -503 -21 ]
[-693 -719 949 -362 -159 -734 392 -1201 -575 750 -948 -166 602 -1051 87 -398 -179 -553 -187 -591 -325 -113 356 -453 -747 46 -218 347 -847 -201 336 86 136 -83 212 426 56 40 -462 362 13 253 351 -704 -146 -50 -325 44 25 -629 -216 338 -1038 124 172 353 726 -715 238 -379 48 -859 -153 86 26 -108 -967 -785 -14 321 1 384 -566 28 -151 -342 420 379 979 261 941 -255 -355 1106 -145 597 -73 515 525 -819 680 -734 1297 -659 14 -1199 119 -972 -338 207 -242 177 1080 141 -636 -445 768 832 -303 -43 -278 -534 -226 -495 -448 -113 34 -692 -707 1374 430 -419 -467 -765 310 891 -982 342 ]
[463 453 512 387 -603 -783 983 1283 -60 -294 360 -823 -1375 736 -830 -950 -192 486 224 334 -259 -189 144 945 733 421 -15 -525 1283 263 1028 -1644 99 -123 -194 -174 -456 -76 1680 -240 -238 -822 -500 155 75 594 -64 386 177 -871 -3 513 -188 -912 145 1144 -509 1051 227 -267 -59 520 653 -365 99 -82 221 -24 1324 262 -742 -989 1298 -144 167 498 -80 -1077 -647 801 407 -63 -21 390 -695 927 696 -941 436 157 -31 48 -1211 -1333 -112 505 1307 -431 916 48 -713 58 395 -347 387 -855 651 -307 -592 95 -315 1070 483 96 -1046 656 -257 611 103 -580 360 -311 450 -187 85 483 718 740 ]
[-1317 255 -862 318 154 738 312 -1358 211 -12 -521 -1420 -120 477 471 497 -315 -66 -643 680 774 199 289 -529 106 981 -28 347 449 -118 -248 750 281 -967 -631 409 403 -452 -1140 -399 991 487 -772 1207 -33 449 -703 149 -405 3 -405 1071 -347 -227 373 445 268 1105 315 667 345 313 454 1086 1114 349 -101 837 85 553 310 141 254 34 912 847 305 -1351 -281 319 -134 -176 -181 796 524 -354 386 1007 -1489 -946 -1224 251 -574 87 280 -256 1445 88 534 -114 992 -392 -1002 -465 -373 -431 -310 1351 265 -707 -642 1424 -284 77 602 -879 -8 -572 -548 1375 1037 929 -1211 618 -1385 -75 388 -303 ]
[435 -837 999 322 -38 -1504 1048 -405 -637 621 593 103 -770 -1045 -483 -992 273 -262 131 -490 904 786 80 -95 -487 -941 257 -394 -1023 229 -27 54 -1393 1222 -156 -310 -230 -820 -518 325 388 -803 74 -1054 -465 153 607 -908 -107 442 -828 -710 -521 -526 501 1006 178 -659 1115 104 353 953 783 -486 778 479 -71 32 -324 152 -704 124 -366 -221 -1585 -761 -307 269 -94 -282 -1163 -413 197 61 -280 826 -564 126 -807 -44 872 -574 465 415 253 -690 329 605 -555 -57 -240 720 789 -456 833 -1265 -411 -125 -1071 735 -459 -1214 -78 -510 148 -408 77 352 178 -939 -171 -113 420 36 277 16 -454 335 ]
[923 -389 -169 -423 872 -192 385 331 -265 -192 510 402 -204 -296 -300 -481 -86 22 -35 -171 577 324 -524 315 -174 -537 -717 813 -70 380 -174 155 -255 -115 246 561 -356 491 -527 122 396 88 187 352 -1262 -626 879 -1297 500 100 -910 177 617 546 -195 -1260 873 -1614 276 350 94 626 -123 588 1083 -140 -1009 949 -201 -648 -774 1145 724 250 -549 -298 481 222 -397 525 -834 -73 651 -34 579 433 66 269 -1108 800 -546 -317 -486 899 -708 396 417 630 -461 163 744 -109 -1333 90 -13 103 -117 -646 -460 447 -279 -277 75 446 164 890 -8 433 950 -170 1015 767 -708 409 -433 60 -926 -779 ]
[-387 215 -317 -220 -358 -120 -1110 102 -678 -526 14 1441 -120 231 1208 -68 -603 -600 -934 -23 -268 -349 -543 -210 40 170 409 -544 77 685 -675 292 230 -221 645 -36 879 -354 -362 -160 -508 150 -161 270 444 -314 -1498 275 223 94 -466 -732 157 810 -923 -279 -975 -56 451 -268 -667 -432 -196 -241 -508 -919 746 308 -819 103 571 419 -292 103 270 -417 -603 -240 450 -227 -149 -72 -458 -682 654 -736 -348 -640 -428 179 -1569 -154 368 283 1371 -747 -62 570 -579 -25 50 15 -1068 -180 898 923 -399 74 129 529 937 281 145 1089 543 0 580 638 1089 138 -622 689 528 -127 330 -29 -623 -409 ]
[477 96 -9 385 973 -324 -136 949 368 1097 -113 -573 76 657 -341 -860 945 -405 -167 1527 451 999 353 -209 972 -412 339 526 -699 5 531 241 -512 178 -402 -776 165 -124 -314 137 972 -639 -363 -869 -103 267 525 217 -317 -833 629 901 228 -710 1232 318 -297 498 -852 255 -318 959 1113 -1386 -136 882 -178 -89 -90 544 -981 -286 545 -264 -189 -571 178 -745 980 -431 379 -449 -107 746 119 -970 -251 -409 -502 -825 1639 364 268 -133 -145 -455 -513 -197 899 339 -1668 401 757 207 765 -1300 -615 -1100 -404 438 -389 -472 -337 -1158 -350 -664 -438 -440 -205 36 -468 -814 696 357 206 13 878 796 ]
[-975 -308 -730 -562 199 305 -52 -241 1024 -266 136 -513 1034 247 -474 1520 726 987 16 -1045 -1338 955 176 -150 -536 521 -408 -63 149 -1101 430 398 1215 -497 424 -306 461 942 12 370 -394 587 195 -25 574 47 -205 417 523 708 -199 157 1276 -5 -1090 -757 120 571 -500 -22 877 -1457 -23 892 -249 280 -138 272 345 -391 463 -27 -76 398 132 -211 516 284 1086 469 882 658 -813 191 1271 -275 43 907 670 618 589 584 -193 -297 -200 321 -1172 -448 495 919 394 1091 147 323 -1364 959 1103 454 -498 -1476 1017 589 -501 -657 -167 -451 -346 -345 -766 468 915 -42 -383 330 289 -328 -593 -854 ]
[-381 301 -384 -472 -910 375 -649 -1069 -806 -154 854 -592 77 -45 455 -17 -98 -623 -49 412 214 -1530 67 -576 -594 560 995 -877 415 783 182 363 -117 -564 -72 -139 122 -578 -866 492 -1198 -81 975 41 -40 293 661 50 -1253 960 175 -819 -205 808 1096 882 -616 627 -101 533 -160 619 731 -636 -108 158 401 -465 -276 469 -621 501 -767 -58 -118 0 -190 -49 -555 -909 461 486 -240 218 -374 -1186 -1393 74 642 -104 1370 -338 22 -123 137 161 -155 -59 -848 171 -18 -121 438 26 363 481 -182 834 -117 -751 60 249 -341 -849 686 -346 -323 -483 -20 -1104 408 879 111 -622 71 -298 -174 -192 ]
[319 1199 135 476 -482 -549 -481 1919 903 -996 552 852 625 -374 -786 748 897 428 -147 812 -546 -525 -365 324 1148 871 -476 718 -164 -432 591 -837 610 1065 1014 -625 798 -29 622 797 -184 567 -881 -1241 63 -142 -167 456 55 -801 771 393 675 -143 -802 -189 -1178 1132 -373 -1113 295 -701 928 -662 -1372 -191 -66 1352 1067 779 -421 -120 592 502 -682 100 332 -49 723 149 301 116 239 -671 -79 -1430 1054 403 -194 653 216 803 648 -92 -83 111 -652 2 604 1506 -1623 1237 10 404 -209 621 -807 -976 -454 -683 -299 265 -812 814 -435 -438 1130 1390 -118 -418 162 -866 -482 1167 346 1161 486 226 ]
[965 541 -24 370 697 39 -150 1223 -761 660 395 -40 -119 248 836 34 -1111 -279 -157 1021 -637 -544 -146 -403 501 355 -471 -83 647 -721 405 -692 112 531 476 402 -70 -17 -467 122 -375 38 -61 571 294 -879 -736 139 276 -1041 153 -377 808 -94 614 -50 -441 -1124 124 684 -414 181 39 -387 -714 -48 -608 291 -338 -808 -137 -131 1213 -754 -533 -235 -258 -118 243 -620 350 -756 -30 1023 630 62 193 -901 -985 -17 -525 468 -674 -395 53 793 1185 -70 -696 -577 889 117 -23 -27 488 1031 1095 -860 -318 126 -825 -669 -755 -437 -1461 882 217 -77 292 -503 759 140 62 -37 -10 613 817 872 ]
[-525 -1254 -917 -435 773 1368 -518 -590 -1063 -490 -269 -282 -785 -91 -527 -949 -540 397 795 -528 526 -1202 -987 800 -847 -376 971 -88 -360 722 48 -768 589 -314 365 537 -554 -649 -589 140 -369 -835 1328 -226 659 -659 -1417 -403 42 -559 610 561 -319 -465 -44 665 455 -519 -604 250 207 407 489 -432 899 49 694 -623 -229 -528 -204 -44 -1042 -21 1221 -254 52 138 -197 -647 -451 697 12 163 -46 87 -809 -591 107 210 -359 -373 -738 137 -673 89 306 -650 276 -691 438 -605 76 -14 86 430 -614 -1529 282 -569 865 35 512 -509 -85 -14 -1302 -710 388 153 263 1040 482 -476 -880 -1229 476 1694 ]
[184 -512 801 -242 -580 -1162 27 -687 601 -670 -88 -610 -1692 -609 -101 -156 -1591 339 711 -1026 95 -643 -613 506 450 -932 -295 -479 49 -1081 430 -673 101 890 -100 -29 -87 -693 26 1125 570 -30 -1053 350 727 927 141 -153 -201 256 914 224 100 -2041 617 667 856 -1220 233 2061 590 914 296 863 1146 -1069 222 798 140 176 -225 -612 -902 -485 444 702 -218 780 -192 1109 975 -553 828 -165 -650 614 -53 -728 492 562 57 -597 -173 -979 1436 -1324 -648 410 -152 87 819 -246 782 428 45 -183 765 -227 559 154 -967 -916 714 250 -192 385 160 267 16 556 -132 -471 259 364 -321 950 -17 925 ]
[-1139 -422 -123 -302 -373 697 897 206 -331 -550 856 -357 584 289 514 251 39 -81 -119 -615 -54 75 -300 -54 -1004 316 -290 553 -351 -815 -766 342 59 82 128 498 154 -281 -73 -434 378 269 -267 827 273 104 -785 -612 130 -298 -373 698 -644 -108 -255 330 -78 240 874 -1835 157 -1366 462 566 -6 -286 -577 74 104 314 514 1242 64 235 -194 -24 -620 -378 -110 -572 -837 -293 -420 -111 2242 1003 -148 1080 -101 422 -817 521 244 -65 -674 394 654 -363 159 815 626 385 -738 -435 -564 -878 -729 395 -380 273 -631 1089 -418 157 441 -297 -194 390 -989 66 -67 53 -778 -515 -128 -27 -1111 -920 ]
[-50 236 -469 496 -1191 34 -857 -87 -554 -19 8 55 1185 -956 1664 -286 368 205 -366 883 -269 -593 -371 43 125 -528 721 165 -866 89 -718 -1 -80 -194 760 412 1267 168 155 -431 -964 -182 542 324 -253 -399 -1118 144 96 -31 -259 216 -282 547 65 176 -172 57 789 -847 -46 -372 -85 -503 -633 58 435 83 -915 -313 245 1827 581 -104 688 -150 21 -296 -842 -324 515 0 -780 -837 395 -914 -497 -419 -114 209 -1560 174 -9 -48 1447 -577 460 -1658 516 111 273 369 203 -669 754 175 -690 382 -282 785 -227 77 -1100 1327 -738 -367 1430 531 1233 -349 74 680 199 -744 199 -870 -414 297 ]
[-670 -358 437 -249 -89 732 227 -1198 -480 -383 -602 -770 696 -719 -651 -1076 369 -114 265 -559 367 83 -818 437 -52 50 814 150 -416 877 -345 -111 -697 359 -906 376 468 -494 -249 20 803 -304 272 512 -109 -594 188 -502 113 -337 260 192 -620 68 -112 631 1041 -189 78 344 -587 781 1037 481 259 151 370 -629 -555 1127 -598 -600 -926 -147 394 258 -109 414 -238 -821 -384 192 -401 -981 -241 -888 -670 241 -328 -780 390 501 -442 69 147 526 491 501 431 -804 472 447 1101 413 594 -1230 -1113 628 373 -642 -223 19 -340 -1689 649 -892 389 -1058 -1239 -761 457 701 -85 162 -593 -101 -372 982 ]
[831 1057 -428 13 583 823 -721 821 -248 -727 71 -474 236 124 31 490 222 39 181 930 276 -195 178 324 1014 8 -965 -110 614 -17 -738 -168 -139 261 -941 -640 772 462 -566 -551 -281 -244 -1299 -8 -333 -1183 1594 -156 -384 212 849 925 1135 79 -261 -1206 46 46 -998 1625 -449 972 -161 386 -126 285 -49 20 -36 482 -81 55 882 565 404 932 -288 94 -809 -859 599 496 471 -1085 666 -591 -328 120 -548 -962 331 955 -1775 684 20 34 478 -93 550 63 452 -568 -1572 555 982 74 92 58 186 472 219 965 476 807 188 492 268 -715 -56 458 644 -40 292 1191 -1137 -149 284 -344 ]
[279 -874 550 -241 405 828 731 -103 -704 870 -296 502 217 -204 641 -115 -699 -1318 281 -20 -55 -556 -337 175 -112 -243 477 -386 310 353 -80 -515 671 1154 -587 -373 -57 28 -110 -192 -1308 -63 -104 -1027 249 -499 407 -102 -577 -718 -355 -147 786 426 411 561 -642 87 17 -39 -254 732 -166 -1002 -1509 507 -147 -77 209 -527 -625 -1270 1047 -274 -1393 -437 947 -762 435 -593 -494 785 766 510 -905 1095 360 31 -663 -724 699 179 -750 406 -1483 151 971 942 -76 350 773 -328 772 -545 359 967 1333 -837 -748 -492 338 -483 -63 -123 183 469 -402 -317 -100 77 -28 -333 406 111 881 -1927 918 -956 ]
[-62 849 -434 221 517 780 385 -999 -170 -439 -164 -480 -430 104 -1203 837 -1171 47 328 -93 132 11 -510 135 -237 -278 244 1531 -166 804 121 104 123 -298 -112 -36 -217 -274 205 443 325 -113 -315 166 -150 804 851 -447 537 -696 -324 294 1005 -85 -292 -970 -260 544 -703 -180 1661 -1070 122 688 536 1633 612 153 -474 -1540 445 -869 871 621 1008 -962 1171 -1101 -735 449 -518 1203 -220 -249 -235 349 1036 764 129 -277 -107 863 -432 335 -571 133 -257 134 655 -487 96 -601 -1659 -401 -29 275 381 -561 -489 -396 765 534 774 -3 -487 74 -705 -720 -242 1178 931 242 305 727 -1382 -668 -244 -1486 ]
[-584 -763 192 -673 582 -468 -532 -490 377 482 -225 -85 -511 84 1146 -550 431 -838 87 566 -281 213 277 -305 1225 611 -53 548 -947 -539 -634 592 234 155 -405 196 102 -163 228 193 -165 357 -373 -727 71 -311 -199 66 -353 -1197 146 19 1348 -213 689 -150 -549 -212 -317 -902 309 81 394 232 342 1114 -904 226 322 17 -472 401 627 -255 -187 70 505 -962 -138 931 1078 -218 85 -181 -79 151 225 304 379 -463 -76 -135 227 -307 -534 -823 173 351 1109 1534 -958 50 263 -68 321 -78 454 208 934 -90 -435 497 -710 -172 173 226 686 -993 536 441 1036 573 242 -114 1114 -260 -410 349 ]
[-22 909 321 782 -11 -291 254 -46 370 537 180 -1719 -1428 440 -133 160 -561 694 245 96 926 238 209 -298 136 459 6 -928 -74 -380 -385 -516 405 1471 -1112 -833 91 -1180 436 724 669 -346 -1308 -686 1232 169 408 176 397 114 1688 368 -227 -1378 354 285 -385 1569 -180 -12 -162 63 672 -380 153 120 984 -676 -175 401 44 -1051 -1587 -1216 -973 470 -319 1096 -490 547 -4 -367 82 -728 -454 968 59 -91 97 -481 409 -135 204 229 243 -806 499 1124 -91 79 -415 -39 372 -249 561 -577 -1032 695 956 258 1211 -869 -482 -266 -50 -317 97 -980 210 1031 670 399 -113 617 812 8 175 702 ]
[-91 -582 -411 402 -753 -119 413 182 162 565 536 1547 -74 -73 856 -684 1920 151 -324 754 -1880 18 -492 404 -223 13 680 -1027 -1 1010 -483 -925 141 -1319 -76 -73 338 601 796 -809 -1117 -989 875 -213 230 -575 -1332 -250 -582 -838 -542 -232 -635 140 158 -57 -1094 -546 388 -930 -789 73 930 -1407 -472 190 836 93 936 -189 102 -601 784 -814 73 142 -414 530 -872 -267 -598 -185 249 525 -104 -1479 -739 -1202 821 208 108 -284 -307 468 201 115 -128 -925 703 -322 228 1125 1144 -146 458 -351 -351 -398 -3 -767 -526 215 580 -703 -917 -277 179 69 35 -1120 -1198 174 707 -117 858 -606 543 371 ]
[-332 -350 338 -513 118 1059 1065 -367 1158 949 -362 319 851 -231 158 520 1379 310 776 498 -516 687 -115 -815 -780 -2 34 29 347 -642 -677 527 121 786 38 -332 -283 186 -413 -464 276 -53 -487 -571 -538 -223 77 461 -838 -59 -615 -146 -818 18 -733 -360 640 529 -351 -450 320 -451 -334 619 -363 773 -81 -295 138 649 417 -1039 -262 -392 -463 366 337 1005 912 -1335 306 -316 -807 795 649 684 -241 470 130 -1339 1747 912 131 160 -348 551 -983 -337 -29 30 84 366 400 761 -81 -1319 754 -162 -260 -312 -658 -578 323 -600 -165 351 -785 -705 -1547 -790 -658 -942 621 103 -216 53 213 -70 ]
[-143 -293 -839 -134 201 423 0 -637 1689 926 541 823 372 40 -68 509 799 -383 976 -356 -643 970 -216 470 544 -488 -859 -363 -476 -584 -1055 928 -806 -308 -572 -205 241 502 -167 -215 986 234 212 -277 410 30 14 -385 219 785 68 382 346 -481 -170 -809 205 -1209 -412 937 -490 494 -136 1069 952 135 -262 128 -186 -462 -99 848 435 54 -297 -120 -107 190 186 539 -1439 -785 -897 81 773 -645 -1131 -1189 -356 992 -729 -711 -456 -177 50 31 -410 496 -132 204 902 155 32 279 -567 -1224 -10 -58 28 -94 651 490 -857 -1124 328 -122 1128 1100 -47 0 268 791 -31 1022 -41 382 -132 577 ]
[-555 343 42 -1258 1388 -156 250 199 202 559 869 -458 -533 -578 -195 718 196 1109 721 143 -477 409 -189 102 -85 951 -746 -569 1021 -812 219 441 -203 193 -29 -181 -386 -456 -18 -21 -805 267 -149 -347 52 -235 968 -403 -346 948 565 -614 279 -4 299 1178 45 -581 -200 897 370 1077 2 1038 -410 285 372 152 -986 729 112 -307 -30 47 59 809 594 794 -92 -403 -144 798 -87 -192 -426 -270 -618 -405 -367 -1071 1472 216 -704 -180 247 336 -1409 1150 -393 -124 891 635 -42 93 -1107 -685 1389 1117 -187 -612 487 765 -605 138 589 -339 -187 -501 -628 -461 304 -136 451 556 -706 -371 20 -433 ]
[877 -785 -644 -364 434 -410 753 -493 348 -148 464 -387 210 -41 348 -81 680 1406 132 -4 -508 787 -353 -171 -282 -266 302 336 740 -832 402 499 -61 -51 483 870 279 411 -123 -512 -423 881 -137 607 -367 325 637 -78 -353 -350 -585 -410 216 -599 1046 417 -358 -570 -757 -440 341 510 -77 507 794 -123 -719 1252 299 2 223 353 1062 -302 -265 698 455 622 171 249 -70 -568 1273 245 732 -401 -357 520 -343 597 -450 560 -377 -147 -163 912 -425 -71 97 248 760 368 -241 -431 -357 120 1009 -284 71 -919 -1807 -340 -980 -1463 316 1190 -330 -21 -19 -1684 -660 -206 -35 184 -83 -305 -99 -60 ]
[-409 -104 -296 -640 827 142 85 449 446 535 -133 589 -239 448 340 212 -272 -457 665 48 144 -416 856 -202 1261 531 439 -220 -326 -880 -28 130 -509 157 251 370 -746 -212 731 -267 -384 369 515 -244 101 367 -1100 -72 -783 423 -757 -463 129 -111 382 1584 38 -552 -926 425 4 560 -645 526 46 47 499 170 -839 797 344 360 -669 -569 -447 270 1 120 -301 -867 29 -1056 -350 102 -670 -619 102 -369 -609 -464 -66 -44 -530 298 -32 674 -258 499 -816 -297 251 -531 1423 -5 42 16 -104 -180 1480 -497 -468 -1034 -1187 -620 968 -394 579 404 146 -489 16 1014 17 121 32 120 841 1279 ]
[209 815 -225 791 279 -440 -443 -1275 973 10 -1272 1842 124 -583 310 -211 57 -1019 164 278 -401 -1428 138 153 591 -46 156 263 -204 607 6 -385 -869 -533 62 -771 -85 1393 -500 236 -105 -340 604 -296 -334 -760 -405 158 -162 -258 -1396 -471 482 231 -291 -276 239 -861 -983 569 1078 -169 -370 302 -105 -139 267 107 738 -502 391 -398 261 935 422 -45 281 -476 -361 -270 1263 -513 -135 -690 -1088 -429 35 424 422 -126 -454 -261 3 244 266 -183 -30 754 87 -749 -55 -1225 -614 769 733 602 95 -745 814 -626 333 -167 -235 118 -359 488 1688 -124 -712 978 437 -319 657 23 -418 58 150 -32 ]
[222 -52 -26 -1115 511 201 -1570 315 -464 11 -1042 1369 1064 -866 -32 -139 305 318 26 -770 -184 872 144 547 540 63 -341 197 -830 214 -245 819 -213 244 -719 -434 729 440 37 475 548 224 505 -1245 939 -632 -592 273 395 -122 243 -134 642 476 -1245 -1205 455 -593 289 -51 -913 -1170 -130 278 -816 -241 -481 -513 272 52 375 -11 -216 215 598 -625 -217 214 1023 -317 674 623 -1334 -693 -172 -823 9 341 140 -1040 -175 1 210 102 -288 -399 -864 445 -119 683 -338 333 407 570 -268 460 560 -123 -30 469 1446 -263 682 -223 -380 -537 417 -31 165 -4 -429 -273 479 90 666 -596 -85 528 ]
[-154 -687 -360 -644 -370 -524 30 -923 254 -857 -479 290 -510 -608 -24 706 -188 396 880 -735 -274 382 -619 577 283 -318 -257 -184 -286 5 -306 236 857 268 17 499 -160 -345 -311 339 -202 391 -329 -166 -202 190 615 161 -301 122 -207 -54 211 -816 -43 119 472 -691 -480 446 861 1550 -696 806 1333 -191 -1062 450 452 -416 -3 233 -147 389 -426 62 443 -1132 -429 2194 142 411 280 252 -435 711 -357 244 -126 1551 -416 -1102 -343 -569 -77 -184 -166 -31 365 -808 298 -301 271 -403 -541 813 257 -173 -818 -303 352 -529 -591 443 968 797 -312 817 677 208 751 502 -1084 192 -265 -604 -355 356 ]
[1310 -572 921 431 -524 -468 -85 829 -121 241 525 1160 -437 -149 267 -2 328 -545 -231 241 -131 -603 505 88 158 -313 29 -922 287 -278 19 344 93 141 703 -296 -467 309 -37 -445 -291 -384 -410 -455 -490 255 433 227 -886 -92 41 -572 -553 320 444 -615 3 -1028 -1198 -328 116 -221 -766 -973 515 -915 -377 -217 656 -228 195 435 -77 -365 -1251 102 349 1109 655 -232 567 -360 658 532 -595 -44 -368 -284 440 396 1258 -86 681 305 -190 -316 -663 -1057 -1198 784 -574 145 -28 301 -148 242 738 -849 -337 860 -1104 -1505 -66 59 -725 898 -30 455 848 -531 -603 -349 105 -278 691 834 -149 188 ]
[-295 453 471 155 817 260 187 385 -1099 -930 72 -81 -1170 -67 -575 -1370 -685 -387 -198 -76 636 -348 969 -700 -185 505 -1156 643 -202 232 633 -1234 -425 747 -881 453 -221 -814 39 1030 -221 -327 495 -952 688 250 -60 -846 -220 64 594 -69 -556 666 296 294 -440 -202 501 1028 -568 -355 1110 45 -1090 -132 105 -1236 -763 886 198 337 -210 -75 -78 -890 -667 -956 -84 -485 -277 -101 -511 187 -355 35 -577 -742 232 -210 527 -169 -60 -330 -542 -1205 374 529 -1369 69 -589 -505 637 279 361 -330 -38 892 1072 494 199 -162 1297 -723 747 -976 -369 -426 -258 68 89 -280 140 6 235 793 -474 -27 ]
[374 -1167 94 -674 258 -126 675 407 97 321 370 597 -235 427 337 -886 -982 -1029 1477 741 426 -741 -514 -1374 -57 -471 196 317 -820 -869 -350 512 -910 1620 918 1482 -680 -503 -657 318 -132 -403 396 171 -466 160 871 -2213 139 -1197 -625 -228 398 31 225 473 -632 -2 286 416 -94 270 60 -190 131 -53 -865 866 44 309 -408 1156 400 -42 -1097 -121 510 -536 -34 -931 18 -882 1185 -655 770 222 -559 -70 -1159 1641 -502 -232 -158 -95 -336 1354 -287 -67 -938 304 51 -1208 -647 4 593 358 -767 -371 365 124 -1396 -919 -842 108 1313 497 424 781 1559 -1309 -377 69 174 -10 188 204 458 234 ]
[-1149 -707 -743 51 -432 1311 363 -701 -150 -427 -371 -262 159 395 1200 -634 -97 -893 577 103 905 -1463 -641 -152 -761 -578 1351 -539 -523 821 -398 -117 935 373 -218 100 971 18 -473 -85 -892 -11 383 141 613 -493 -276 -243 -321 -34 -822 374 -385 764 -419 -527 -370 1322 -78 451 -415 427 -371 -186 -70 39 616 -267 294 -108 12 23 -426 -90 -384 834 -242 754 -193 -1075 -884 316 817 -504 -226 -354 -3 -426 43 -120 -1158 -156 -441 511 -403 -46 916 97 -577 780 1019 -882 -450 -476 955 942 -716 103 461 -396 953 -9 -619 -36 796 459 271 -581 393 27 -201 1352 -496 -49 -106 -1881 88 85 ]
[819 -7 555 -176 85 325 -1786 -2 597 -1177 -119 881 -90 289 -5 421 239 376 -144 -63 1034 62 896 243 535 91 -91 157 267 85 -387 410 297 1383 -67 154 -437 -1060 532 904 815 937 -1300 -547 491 246 -29 216 116 -664 1197 -466 849 -363 -824 -585 -577 964 69 -1153 553 563 354 279 939 571 -559 1215 551 795 -100 236 -207 -42 -902 597 83 436 391 723 -165 518 982 -1452 159 -266 79 563 -282 -36 -268 169 640 429 -89 -346 -768 760 206 1321 -532 439 -275 423 -61 918 -1351 -352 687 114 -273 169 25 -37 239 -83 231 750 586 -884 -361 140 -732 807 1273 -439 277 -128 ]
[-68 1485 -361 8 396 -96 87 757 -32 -283 -89 -641 714 516 -941 -196 323 935 -252 -269 -399 631 577 796 176 107 -509 370 392 325 306 153 -806 253 -1618 -465 756 34 609 305 239 -124 -578 75 911 126 1175 571 26 111 782 398 -642 -410 -38 -372 284 -103 -86 397 -278 367 658 1095 -272 401 169 -1144 -385 273 293 -660 181 227 1210 267 -939 34 -15 558 323 191 -123 -160 165 220 -564 -146 -102 -887 512 281 72 -413 -5 -644 195 953 457 -699 -187 185 301 -390 -353 -1657 447 441 -363 197 1132 725 655 -1435 -738 -139 215 -994 -1437 647 -282 -337 -264 481 -562 519 -640 -606 ]
[-534 -102 -504 11 135 -283 -18 -765 -347 289 -60 -445 90 376 1189 225 300 -723 313 -488 -503 -654 491 -387 -1030 321 447 -62 -739 -90 272 -357 -778 -324 73 67 -122 379 38 308 -384 57 745 156 461 196 -27 272 18 -286 -390 -891 508 385 202 540 -571 -323 -604 -79 -830 -1013 -235 -182 -623 -185 441 -634 -498 -537 753 -276 -206 -344 87 -354 -785 317 -513 -646 -238 -520 285 -385 869 -735 265 709 1120 240 -41 -128 506 707 -663 682 -603 -246 -709 -244 -429 -252 -51 -313 255 925 -95 112 945 -467 -546 -475 -435 -1136 663 195 -505 -318 -1229 -334 -713 -788 690 -425 438 -132 -98 -438 ]
[-157 -11 -444 182 549 198 389 -972 466 800 -832 524 -30 302 653 -869 1062 -237 -586 -73 -413 899 190 800 849 436 339 244 -140 554 -89 322 -432 -1680 -401 -545 397 1663 431 -545 796 -626 449 394 -807 -104 -16 619 -443 427 -846 -508 -508 1044 467 -736 1186 -1403 -1131 185 -10 -267 -309 231 45 399 859 -149 -666 -176 -15 -31 218 -174 1137 -267 622 216 127 205 793 36 -1221 -192 -805 -1344 -171 -313 419 -720 69 -106 4 -83 534 -211 5 -81 611 -415 -114 455 310 389 210 -901 529 313 412 -23 96 -14 403 -920 -645 -957 459 -980 -309 609 -252 478 803 14 -92 -394 -571 -447 ]
[-718 -270 122 -754 -1371 273 348 -588 -912 364 276 -10 272 -316 1345 10 407 -542 -560 290 -1035 109 -700 519 -146 524 623 -608 893 164 -240 -2 404 -1174 1030 908 1109 470 244 -623 -561 52 537 444 -369 721 -1221 -181 -720 -140 135 191 -767 972 481 901 -630 65 -491 -2135 -1249 -110 -45 -507 -263 -30 354 -289 -176 -509 227 -145 306 -789 241 -257 669 -344 159 682 651 -543 -1215 998 897 -1133 -545 -438 630 364 -791 -765 -794 -1202 -146 188 897 -1553 -205 542 -121 -332 1209 -981 -301 -148 393 704 238 -538 -701 -103 -345 -530 440 -27 -479 320 437 -611 -308 525 115 -475 590 87 -117 656 ]
[-575 -866 -291 520 108 1920 460 705 -1028 -441 529 -167 -210 1342 79 543 718 410 -851 -518 981 700 897 -131 -172 556 -1176 451 464 -466 115 700 777 413 -41 22 -96 -482 -131 -613 -410 574 -124 463 541 -1293 122 725 452 541 147 -306 -254 999 -866 -688 -75 218 838 -133 -704 -228 -92 212 404 331 -773 -54 101 242 -253 124 -70 -2 -1304 213 -961 473 -395 59 -1051 868 334 771 2165 1193 621 59 -228 -82 -327 987 -66 265 -1307 55 1044 871 -656 476 340 388 -249 -202 -556 467 -897 529 -811 644 -123 446 147 143 -255 36 -351 -712 -316 185 367 499 -534 -438 307 436 -279 -284 ]
[12 -338 335 -162 -644 -434 94 -669 672 645 173 -337 -2 -249 1170 578 -746 -207 93 170 37 -1341 262 328 251 502 786 -1033 -755 -437 -343 429 -335 828 -445 -228 259 25 -249 1353 220 162 -569 -599 821 730 548 164 -1240 184 962 387 -649 -684 1753 239 57 -766 -108 1518 -109 260 214 -149 -534 18 -122 -1078 505 115 266 -668 -953 -1239 473 553 764 360 -97 9 1206 -728 -141 -255 -996 -538 -309 362 -190 -863 804 -1462 810 -252 -585 -387 -281 -501 -322 130 625 -1547 698 -74 -365 621 364 950 965 -619 -741 -561 -350 -235 -478 159 399 -701 -229 1114 543 -95 -233 551 217 -113 105 -252 ]
[439 758 358 -584 1251 -226 738 -441 -240 -404 -445 128 -961 -328 -279 -101 -885 578 78 -851 301 1418 279 676 71 -976 -174 292 624 717 -52 216 -589 576 -267 -653 60 -337 -210 513 427 201 -1401 912 251 402 180 67 338 -250 -112 -942 72 -533 -225 -49 -3 -1082 140 1565 436 1000 833 944 1207 468 469 384 -1375 351 318 -316 64 -263 562 -521 93 309 1048 587 -475 -89 -254 -375 208 -690 -814 -1157 -1145 -390 235 407 -698 558 1697 -826 -799 1713 -530 -1132 1118 -287 -114 260 526 -66 527 520 -120 296 536 -484 -73 -1136 451 -354 255 -436 -288 254 -475 -284 -53 980 -804 420 -503 -494 ]
[8 429 511 243 1417 384 327 680 -1277 260 354 -1614 -369 951 -104 -200 129 936 -1805 693 1277 88 46 -163 141 1053 -208 569 757 569 577 -636 191 -459 -207 -332 298 -426 404 -640 38 868 -622 591 -78 -669 -912 525 839 258 1148 265 -290 -11 202 705 265 492 -214 -451 -398 227 637 105 -213 -90 266 -554 -1558 1008 -282 -124 -417 245 893 657 -3 623 7 -864 355 135 317 -432 249 343 489 -178 -427 -1619 85 293 529 -342 274 -317 856 670 785 -169 -605 71 228 20 232 -361 -827 752 577 681 500 1137 -137 154 2 -35 -159 -1494 -17 924 309 460 456 -573 -208 143 -27 -220 ]
[-120 -2121 -1409 1737 -7 1798 318 -1478 133 -88 -1368 -188 1563 417 195 95 430 211 -298 -187 96 -229 58 -654 -548 -286 26 -748 -269 -685 -697 -329 856 -293 -116 424 125 801 -588 -364 19 34 921 552 742 73 -77 -44 783 -569 -511 50 -370 279 825 -579 -127 -468 -320 -108 641 -851 -1183 229 -397 461 -748 646 1247 -1345 704 318 1186 -34 -386 -352 739 436 266 119 -504 185 838 694 -549 311 -148 345 -42 495 -732 453 1109 -105 -817 1265 401 -410 -283 -274 1987 -71 -249 -82 -165 1164 1033 -405 164 -933 -1085 25 -645 -767 -105 -327 -1 150 99 557 -254 78 -497 -668 47 -1132 1216 -360 ]
[-29 -158 -143 56 -147 593 -177 -354 -547 -1044 18 -14 -514 -1007 -57 -569 106 958 -162 -385 73 806 -487 -485 -411 -405 -1117 -176 464 -774 -200 53 -54 -654 -941 530 -239 -973 -558 -564 577 339 477 621 367 257 -365 -3 -524 1060 1337 -764 -1310 626 495 804 470 -568 1798 -99 -854 286 -555 151 -554 -1296 -103 -12 125 99 847 871 -178 -366 406 -152 -1093 672 -928 -332 -1131 152 -15 531 -14 615 -676 -581 921 653 -896 870 846 -468 275 258 -500 1016 -976 -500 1376 808 -298 443 -855 -1275 320 834 360 900 -736 -59 609 -89 397 -768 -404 506 -182 -1069 -1971 -405 564 -904 101 556 188 -532 ]
[-667 12 -1206 802 -198 799 -20 1329 393 -782 919 -1539 671 1679 22 418 1211 492 46 690 -679 753 257 -693 -1070 687 113 -370 -285 -1548 6 -139 602 518 289 -468 -22 868 -103 -580 -1134 -811 50 -548 1012 -130 118 -748 -465 136 305 1515 -187 -351 855 -186 -1416 1072 -877 1130 1070 -1485 261 -231 -578 619 937 -1240 -237 294 968 50 144 -556 -526 -301 -526 29 215 -441 -796 449 1079 -181 506 518 -194 6 -16 494 161 1696 -28 444 -445 482 373 -1126 585 827 2 1015 517 -143 45 -570 -406 -898 -26 -1054 -440 143 427 283 -68 -392 -335 -247 75 -930 1065 -197 -210 898 32 -720 -222 -505 ]
[67 638 476 1042 -590 -469 1153 447 161 380 -389 623 761 -223 156 93 496 -363 -175 427 -352 449 -406 53 196 716 536 519 329 -465 -512 66 817 -299 777 -44 -480 359 -312 -589 -110 -6 -439 -642 -1206 -406 147 -166 -727 -224 -762 20 -702 374 1 -43 -11 108 554 -898 839 -741 -621 -64 -598 147 -540 693 1079 -27 -162 -800 1010 23 -910 57 920 -655 691 228 -433 251 9 704 -815 312 933 685 -399 -56 -157 618 498 1092 -470 653 1129 103 752 409 -4 562 -70 0 -1088 -703 202 -392 -718 -346 -871 3 -318 771 -258 -724 -50 686 -851 -198 393 -932 -1078 -137 -432 578 -233 -784 ]
[63 -261 439 422 87 -1418 337 -48 -12 -541 540 278 663 -780 871 22 362 746 -1117 -1261 72 247 -512 365 -580 -582 -726 960 -390 683 794 -249 -637 796 274 -732 936 799 552 893 193 816 -1398 -339 151 405 -75 -212 861 420 -57 828 799 -123 -464 -175 -532 -141 203 -1083 595 -107 952 628 -863 272 -140 366 -160 598 184 -555 361 930 -63 -523 666 85 891 399 -272 45 -99 -1039 408 -9 1050 1075 -244 -553 350 244 675 -507 -260 -917 68 255 660 1129 352 30 -73 -133 -124 -76 -356 -68 -547 71 -246 1233 -549 -259 -313 26 1028 150 -762 787 -205 -802 269 -265 1245 -11 -1262 -1998 ]
[14 -856 725 486 -126 -332 -486 -679 678 55 -689 246 463 -562 -441 -69 469 -150 -331 -204 86 572 139 263 -290 -541 299 309 -158 -84 613 1263 -456 -339 442 572 -793 107 -529 144 785 252 -237 -372 -257 287 117 108 27 487 21 -131 -499 200 31 109 413 21 219 -182 405 65 -62 -106 909 13 -523 -181 435 -385 -349 -731 -510 226 306 -77 256 228 630 1021 -388 -162 279 -81 -674 -397 317 671 -238 -12 514 81 1246 355 -455 7 -834 788 -197 -192 -592 -148 555 294 -1174 -553 -176 266 244 -966 -353 -505 -147 -756 -172 -252 -66 -324 -27 -367 -182 -257 -70 -53 338 731 -397 171 ]
[200 -282 221 -1015 260 -365 758 443 -662 -11 -380 -752 143 -498 501 95 -667 714 226 -1505 -748 995 348 213 -825 -851 201 -61 291 77 256 120 377 -282 250 843 -413 369 -143 660 -317 -347 144 437 -197 -23 -105 -76 176 -450 350 76 -150 367 -14 46 1024 -1009 309 727 182 -506 -294 -102 668 905 -122 -997 -720 -890 569 42 -696 -560 576 99 374 335 506 174 795 53 -45 823 882 1405 -407 1188 413 -205 427 -395 -354 -287 -715 190 213 -1255 121 -869 1391 -544 603 -369 -1370 826 695 203 -162 -29 -336 -514 358 -46 -699 405 -1134 -1294 -641 349 202 -721 -582 -487 161 -249 -802 -505 ]
[-146 -162 310 -314 432 571 -800 164 -882 -829 129 240 -945 451 935 0 -790 -1158 -648 302 -536 -494 -615 277 713 446 -596 430 455 -680 467 -1523 1052 -1081 453 364 -113 917 195 248 -566 -739 924 140 -259 -503 -357 -1465 186 1 763 272 1609 390 364 -628 9 -485 -1301 -380 -375 -719 -82 -101 -728 604 144 379 -151 -1357 -544 -374 811 280 -339 -379 137 -884 -847 -399 917 246 178 -394 651 -31 846 439 1043 135 -226 400 -1056 -661 -1284 459 995 -449 539 391 -382 -222 75 308 699 1175 35 -973 1084 -173 -559 -55 1082 870 674 -75 -772 -589 439 446 1019 712 752 -314 357 -774 260 -197 ]
[785 811 -1317 386 565 573 1069 -437 -599 1043 -312 -607 -758 -350 -1308 -234 -431 786 -650 -428 62 152 -1202 179 -124 -407 -494 -200 1183 989 -577 -308 487 -697 105 -968 -25 -398 49 -809 748 -444 141 123 -913 79 680 838 234 1234 590 -330 107 371 306 -628 501 -543 -644 631 542 792 -934 263 66 -218 69 963 448 299 -310 -330 821 203 1127 -94 1635 1371 -685 -250 -389 895 -617 -9 -1010 440 234 -1468 -160 -132 -440 411 582 -385 539 309 -524 793 122 230 1194 615 -2178 759 87 -919 108 147 -249 -11 234 752 25 893 -1230 205 -857 -178 733 814 542 -42 305 270 -1175 880 -279 -1328 ]
[321 79 -268 -401 3 360 567 1268 -515 -725 -57 428 -524 -1031 -222 -1054 139 1631 1516 -271 222 975 -297 -93 -162 187 -1509 349 524 -20 -118 155 -98 74 -481 347 22 -722 410 -737 -649 -232 677 -195 710 257 -106 167 -574 -1213 476 226 -749 -399 -22 441 -714 -139 866 224 -364 401 85 -120 -340 -217 -882 216 502 844 452 800 844 206 -539 279 -658 178 -971 -316 -886 882 323 1042 -570 375 -885 -489 -1 -300 -810 753 -285 -68 27 -630 341 -798 -337 -246 1347 1812 761 -594 202 -258 797 -132 -1055 -219 -312 126 970 -681 -151 -566 -338 137 -444 -1355 -1491 -390 -482 145 -1068 493 705 1061 ]
[-83 -400 467 -753 -427 551 -279 -1158 71 1169 -1224 726 685 -285 -568 -112 432 -344 -412 90 -665 365 370 137 473 470 29 549 652 363 -228 631 263 -1245 -384 299 -762 203 454 -1094 18 -591 1508 -124 -915 -726 757 -98 261 837 283 -667 -501 1132 -400 1279 1489 -35 393 13 -1299 834 -1616 -385 -553 -1043 567 -954 -702 244 -1044 352 -540 219 -155 -30 1152 -430 -157 -525 171 327 -279 -158 -425 317 37 -26 248 237 -491 -127 -291 292 117 273 -199 41 371 -936 -18 531 459 149 -809 -553 -582 735 -636 66 -18 -568 -351 197 -60 -959 -186 299 225 42 -432 9 489 -459 69 -651 230 -378 ]
[-788 112 -836 -272 -211 -13 -502 -1086 287 -274 -167 537 727 -64 411 -143 194 -440 947 717 -349 578 -417 -609 -200 -1244 635 1331 -794 -73 87 109 -601 -659 750 526 336 361 -413 69 55 507 985 -229 -648 338 227 -552 -936 357 -536 46 -346 -314 407 72 -102 -88 -69 -473 41 376 399 64 -310 679 -254 504 -1047 -95 -395 741 408 -159 677 -767 -456 -35 -141 -664 -447 -460 183 280 104 -1206 -185 -297 359 205 -528 -592 433 61 1089 339 -159 -448 -22 -645 -473 258 789 219 722 -361 -29 -371 484 -23 -156 -887 831 -602 857 -100 -200 399 -77 -1000 -1726 -625 139 -197 -406 -339 398 204 ]
[-727 -127 490 232 625 688 -338 179 54 -837 -91 1871 333 911 154 61 339 -1028 -106 334 -270 -360 794 318 211 435 92 308 -494 580 -157 -1027 -73 -151 -383 475 25 86 540 74 -241 -112 709 -320 -166 -954 -1058 -908 -34 -331 -722 -34 -50 593 -1337 -127 -186 -425 -181 -256 36 132 -296 -316 308 -148 522 -1119 -647 485 458 1078 -610 341 -867 -258 -56 0 -491 -1285 -765 -306 -388 131 1176 -622 -337 332 -54 -185 -132 -598 -500 666 -536 -433 -154 52 -527 109 155 -254 138 306 22 968 -1687 95 -104 89 926 -179 -401 -44 670 -597 463 718 -209 208 466 932 -715 -180 63 -486 -380 -448 ]
[881 140 677 899 -913 -861 -1018 -74 101 -625 15 296 834 -916 -495 -842 -376 395 -696 -64 -268 -847 179 255 -146 66 694 -180 526 398 992 -787 -359 -448 76 869 41 391 483 1310 429 -462 227 3 -300 1084 592 -431 -470 -23 656 1225 -811 105 568 370 178 -459 580 367 766 -686 346 -1035 -144 -270 -15 -902 903 -67 525 197 -413 531 2029 651 579 -798 305 305 1727 354 491 -482 -1262 -208 -220 518 682 95 1063 -1083 510 -735 -80 -146 -718 -846 -31 -316 24 -1274 241 203 -1291 179 -63 377 160 109 -922 609 1486 269 -1225 -5 219 -83 10 -20 -1061 -926 419 -514 895 221 -483 -944 ]
[103 -235 -190 72 181 189 -630 -1133 83 -256 12 -394 -484 -214 -498 1028 -710 -424 -25 -186 520 -788 -1 100 1005 616 539 -207 -275 -143 95 801 -859 -1694 -530 321 -582 535 -469 450 125 31 -182 150 528 867 446 -870 -189 -491 238 337 1082 -525 1521 85 -353 167 -267 980 617 -969 53 -41 507 735 410 -340 -430 -484 182 -791 -50 590 650 12 210 -1084 -885 -153 659 527 -134 -266 -890 -1137 117 1136 443 -594 547 -43 -648 265 -448 36 -643 -383 559 -207 393 -1077 -342 -31 58 957 383 130 1043 -645 -426 994 786 -7 69 -666 -216 -862 292 1108 198 146 654 -51 -970 -950 437 138 ]
[-351 850 -822 -92 948 -833 -19 1473 112 -187 260 -222 978 699 50 1146 -268 620 -188 -599 -348 2130 376 882 338 -977 -836 1319 -691 -673 53 -322 543 1003 406 -1260 -69 202 683 347 323 698 -556 -96 -36 -210 537 -458 -99 1118 607 582 183 -360 670 -439 -28 -579 -942 -1543 900 149 -388 249 -607 941 106 382 -819 -455 425 329 858 -574 124 -1668 127 22 1000 703 -886 -94 806 -175 744 360 940 -49 -489 220 -389 319 610 718 33 619 452 336 483 -82 -198 63 -142 -402 -494 -566 -592 -1174 -557 236 925 -582 -220 263 -239 -483 -500 540 111 1058 -1471 -1106 -678 710 71 -835 323 -1136 ]
[272 94 -53 154 1740 239 332 16 -57 236 -399 -638 -453 36 -1441 711 715 353 -431 -124 -97 794 -32 -142 -657 685 -1343 659 818 -20 1383 -32 -587 -1152 271 221 -1065 549 -373 -470 -27 -674 627 -174 -747 -1068 625 -30 383 412 544 -590 445 1243 -255 -410 917 -405 -105 26 -125 -544 227 -212 -598 172 539 -999 -1095 -289 399 -947 335 453 304 -706 -222 630 350 -797 -696 1133 -399 129 160 20 603 475 699 76 1068 1081 -68 574 -885 947 -640 -227 111 -1536 -886 619 -1004 791 -367 79 55 187 685 -159 68 284 1127 -574 -444 -257 -1616 -1188 -873 -104 132 -939 842 -104 -160 -19 102 -618 ]
[630 -175 -378 -530 -767 -909 -74 287 14 440 820 -8 1005 -1132 300 430 -164 -118 473 -570 -1679 319 -537 947 483 -663 587 -703 66 -498 -772 169 538 222 364 317 465 369 -193 759 -290 216 -365 -641 408 726 743 -325 -334 182 311 800 261 -405 989 144 399 -297 -1086 -959 389 145 585 -119 79 1202 -602 230 -117 -1101 -545 179 -342 -712 -509 -734 94 -365 477 1161 165 -794 -130 -34 941 136 -1294 18 981 1153 460 -995 -208 -1251 22 -436 90 -625 -21 -294 1032 324 1378 -567 -719 333 1061 -1149 -185 -234 179 -535 -809 -1133 -539 889 470 181 570 -578 -201 327 -547 361 959 -948 -1180 692 ]
[330 953 337 -80 -473 -928 -582 1292 -1273 -6 814 -628 27 -168 411 -462 235 535 -1163 957 -59 -4 348 -390 -91 1042 -203 31 1234 -221 614 -176 248 -738 773 427 281 767 -637 -65 -436 -328 -459 655 -437 -103 -153 118 304 -141 439 1135 -1084 603 126 -11 -202 -19 589 -936 -810 -873 -22 -595 -272 -329 266 -622 105 -86 -8 111 -540 9 953 642 -4 -240 790 32 1542 -202 379 667 835 357 177 369 -375 -1169 516 -505 -779 -369 403 117 1847 -474 188 -713 -412 -486 -379 -764 -489 37 253 144 52 708 -685 527 1215 1204 -1023 411 -409 -931 599 386 -553 -841 627 -367 416 1066 -44 87 ]
[-177 -451 843 742 -628 792 1103 42 424 624 -152 -859 44 387 -361 -109 271 -1301 304 632 563 -176 430 -400 225 59 -158 -124 -567 -866 -546 -137 169 129 -1327 93 -729 -141 155 -419 -952 -264 -314 -758 -486 -1279 1219 -1268 -247 -226 1519 747 118 191 987 -160 319 738 -3 798 -526 -890 281 -811 -685 792 532 -1008 575 533 -494 -962 -23 -129 -429 920 50 -556 -1027 -777 -363 67 1104 149 -1045 1177 366 534 749 -255 752 1062 -425 39 -1263 107 412 -378 640 124 -79 -891 1096 517 -211 -1020 -894 431 888 -309 -501 198 906 240 97 -818 52 -959 -263 35 624 -678 382 -327 -75 -660 649 -419 ]
[-374 -606 172 -645 -437 344 307 -516 323 116 -468 -7 -385 145 -473 223 -498 -980 678 -1643 -39 669 7 90 -943 261 568 -69 -1541 54 10 2 220 -295 23 628 -277 129 183 429 1315 -28 852 -195 678 719 -459 530 424 -778 401 -612 -326 -21 -385 -552 232 -369 604 164 -1112 -1563 -35 -471 276 38 -171 -466 156 -1059 1112 -218 -1391 -875 498 -458 -946 56 499 375 -1755 -228 -261 578 -322 184 705 199 1027 1364 -832 -1230 1061 317 -1147 669 -226 -373 -451 -476 -644 118 1134 -397 -1039 1208 189 318 959 -329 285 -1020 852 -468 392 -411 -950 382 -912 -663 -256 93 -1011 621 402 516 -209 670 ]
[-976 -210 -763 -66 -1550 665 -97 151 -46 -1204 360 116 1857 -34 599 -38 140 -894 84 -344 -555 -1286 38 263 -867 -622 1322 -584 -610 1475 -303 -69 -388 434 26 -322 439 68 102 944 -988 -79 11 17 776 297 167 -243 -781 358 -790 -69 300 1168 -78 353 -628 909 -681 74 871 109 -281 -339 -506 305 1482 -1383 -460 15 540 -245 -230 -209 128 -993 63 187 184 -786 -311 515 353 -745 383 -666 -608 244 1010 343 65 439 301 658 -218 251 -588 -804 -582 890 702 -512 -197 -213 376 508 -641 -768 -782 -619 14 750 -746 -687 -461 -185 427 816 -228 -1321 -424 331 109 -73 534 -1318 -885 -1192 ]
[946 156 843 -40 -1020 470 -331 818 27 -63 210 426 -316 -295 672 384 -278 -567 420 604 539 -1009 634 -428 130 -606 -852 412 -207 449 -528 -349 96 101 119 649 -282 54 765 -180 -439 -623 -919 164 293 234 484 -1137 870 -441 388 718 470 -35 -1355 -749 -583 1238 13 -824 -491 -1549 300 -124 -407 620 504 511 -632 206 -684 161 -232 469 -1091 729 -607 513 -1322 -120 736 77 1415 -1658 1403 233 399 652 1718 403 336 547 -488 456 394 -1407 -305 -785 -90 678 -943 -241 -597 185 827 -247 -1154 -272 791 594 -98 773 820 1608 517 -150 663 -43 1113 376 -959 -192 406 -749 482 -317 28 -156 ]
[-66 251 -5 92 64 -214 -915 -44 -218 341 569 -1009 835 647 213 204 -551 -382 -433 -631 253 -2041 -349 50 -684 270 1009 -589 204 1139 309 -32 476 690 158 -884 303 -1003 238 1171 -221 1351 -23 -44 681 -180 -115 1811 780 504 118 -771 405 805 -134 -83 -144 1084 -756 -319 -281 -324 -250 -604 -450 349 599 -719 -501 57 -671 -1276 -1213 -305 102 -295 -458 1295 1179 60 -170 337 163 -709 -170 390 455 161 579 -604 594 -8 1550 371 -218 582 -285 570 -406 321 -498 -346 -1002 61 412 902 -455 -797 380 -102 820 746 -999 -557 -620 1283 474 -1064 -824 -140 944 745 254 -131 828 374 -855 476 ]
[-305 151 665 99 -100 -388 295 148 494 649 -988 177 153 -93 184 -708 -253 -851 1041 244 -861 -646 -121 -949 70 -242 -22 140 -64 210 -571 -530 -952 537 -457 -594 -844 90 229 -519 482 -360 757 322 123 530 -485 220 -28 -351 -398 -463 -1125 -305 212 1023 347 319 120 79 96 -287 128 -557 -586 -747 245 -402 -215 710 234 -359 -349 -219 200 -13 -437 170 315 -1031 375 -558 -233 -483 -1118 893 -46 -386 754 -191 440 -201 721 -72 513 203 -864 -305 91 -916 -268 472 1073 751 706 -394 -468 -779 782 151 -648 -816 347 681 239 -120 213 -129 -1589 -157 -1802 -1021 924 -493 -14 647 975 879 ]
[-525 -1274 -358 -81 -704 -431 -367 123 784 40 591 445 994 -551 1100 -579 485 -764 892 216 -961 253 -89 -198 628 -784 -212 -22 -1156 -192 -39 138 -867 -152 -522 716 846 420 -43 977 -176 -154 464 -433 364 107 355 -780 -441 -107 -614 985 613 -4 200 -369 49 249 554 22 -420 751 947 -141 60 670 -459 62 639 -467 -463 365 -193 -707 -204 -582 -805 -661 -874 445 538 -997 188 334 868 -188 -369 479 845 380 -289 -712 -502 -448 -530 -735 64 -462 -75 720 -263 202 1470 -249 177 -467 367 -207 -7 -398 -303 -222 439 -1228 -590 275 870 -339 -390 -890 -512 988 -138 197 1497 -507 -373 989 ]
[-276 -58 438 -198 -1195 -215 42 822 1596 -1993 545 -797 -382 -28 847 91 1231 1147 523 -270 1015 827 518 1018 17 -58 422 -112 -551 -780 -318 -358 -305 725 249 398 -424 318 253 328 461 271 -921 1240 99 51 -1577 291 389 304 -505 -583 -449 -639 -504 376 268 41 106 -1070 1092 564 -66 1342 1483 -42 -74 -297 -406 -96 -349 674 -559 58 -774 133 -1059 -991 -546 1011 0 -707 -40 -591 1407 842 -392 1027 -604 685 -457 -120 -573 -356 368 107 1359 -179 483 -232 -589 312 386 -129 260 -386 -580 -801 186 -700 -589 322 -951 407 1098 -50 720 862 -39 -1751 637 1210 -169 -171 -462 -505 105 1621 ]
[659 -232 1077 638 428 728 1560 1078 383 1390 625 42 -859 678 -603 525 78 -581 658 779 -486 1336 741 74 380 -170 -27 -84 813 -219 122 1239 -136 -551 -694 522 -1060 227 84 -1609 -265 -434 -968 532 -667 42 1449 330 -342 99 -8 -879 -626 -14 -448 -650 -891 -822 -99 132 -379 -501 -266 -196 785 791 305 -65 -577 -631 288 -1059 123 -40 -762 1087 323 -77 -296 197 -470 -761 689 1247 362 368 208 277 74 -764 1444 533 -1243 809 -740 -63 281 654 195 -631 -349 -164 -267 -764 -1177 -413 988 595 -439 -50 914 146 222 -586 217 -112 -1073 -659 -774 156 -218 -445 448 151 -170 755 176 -470 ]
[276 464 -403 1000 455 -751 1021 655 202 -560 -39 -347 887 -896 -701 760 597 -73 -153 895 -56 324 43 164 611 -263 -506 771 -474 -640 1208 144 -644 -1173 199 -171 106 819 -642 -829 31 -125 -475 -117 -1579 16 938 9 -1085 809 -484 310 262 -48 -591 354 990 -400 -846 294 737 391 -685 -75 49 -401 -547 434 -375 -809 753 370 414 737 239 -205 485 -849 -74 -651 124 -273 529 735 244 -332 1158 1782 -122 -252 79 323 90 764 -391 271 400 -805 561 -769 -612 345 -642 143 -875 351 811 -159 -612 299 -820 -180 -25 472 519 -291 -636 965 -1326 305 -769 -1075 -402 86 -951 5 881 -920 ]
[-1082 -182 -1255 543 27 1556 240 -994 107 -279 -536 14 763 208 740 1372 -87 -1223 165 -838 -14 -481 633 60 -419 -337 -698 79 -319 -1107 -250 1 479 -1386 151 549 -39 1044 -364 142 -99 113 1040 1592 -89 -275 342 -1035 656 783 216 -97 -65 1522 341 -673 725 340 -381 454 -505 -950 -1615 729 -228 73 286 143 196 -809 1160 1088 787 512 323 -1239 368 -1115 -123 -245 -453 119 -152 150 1140 -445 -113 -328 422 1333 -1826 565 -212 -610 -566 949 -101 -755 -701 -252 1154 -1528 -1101 -343 -927 735 -805 391 396 -569 -146 442 -755 -295 630 -1231 40 580 -265 975 -268 -176 -495 -33 -707 -1017 393 -1559 ]
[-254 899 483 -56 466 1649 -187 1073 -1032 -500 -122 573 812 448 21 -446 -1004 83 775 1217 -388 124 786 -259 107 -474 -61 410 195 52 10 -162 853 1216 -697 313 -211 -744 189 -322 -1484 302 136 -251 359 -704 743 -980 -475 -655 776 717 216 -97 -632 -216 -130 789 158 1115 379 782 -863 -187 194 -604 -548 -2 -29 284 -287 1578 747 305 -220 319 496 -979 -696 -273 829 1155 441 -245 -5 155 -596 -970 -1002 -483 -172 995 -1193 690 188 -845 57 375 -130 482 231 566 1026 10 -452 -561 15 237 -1912 358 2008 -549 83 -13 -47 -694 251 131 456 380 591 1078 -905 -175 56 -1013 550 -827 ]
[-798 -186 129 -195 -29 174 -359 -98 -979 71 -480 169 567 279 -142 -1120 -77 -684 -710 207 977 146 542 211 1118 698 831 -2 -815 723 -924 792 -545 -261 -1598 852 825 -1239 658 145 292 319 660 -699 267 160 663 -1120 262 264 150 192 -782 369 1160 686 -222 -677 -364 830 -1154 162 -447 258 410 67 334 -1647 54 452 -44 -288 -332 158 121 807 -382 -628 -1019 -267 -590 -49 310 -757 -1429 -1234 -383 -334 -322 -1155 -261 -650 92 -229 -322 -910 -548 637 -395 746 -690 -552 504 -220 -16 -1716 -962 1721 958 263 -68 666 -429 -160 1168 -951 661 -592 230 254 460 1258 -230 -78 -1395 -231 -595 1107 ]
[-1050 294 -856 633 112 -537 495 1030 240 -918 1301 -288 365 464 1171 -411 529 576 363 1462 -1075 296 -669 -66 -512 -171 290 572 283 -448 -113 -78 -95 -334 841 -500 813 1070 -1386 -215 -627 -326 -112 649 -728 26 1088 -1390 -497 -366 91 1848 -449 -883 98 258 -37 1220 164 -703 530 556 299 -500 103 531 35 308 202 -730 712 438 223 -54 925 371 -99 -604 145 -1058 -1022 -131 1275 499 1402 455 -332 1046 -224 847 -430 -252 -320 573 -123 1446 1287 -1249 1097 -299 1160 -339 -1097 -1098 -948 -365 67 -959 -1123 390 -953 1010 -35 788 -13 -249 -217 440 -820 -336 -1134 -1362 -499 287 -997 -480 -51 -650 ]
[1232 1369 65 784 -692 -469 687 32 952 350 230 -901 -299 487 -462 62 -312 911 747 -528 617 457 173 -267 -799 -156 -309 -33 560 384 -150 -555 68 1 -484 -1069 -354 -383 1097 1160 1186 -51 195 1171 -46 1417 864 565 626 747 74 -631 -726 -392 -122 -782 233 -9 793 -192 554 -1114 1288 32 -420 673 -71 324 538 45 -104 -527 49 38 -97 487 299 661 178 494 297 489 -26 -588 -376 599 -478 308 1213 470 1229 -657 999 -472 453 807 -855 670 119 -812 359 286 -276 303 -135 203 -362 977 11 183 264 275 490 -179 -160 -511 72 -300 -1310 -199 -374 -971 -227 -75 -11 618 109 -1527 ]
[440 122 -470 654 818 893 150 647 220 113 880 -618 -105 477 199 350 -625 198 -508 191 22 981 -838 -743 92 -366 -1480 457 -222 -893 296 -168 -356 -998 669 604 -49 860 -530 -1038 446 174 23 545 268 389 -322 194 43 61 304 777 447 -170 609 108 259 -50 102 89 -384 600 373 -255 -959 336 -371 1430 -1159 -1197 107 145 954 -647 373 182 -619 39 -377 54 -722 -308 250 390 516 304 422 -221 -266 617 -765 -108 299 -298 -68 73 124 54 237 -706 530 712 848 -828 -88 526 1001 -499 656 1030 -1233 8 1598 1168 -174 -326 -635 -7 -323 366 -814 -1022 -456 537 -34 364 855 -331 ]
[-211 -360 -257 -655 -117 1174 674 -201 -526 -203 12 50 148 697 427 -1237 302 359 -85 -849 956 347 129 663 -896 -253 1395 -537 313 741 -954 267 353 -306 -1293 263 45 19 485 -273 -377 -653 700 1171 508 -36 -114 -1059 648 -442 -277 -338 -519 312 446 -260 -253 -13 -219 -383 -417 268 32 371 810 136 635 -479 54 -304 15 841 588 -363 -145 -476 160 -55 -472 -553 -820 -21 -196 678 291 477 -2047 -732 -416 -635 -51 160 -641 327 -211 302 527 592 -61 206 1282 -945 -20 -731 298 -792 -431 -242 -563 267 1089 282 -323 -1242 608 -46 -391 -32 311 -174 116 905 378 -413 -258 -1770 -660 -742 ]
[-45 68 -88 -340 1289 -348 964 -1338 -427 684 20 -149 -169 -226 800 640 -671 -312 -537 -264 -727 300 -220 -92 613 124 -53 -867 267 126 -594 -98 1 -885 -424 -945 -279 -29 -553 -128 -491 199 -463 -84 -12 -46 492 38 -94 971 -875 -722 1342 -70 1042 646 -37 -636 -809 505 651 798 144 650 -240 1393 321 1278 -394 -263 -379 -368 917 135 -55 -730 476 524 -542 -686 -36 -80 -315 -314 -337 -115 -24 80 112 -824 298 172 52 3 212 -32 -35 1489 463 -428 1415 526 -368 -117 433 352 762 217 -90 -737 -22 413 -569 -421 -47 -311 311 -964 112 726 601 670 476 94 -622 -654 16 -1799 ]
[-298 233 138 -240 227 -970 -2138 1226 175 -745 61 1018 -175 -121 50 281 -375 548 -302 4 -351 -1296 -152 405 559 98 -654 -599 230 -75 1424 -1177 1061 -88 245 -1354 9 -260 159 503 407 444 -295 -565 877 216 -516 784 -523 515 1410 681 944 -72 -1820 105 929 1555 465 -51 -347 698 -38 -189 -1274 -1292 -221 1244 1060 875 138 -189 -1176 -299 872 -371 -916 970 249 -723 709 814 657 -217 -301 561 1124 -158 883 -9 114 -35 1460 0 628 -349 -745 174 -676 183 -31 532 -168 665 -585 869 226 -1207 -393 1155 1187 3 981 834 -894 469 458 926 167 1302 -1707 -468 248 -85 1068 441 365 -919 ]
[939 1684 -839 897 136 -877 -232 307 1763 -81 208 562 684 -207 -372 1731 462 457 142 802 -1640 -160 -761 -283 211 912 23 -1209 1370 18 35 -758 60 -168 462 -941 440 1325 -155 -456 -430 36 -205 -36 -756 -533 263 -198 -606 -209 -428 -100 636 -156 54 134 300 176 -1444 703 1387 561 -835 -120 32 -475 615 -187 424 -595 1364 -302 344 -399 86 -211 583 682 34 -456 -109 278 769 -150 -1219 782 258 517 -621 24 65 233 143 893 392 1513 -551 70 27 -1133 1202 187 -1515 546 -457 843 779 -1086 75 -936 -331 -9 -515 928 -695 1115 780 643 -324 -34 -304 -303 -255 1908 -286 316 511 -1106 ]
[69 -862 -229 255 -242 697 -604 94 404 -41 65 789 -203 121 -2 436 -297 -301 -229 65 -186 -73 395 -116 833 -701 106 -1207 191 -531 -175 590 394 1168 -1052 -42 41 -548 -1 632 37 -503 -417 -758 1210 1035 1067 -510 -230 305 474 -197 1051 -717 183 -531 -1235 139 -151 1081 -74 1008 -16 -778 152 419 114 701 -111 -491 -436 -708 -306 -178 -1954 584 118 199 -494 403 -531 -290 243 171 -85 -1327 -514 145 -815 352 1264 -236 -973 278 -488 -1003 -499 555 -719 808 567 331 820 -551 201 707 542 310 -355 -1025 826 -1146 -134 -634 589 -395 -401 485 1337 -83 653 1102 -281 1177 22 -1186 323 365 ]
[359 -290 792 -269 539 -1629 -590 14 234 1032 1066 901 -567 -198 125 -10 -197 -640 1138 755 -513 -550 469 -760 455 -177 -177 -802 -450 -623 -287 172 -929 1348 -172 240 -972 -879 63 845 -537 722 133 -1845 613 470 104 -986 -1283 -397 -425 7 66 -898 1046 254 -945 -873 729 -182 241 531 846 -244 1 840 -1257 -425 41 687 -629 -318 389 -131 -1309 229 179 -529 112 511 -501 262 852 -462 -782 109 -190 -623 -339 -357 773 -1580 473 327 -704 -207 -6 815 -560 284 -424 -410 700 99 -558 -1092 159 351 819 186 -315 -261 -107 39 725 433 606 -216 241 -578 233 -107 -251 412 1010 343 147 626 ]
[-310 -173 -545 -680 720 560 -209 -870 -168 214 78 -174 -853 273 -746 -425 -401 342 -86 -395 487 -454 -358 0 152 277 924 -203 569 689 -107 -143 144 -631 387 -596 -765 -996 -9 78 -924 39 671 -1095 3 452 -346 946 676 -106 191 -1230 -370 145 986 1365 -464 606 -479 740 166 433 40 -275 518 -93 657 -105 -420 -550 -318 -476 684 -107 623 -207 907 -1362 399 154 -271 1120 -747 188 -2387 16 -329 -964 -938 -638 571 -572 232 -299 -225 421 -849 902 459 -14 -636 -184 80 -48 -162 465 1058 -458 9 -190 -208 893 -161 1060 523 129 -1191 -119 353 -244 492 35 1330 -164 -158 -477 779 710 ]
[931 -90 433 112 426 525 456 581 -209 -494 -791 647 -863 278 341 78 -360 -70 -89 -859 894 425 987 520 689 -1167 -807 -141 -422 180 -196 -338 436 947 -534 -37 -6 -670 1076 -768 -395 397 -475 -222 1082 -20 -213 234 323 62 -58 -1219 1065 29 210 206 -1164 -267 -37 1283 25 1123 -325 -33 -1128 -428 -923 880 440 717 -348 458 1685 683 -1521 536 -562 142 -1469 -444 -973 320 303 -1234 -242 -460 -236 -1250 228 -84 -228 854 -32 127 731 -856 -716 739 -810 573 601 146 181 -112 1217 309 354 469 346 -201 407 -61 -662 77 1077 -259 310 827 306 -204 -508 -58 -128 72 -498 -768 542 -397 ]
[-154 17 104 -111 -821 270 1680 449 -1179 407 416 -449 55 -4 -1014 -880 -512 -898 -912 -191 -182 287 -493 207 -315 -476 1008 270 -50 121 -662 -208 606 -1170 563 -364 -204 49 -377 -1019 -1730 -973 909 -351 -1954 -604 1676 -850 -266 925 397 57 -497 782 1201 124 446 189 -144 1093 -47 5 -552 -1467 -111 -169 635 411 -144 -109 -625 187 80 -263 245 -270 322 173 -1053 -201 77 -162 573 886 -1350 1102 -741 -803 697 181 353 -35 545 228 994 -203 25 -420 539 117 -630 65 1378 -153 705 -865 105 -62 -606 162 494 -558 1847 1580 -86 -521 -848 -51 800 602 450 -161 219 -222 -788 178 -910 -910 ]
[-569 253 519 -369 -201 100 1844 -1296 550 345 -141 132 228 -754 88 27 -140 -780 718 -775 -20 1014 -559 175 -239 -306 60 612 -678 -140 -496 -84 -483 337 -58 -18 209 -104 -108 555 1251 558 -270 481 -466 241 205 -889 -159 -557 453 -463 -20 223 516 -371 599 -675 468 -92 -299 74 275 489 354 762 129 539 -543 -203 -58 -821 -586 -636 -747 -803 -12 1044 -36 -274 -1298 -1054 -832 653 385 -305 39 -120 609 384 -545 -54 395 -615 300 75 39 383 -225 129 677 293 1083 301 -37 -1148 -243 475 120 -388 -241 -698 -106 -1617 338 -569 169 -3 -1224 -96 -171 152 -561 535 -472 463 -290 -147 ]
[-107 -473 634 -311 -617 -1005 868 -2150 1129 1156 -1314 -631 695 -408 -133 706 387 -43 360 -889 -565 600 515 -629 -332 -105 626 294 -1153 -1126 608 389 -427 468 129 -522 -2 437 -122 98 -139 903 -188 -1165 87 730 -193 1151 -672 116 -1077 -650 -456 -749 216 107 827 286 -798 -323 395 -1300 -147 1014 733 412 138 -215 -517 403 243 -1214 -1215 -693 -359 -390 658 920 1160 648 840 -588 -72 476 -379 281 819 1347 639 -742 633 -62 1172 171 74 -720 -844 -245 259 707 -913 321 1255 -110 -657 -391 542 163 939 -1149 -996 -1141 -31 -677 323 -545 4 -652 -1011 266 258 -537 -356 229 407 667 -360 112 ]
[-646 -564 200 -182 -787 -482 -91 -959 -182 43 183 576 335 -248 451 222 -478 -999 -11 -483 163 -739 180 -770 -18 231 917 -18 -535 155 272 232 -391 -702 539 -162 442 56 -21 705 731 -363 801 115 -42 1148 19 3 -166 376 -704 -691 -137 258 -555 1225 585 433 794 -121 -145 -896 846 -875 -96 -691 221 -824 -325 -740 397 360 -1149 -622 46 -840 176 -1040 331 -625 1006 -270 -661 -753 454 -678 6 730 677 596 288 -964 575 414 235 668 -878 -242 -633 -586 -354 -40 605 -307 -50 1063 392 953 67 295 -228 -813 -389 -755 3 -447 -441 211 -586 -597 -1292 52 734 -477 821 -295 -255 -1023 ]
[-174 -212 1483 -289 -423 -250 235 -1192 24 -747 -292 -1585 -1097 -676 -801 -425 -579 849 997 -513 296 95 -910 -423 -1318 -370 -166 463 329 -311 -456 55 111 54 954 1224 -938 -83 -522 -548 -668 -177 234 871 -249 -581 -260 -694 861 -624 -283 -139 -457 -725 -299 106 698 -294 769 569 1994 -448 -442 1627 923 -1003 239 -95 -503 -230 -298 52 -402 108 351 884 482 1291 -431 946 570 789 1039 -982 -1364 1118 -373 -212 321 81 -966 142 -198 596 1391 -79 263 -51 432 -591 712 432 350 389 174 -203 702 -111 661 -533 -552 -549 1275 903 380 276 -666 -627 -93 -418 1119 -996 -131 -162 -800 915 -566 1107 ]
[-104 590 705 -57 214 -676 -195 388 -348 382 -79 -196 -5 -77 -371 -84 -513 -399 -1198 -869 -6 -19 221 1247 682 -1155 -38 389 20 682 385 -1079 276 -111 -412 -1403 -186 -223 1390 614 388 -808 267 738 -92 499 -942 -154 211 886 -189 -63 863 -258 135 -296 76 -612 -249 -839 673 519 594 2 313 959 516 230 431 -552 -429 -240 846 509 55 -960 670 -244 127 646 1282 347 -1113 126 83 -495 268 -699 755 -498 632 -60 -203 -513 753 -1131 550 -43 649 808 -622 -33 338 -104 905 -737 -383 -491 -641 28 1067 53 -487 194 -1045 -109 247 -528 274 1113 1169 936 9 -884 716 -594 -85 -159 ]
[-238 -36 -639 -288 280 -261 299 101 -70 -274 -508 -454 37 1775 289 -1288 -579 -445 -720 -191 237 55 440 412 840 4 1346 398 -615 105 -266 235 365 -333 -347 -110 108 -139 903 272 -682 -606 670 258 556 -166 -561 -129 408 -1199 -560 -237 900 -213 1437 29 -389 -5 -603 441 370 73 137 -242 570 -173 -234 -263 281 -440 -564 1240 1738 -234 163 169 557 -906 -566 169 1149 -318 -1456 -157 -140 -1188 -441 -636 -398 213 -1009 374 -553 -429 -206 -58 -156 -291 240 968 -155 -124 139 -310 1141 250 13 -67 14 -477 416 -93 -1024 -456 -406 113 -225 -231 429 154 1169 1170 -99 -862 -164 -1008 -648 485 ]
[954 737 187 367 888 -40 1121 1766 -102 401 312 18 -802 187 -263 -220 419 -127 368 488 609 990 847 -51 -40 -371 -753 -477 -1349 -31 185 294 -1421 -570 -511 -484 -644 407 527 -2033 -141 -345 487 -379 813 -114 -1441 64 69 -704 -996 -283 -118 -255 454 99 -822 -294 809 58 -110 -388 -317 -774 618 -679 -1208 -188 -415 486 718 1689 1138 31 -1136 -620 -1031 -244 -1505 -881 -1355 -296 -626 376 311 -208 -78 -721 153 552 -1294 393 -383 516 -738 -78 237 -379 -269 494 107 676 367 35 123 -165 -731 12 218 617 763 -334 -709 439 221 -200 409 363 -101 -995 -342 -291 -457 -398 90 -309 796 683 ]
[-912 -944 -385 -235 -441 602 1493 -611 503 691 -656 -810 53 34 -162 -777 179 -295 81 -486 93 46 -362 -215 -991 -260 1012 -562 258 -91 -35 702 216 -946 13 589 317 302 -18 -215 -168 -280 636 336 -226 806 -144 254 8 113 -755 140 -990 409 1143 280 175 302 186 1287 -55 -756 -768 -232 226 -532 1456 -495 -198 477 400 -453 -624 -773 629 -256 389 376 431 257 -344 -312 -834 1392 -1095 133 -334 -738 122 305 -385 167 -420 -118 65 -779 -1081 -798 158 363 680 -142 272 -483 144 -397 1 135 646 -779 -388 -213 911 -171 -291 -540 -947 -102 185 -253 -89 -397 319 -323 -769 -451 -550 -233 ]
[-137 -136 559 -927 -1354 99 863 603 153 -185 258 3 1336 -285 695 358 -74 -283 470 -984 -96 34 -396 315 -698 -603 144 -23 -507 -529 -960 -199 546 -220 328 333 -165 168 226 -230 -85 579 -242 1668 129 209 -1078 -180 718 -374 -330 -10 -754 10 -353 6 876 -495 567 -1967 -450 -865 -584 619 30 -1249 -590 -471 160 -674 599 1031 -446 -409 -540 -374 -186 -129 -81 553 752 -1103 202 146 1445 807 -585 417 686 1010 -947 -256 101 -458 581 625 503 -580 -278 -776 342 -103 927 -589 -160 68 94 15 -560 346 370 -863 -1174 255 177 583 432 801 112 -15 -508 216 -1288 -1219 281 -236 -385 -307 ]
[387 45 16 -446 1265 -161 346 48 857 -305 -1534 -246 121 -302 -495 660 257 906 630 -375 1063 981 517 -136 -294 -385 -993 1099 -840 -604 -612 509 138 779 -670 456 -805 398 58 172 856 1017 -534 161 262 69 248 -714 800 -1222 -336 362 225 -168 -850 -1213 55 -268 790 -214 1254 -574 -489 1825 202 362 -1622 804 1320 468 852 1004 1083 359 -447 426 559 468 40 1008 113 78 646 -463 49 -102 810 700 -767 -140 -884 694 169 1114 65 174 -928 705 -445 -2 830 -760 -1210 761 -307 362 280 198 319 89 973 -476 -943 -117 709 632 410 -71 50 1050 174 61 -1460 415 -475 -822 -363 -518 ]
[105 -1081 -178 240 -186 710 619 -402 -923 225 -598 -655 -1059 252 123 -324 -759 -196 380 -35 754 -1702 182 -1171 -1380 -50 187 -956 772 -158 348 -1008 789 515 -146 26 -103 98 -356 60 -395 -816 732 -141 901 715 -219 -500 -397 411 -329 -142 -626 -247 534 1059 -6 542 801 2000 539 159 621 -861 -361 -1196 173 -144 92 114 291 293 -621 12 -469 96 -105 466 143 -627 230 268 902 587 -324 710 -958 -352 337 437 325 -475 84 19 392 -722 -47 -476 -1388 20 1304 -793 241 -91 706 1576 607 191 -177 -164 -256 -967 419 -564 529 354 -696 183 263 227 50 308 284 367 221 -680 -197 -198 ]
[144 828 615 -229 378 343 407 732 733 -290 632 720 -189 220 -970 667 -694 580 229 -882 -689 705 -240 -172 110 -470 -278 927 47 -427 -39 -433 676 1406 555 -981 -118 -109 753 268 586 -343 -518 121 -103 -101 -461 327 324 279 676 -569 1594 -494 -1642 -1163 -303 1229 182 -1050 395 -74 314 -897 -730 284 554 1476 -171 -149 -112 -643 -1022 -170 -873 -730 503 1206 369 -525 -583 247 -863 -364 476 37 857 145 192 752 86 835 32 37 645 152 -320 538 687 934 82 1027 599 595 81 1546 -845 -915 -109 -523 506 -1122 268 734 329 -1056 -394 454 -367 -743 160 -652 -728 1028 687 233 1123 -539 ]
[-430 -325 -781 -145 196 573 -1191 -561 391 -862 -592 253 1252 117 978 800 865 -312 -642 35 -292 208 251 67 1131 567 68 363 -669 -1213 280 100 368 338 -694 383 532 704 -305 133 -339 1237 290 -39 -86 -942 -204 557 -1420 1208 -674 -625 1059 374 710 -790 551 -841 -1482 392 210 478 -1551 850 -218 133 21 60 -718 137 494 340 -340 402 -397 276 -478 -775 -441 -557 64 -134 -509 -212 156 -1032 727 848 123 218 -287 792 -886 -86 -897 147 -14 -20 15 313 -325 40 656 434 153 914 -76 -320 662 -382 -408 -596 -1177 -493 1074 71 257 202 -211 -877 459 1187 64 -570 63 -1595 -32 912 ]
[32 549 -470 128 -541 445 -484 800 225 -805 -140 -2 1293 268 109 522 -105 657 30 -265 251 -483 1017 73 -309 -955 475 431 628 229 245 663 57 1066 121 -271 339 320 1094 1033 481 881 -1100 836 240 881 412 744 -47 34 -727 732 -411 -567 -1227 -975 -145 1937 -421 -512 1125 -727 501 733 130 308 -388 70 1196 610 347 -327 22 585 0 956 389 35 923 441 1622 108 202 -1026 1338 -184 510 887 -94 -914 1261 829 -146 -389 349 -56 -1029 -627 -247 915 -162 -767 -495 58 492 -481 221 152 -635 -242 319 411 -479 -1123 -680 1220 607 28 -260 265 -279 296 -172 22 345 -158 -700 -668 ]
]
