[[-304 -97 -378 -469 346 -356 -57 -284 589 696 708 -400 524 407 -75 517 -410 -146 75 931 479 802 -45 168 294 -123 -74 182 -845 694 -388 -271 264 -109 -110 -410 -641 -109 -831 452 -190 -40 179 112 643 -487 -502 -3 -99 1 194 328 409 -772 133 431 -10 -57 -1506 -205 489 151 -768 247 -133 -426 -190 438 6 222 469 118 101 92 -183 -697 -448 425 -90 -296 232 -45 -671 -443 213 -315 392 -29 460 -25 -79 -19 -86 -618 -338 270 883 1250 51 350 144 -119 123 1029 49 -439 -349 -98 -5 -81 -389 -20 12 -1041 720 -850 -388 134 369 375 -696 -174 494 -766 -69 150 -562 -373 ]
[1046 -828 -211 686 -268 364 274 91 -346 106 273 339 307 -356 -577 541 -524 -702 461 -37 298 357 -47 573 -213 -593 243 -55 146 896 37 562 -36 -128 242 -50 -20 -51 -130 -651 -290 -762 222 -415 157 200 294 87 -765 267 554 766 142 -425 -561 774 -12 397 -274 -36 -71 -882 -51 768 308 105 247 37 -246 -399 164 -243 572 -333 584 -216 399 -62 562 -531 -7 -686 233 -489 105 879 -124 212 -194 -181 -68 -232 414 -845 -567 -79 734 668 360 144 58 827 2 611 741 57 190 -201 127 -202 -895 -794 -314 -701 301 488 -1006 218 91 247 370 -567 -581 511 760 -111 514 -174 ]
[71 -252 -275 728 -64 150 539 -439 -441 -48 230 -144 268 248 -224 -119 -819 -260 905 -616 1151 165 -313 -317 -297 -770 -494 -88 -263 956 -125 307 -74 -394 -32 420 836 -962 -359 -816 -609 -18 66 615 647 -784 520 -62 -409 40 111 770 410 -406 -518 -23 244 -233 -243 597 384 371 158 933 -70 -116 573 297 -656 -512 598 -283 -441 -868 62 -315 461 1007 213 -141 250 -1053 -461 -27 858 69 -33 -686 539 66 -256 -18 243 -926 -229 -64 199 940 3 276 1006 9 -257 596 920 -930 -626 413 117 55 96 -211 229 -948 346 -52 -489 537 239 435 -535 -238 -429 235 25 -295 -85 -416 ]
[359 -167 399 188 589 -66 95 71 185 86 95 -435 485 -218 759 578 274 493 -18 -69 1112 -420 481 -86 907 -153 -300 -448 53 -1223 535 -215 495 69 -68 433 180 873 -590 107 -244 393 475 377 325 -558 -557 -585 680 -6 130 -296 -326 -46 -54 -277 247 377 -245 -124 608 1300 -220 -540 2 -85 -134 54 27 -454 149 -813 -41 -239 -927 -433 -524 134 -599 262 -204 103 -624 -140 89 -702 318 -665 613 592 209 -433 -691 -142 242 529 368 232 671 -135 495 -1333 111 -164 59 -526 407 -10 356 -118 369 -325 -67 -665 495 -1518 850 -194 -132 -903 -366 17 1036 -426 -169 966 12 -769 ]
[-320 28 -717 419 -427 -750 1039 -45 -226 405 -314 767 -278 -309 -736 -51 -59 -370 31 -674 164 546 219 -187 -439 -425 64 441 585 378 54 363 151 -161 -370 661 646 -568 1461 195 -868 -375 -381 15 -866 -2 407 39 -825 307 651 1066 51 -382 -888 439 58 -142 599 -25 -167 -570 -209 -170 -438 68 -10 -526 320 -442 500 -845 355 243 -200 -128 884 837 -87 -352 338 -29 -27 42 397 1131 71 560 132 -192 149 -39 -25 -877 -394 -425 14 223 -300 -132 41 839 -310 415 453 874 -794 657 392 -256 -184 -72 -611 288 -884 192 -1506 -456 -365 158 57 401 -1135 302 84 409 -391 286 ]
[268 1134 -168 -373 -310 -515 367 -48 -325 528 526 755 -500 296 -437 838 -215 -59 -823 126 -517 339 791 743 -157 -422 -621 -278 -535 34 -152 -44 366 -128 882 -215 -395 5 599 69 -408 67 223 -159 -617 582 314 -10 6 668 -156 421 326 -449 -722 232 -165 18 -376 -166 473 614 -565 -218 -323 203 -175 -325 490 -434 481 -589 1106 745 -290 -779 -504 -35 215 6 669 104 277 -1079 -364 785 406 1287 -194 -109 1068 -373 -884 272 -1129 -275 560 68 639 -836 -247 687 495 430 -137 712 -318 -833 691 -1289 -441 10 -346 782 -509 154 -285 -511 10 570 301 -129 5 -211 303 340 -690 -194 ]
[-693 -440 -1079 342 1013 -845 465 21 399 -287 207 -359 -445 -139 98 -272 118 59 248 -694 659 159 -561 -534 787 321 -270 401 1097 -543 708 251 -21 292 -953 928 524 -780 587 209 623 314 448 252 -617 -1579 -670 -477 418 247 -63 359 -666 514 -20 -309 -118 229 -25 457 100 54 705 -607 -141 42 -282 -734 -370 -139 286 312 -1053 376 -286 416 18 -75 -350 -389 158 -247 -129 673 448 122 -122 -83 -19 140 -912 346 610 -721 854 31 -1198 -263 -205 -100 567 -789 -73 -970 -151 155 -621 722 -360 -633 969 181 -169 417 19 105 -513 -241 -165 -247 -537 298 -210 -7 -484 458 112 349 ]
[-60 388 439 -256 -492 314 -868 -58 407 183 82 -465 995 -67 457 -902 640 700 -1075 490 -964 -505 -262 152 -34 825 851 -305 -622 -735 -829 -316 205 -260 -235 -607 -124 519 -829 522 288 170 380 306 773 1492 96 174 227 -544 -763 -1345 58 75 362 36 275 134 -1239 -562 -452 -503 552 290 -321 5 -119 -211 1075 713 -837 242 186 272 -327 -319 -325 -273 97 149 -466 619 -397 418 442 -840 -205 562 -559 -174 116 204 700 272 337 865 -8 85 -577 71 -236 -436 -579 244 -703 -142 1172 -130 -504 317 204 592 -735 4 69 -586 1079 401 131 -36 424 -404 1118 -1299 -1118 -45 67 106 ]
[-674 260 767 -66 401 56 -794 -228 290 -592 67 -610 221 -401 -105 -544 407 1047 -58 1064 -63 -71 207 -412 -606 914 917 -724 -582 -34 -276 -114 385 -381 -585 -533 -604 849 -268 612 453 -67 -284 436 1005 306 -108 -348 297 -394 -142 -948 40 -273 -70 -96 -71 327 -946 231 -1229 -311 -297 153 -722 66 -164 -938 851 558 -510 -346 -156 365 654 -392 166 -21 -179 382 -934 671 510 914 -249 -478 -64 -130 -196 -311 -158 -653 -39 356 -11 939 317 -324 -217 231 -192 -428 200 507 -500 45 605 -574 -312 110 424 884 -116 243 -90 -1630 1909 262 551 -374 452 -585 346 -632 -931 513 726 648 ]
[26 3 -926 111 -772 96 1030 -259 -929 1471 118 957 -55 411 -139 477 160 -1089 -176 116 -761 533 -347 931 -855 -770 -445 251 482 319 -290 -439 12 71 186 -284 -347 412 447 217 -1082 -393 -430 -487 -215 390 -118 718 -1041 -381 665 993 550 140 -191 365 -91 38 146 -765 538 -714 -732 -240 266 -187 182 326 -61 848 -24 498 333 -106 382 -619 96 172 57 -96 385 -327 78 -1075 -543 655 668 661 209 -200 816 365 -217 545 -461 -815 1172 932 -133 -162 -888 1318 207 517 -162 324 535 54 673 1421 -963 -114 636 -100 221 467 -1393 -251 292 -742 60 499 103 119 1004 473 -454 -358 ]
[-454 -894 -691 619 1296 -425 625 636 140 -515 -29 154 -666 459 -412 1244 198 682 1257 -314 1371 683 648 -678 -521 -243 111 -754 174 249 393 -681 117 158 -403 332 169 -323 -736 227 130 350 -427 228 22 -1238 -531 -712 -580 -194 413 538 -215 295 -27 -463 -663 491 942 892 -477 -740 14 -48 -775 -619 345 -250 -616 -168 565 -147 -485 -148 295 -318 393 172 -683 336 221 -1012 -110 -124 542 344 193 -698 -550 307 -324 -799 141 -430 -195 -195 209 112 -175 174 484 -325 200 -148 474 -107 27 165 380 -535 81 -29 215 -107 -150 -48 159 -644 343 -736 -404 -251 -380 322 232 727 531 96 ]
[-137 74 -154 -399 -836 91 154 180 -332 937 158 -46 -87 -338 435 -774 211 -160 -696 -73 -665 571 -121 853 -524 -248 156 408 1297 -285 116 526 457 270 -769 -448 629 556 266 -60 -606 -136 428 -109 -236 434 -407 268 215 126 939 142 -17 575 312 346 -541 -233 -551 -1060 625 -614 113 -416 353 112 -497 83 447 -72 382 -692 613 -307 -1209 -343 -38 316 325 -180 98 755 75 -448 -373 301 697 478 551 -616 70 612 -1099 589 161 -254 321 171 113 -115 -1402 353 -920 -293 -32 223 187 -214 -192 593 -41 717 -629 -110 -89 79 99 501 -640 -255 384 565 337 125 -447 423 -895 -614 ]
[259 320 -518 132 524 -118 591 271 727 -727 200 1116 -174 314 -887 -252 -118 376 -373 431 438 152 168 577 -182 104 170 -926 -1373 563 319 -331 -457 -774 449 467 -45 -800 -163 364 -662 -38 -160 -299 121 371 477 -73 -303 417 -1453 -200 75 -445 -493 428 6 203 -375 813 -74 655 351 129 -851 -56 671 -15 855 193 -11 626 -468 328 361 -553 70 17 -29 -138 690 -609 141 153 519 -88 -197 616 -234 -49 -266 -394 -88 -787 -343 -236 271 273 -471 284 740 162 840 425 -410 392 506 249 581 -449 118 143 -561 -166 -17 -81 -51 -400 695 166 565 46 -669 -327 -577 116 49 -80 ]
[995 -438 500 718 -418 48 347 670 -670 150 -706 86 290 -291 331 790 -256 172 -501 -823 935 -1157 1393 -551 642 -86 -534 -550 -335 492 90 -453 252 289 782 564 368 -478 -425 -589 -173 632 -264 -143 -429 -62 257 37 388 -162 -265 807 -823 -587 -609 -269 187 -512 701 -9 166 228 -35 285 787 134 159 713 -481 -866 -552 -98 846 -641 -457 492 -301 140 30 -291 601 -213 -809 -54 636 55 -585 230 590 794 289 -479 4 -745 -891 -319 -825 -28 488 -211 1623 164 142 608 388 -525 -1052 -53 503 -796 -230 -959 405 -356 -21 428 310 -411 166 403 296 120 200 482 341 -94 -369 -331 ]
[-1100 776 653 -168 -296 -209 -626 -838 -272 -164 -952 -21 -209 -541 503 457 -486 -727 85 294 -35 -3 536 172 -545 712 -82 -60 -226 1154 -414 12 -396 -434 727 -283 -159 195 751 619 -172 -355 -761 -169 334 589 210 82 592 27 -15 412 202 -599 -230 -480 112 -916 399 173 -1059 705 -1857 295 -328 322 -641 -7 297 -373 -539 -179 469 46 441 -45 -135 532 297 -164 599 398 212 363 -369 270 -636 609 556 -429 261 -283 -137 -299 -163 243 -878 302 512 -248 852 150 862 712 -120 590 -998 42 448 -552 -997 30 -214 327 -477 -481 -329 -362 -593 589 -110 87 -573 19 633 -238 -180 930 ]
[-659 -416 -332 324 -401 -835 127 153 752 473 -856 705 -208 -395 91 -541 234 156 -406 -75 723 317 378 866 -940 73 973 -255 352 1066 -408 -973 -292 -189 -649 -177 1171 -291 -89 487 -1214 631 -591 -458 554 240 -118 327 -367 -226 13 490 376 458 -119 -701 44 111 10 -517 -469 -1704 -52 697 -312 192 -730 229 636 47 61 -129 323 -621 -1262 -461 -5 664 -240 -832 1069 -10 -337 406 202 283 -336 836 68 -420 -1239 333 -477 -377 -296 -388 -239 848 -1180 311 -181 157 -415 680 467 670 184 732 148 488 -314 1158 -839 -711 25 359 -109 -576 -109 -8 9 681 -669 282 -688 511 -1017 295 ]
[-522 -702 -255 -75 1122 118 163 415 95 -202 -459 73 -236 -248 1057 544 -237 40 -30 -343 223 633 738 935 -1097 222 -109 -732 527 257 153 -316 33 551 -358 542 567 -428 -1007 75 486 -74 -22 -1033 -104 -320 -901 -198 161 -320 -273 441 -61 698 425 -297 -915 -152 -170 -193 -649 -272 364 -157 -386 -115 -296 733 -275 135 -311 337 -466 -578 -549 -123 -283 60 -173 257 -10 -799 -109 -154 56 -397 413 -1072 -255 -317 -833 -269 41 -481 333 -603 -857 354 -353 452 746 128 352 -715 -845 161 314 2 -23 -511 383 547 198 -280 38 -24 222 -499 167 -143 589 23 -278 -937 637 600 169 26 ]
[703 -591 -635 224 225 164 28 -157 327 609 -431 -790 -433 25 852 1306 296 -318 206 -115 682 -1287 543 -134 636 268 -441 -815 -495 1065 106 -1374 8 148 981 -428 158 113 -1160 -379 -140 291 206 622 1472 -819 -172 196 -32 -244 39 788 214 -82 358 -1005 45 -190 710 40 1535 524 -439 627 232 -51 208 1093 -1151 -1043 -318 992 -7 -996 314 299 -963 224 -211 -159 1045 -1183 -874 -916 -298 -7 -399 348 604 685 169 -158 892 -107 -314 123 -274 1043 424 76 926 -602 929 350 581 -462 -440 -313 500 -332 -895 -1031 625 -1539 953 286 51 -72 -88 -545 -1788 156 780 572 1054 72 -461 -678 ]
[938 -429 580 -1833 -167 -66 -959 -489 1412 30 -215 401 508 -508 500 -301 666 -885 -383 978 -960 -954 283 548 1245 502 585 519 -804 -635 -336 44 310 48 -56 596 -269 -170 91 799 -204 -924 -975 -1059 -202 384 666 182 -196 366 -798 -380 -391 -746 370 252 583 -35 208 -540 411 723 852 -881 698 -6 368 885 532 173 -819 421 -466 150 -132 620 285 -90 174 131 -900 745 -224 86 -84 -767 -142 -645 184 296 -37 280 -244 -71 280 648 -24 -284 -205 773 -240 545 -174 297 -524 680 297 339 -767 566 243 -748 -144 -628 290 -1314 -338 56 523 367 -49 156 -32 -1474 154 -229 61 -110 ]
[-564 530 -50 64 40 30 -431 -1137 -979 -781 533 -188 -452 515 134 -536 -640 -199 840 346 -993 305 -511 -218 -603 265 -737 -58 482 1651 112 398 -21 -352 6 -1 350 -715 170 -582 -217 -509 -944 870 576 -159 1016 -358 98 343 140 -63 111 660 592 81 -712 -1002 84 945 -115 -474 -729 1471 -242 185 414 -207 -610 -1090 518 -87 100 -844 755 -722 315 1130 1383 366 427 -546 151 -174 -7 540 213 544 180 -438 292 308 -311 -26 -244 529 -80 415 410 -187 -520 -28 -206 -432 1388 -431 -339 -1053 -262 -154 -808 254 -521 -291 5 585 -191 979 -717 396 -846 -829 -108 708 193 -1381 77 -114 ]
[-1156 -605 -114 -1342 175 133 122 157 446 -967 560 -181 -1119 705 -460 -756 294 598 713 177 -264 699 -326 -468 -1191 241 -180 -669 -379 943 204 328 493 -119 433 -539 150 -420 -334 270 375 -775 -389 -202 444 -65 184 -145 -203 470 -601 730 -3 -384 651 100 -1150 -317 317 652 321 48 93 -474 -26 -546 459 185 -523 774 178 429 -180 -205 1384 308 1250 186 683 -180 74 115 668 371 -200 -442 599 -685 331 -592 -255 -429 -276 1127 -338 -99 209 -253 -737 468 -814 594 -324 243 -469 102 78 -149 -429 578 448 703 -171 667 -345 -669 954 467 656 459 745 376 -351 210 -288 92 -70 -455 ]
[-661 -1275 -257 -964 -48 210 -12 -290 406 593 802 -907 158 567 585 421 -1503 139 1038 -7 264 807 -284 70 -344 -452 -610 -277 975 316 -180 1038 778 319 -80 510 489 -12 -901 -820 269 -263 54 -427 834 -1566 34 -381 -106 374 812 1748 -307 -205 -234 -61 -547 -450 -445 195 530 -126 227 -172 236 -592 173 105 -721 -452 1005 -551 6 -753 -61 -312 621 1058 446 575 -498 -475 -258 -627 130 318 785 -1190 120 -89 120 191 789 -52 -16 243 422 0 363 -48 65 164 -1043 307 583 -819 -329 121 -439 -246 -346 -337 132 -249 31 -1221 -466 209 644 -144 -436 -517 38 -758 -122 -195 618 -431 ]
[889 -1382 126 747 902 171 25 -481 -639 171 228 -2 -417 -31 583 366 129 -4 496 -113 766 43 425 583 -390 -270 -396 -1295 -801 915 313 -408 1359 244 96 106 -259 24 -1315 -772 143 -549 -110 199 464 -897 97 -574 -298 171 -187 1424 161 -535 120 -185 -291 579 -728 -118 86 720 953 432 924 75 727 428 -583 -167 -319 -230 -456 -774 570 11 738 -104 99 -292 -128 -658 444 -192 168 516 192 -856 358 -27 -207 -513 -903 -139 -868 -435 615 918 538 582 1156 443 122 1286 706 215 6 -595 150 -384 786 115 623 -1365 997 -1150 564 873 959 -156 283 -161 606 84 1262 1242 150 -306 ]
[-494 165 -890 -1972 -545 -409 -941 -38 1000 235 1363 -703 -695 -170 -357 31 737 -610 234 606 -240 61 -246 -162 545 925 -36 678 -39 -27 -351 -107 1021 -250 -315 -1092 -505 -408 -408 1633 566 177 220 869 221 -596 -654 -286 -76 672 -60 71 -190 30 780 -112 -319 -614 -648 78 1560 375 -585 -666 -248 -473 -500 -8 -868 669 433 665 -183 152 260 -207 -8 -96 156 -329 409 36 173 -210 282 -211 444 321 671 356 579 107 401 526 814 231 380 207 238 419 -723 -142 194 -126 -482 115 -748 -627 -847 -499 47 375 -11 599 412 -486 1106 743 -164 376 -1081 -308 157 -577 -504 582 -552 -543 ]
[-571 746 -388 -555 -993 -710 1005 -381 502 1118 -38 -397 -99 822 -380 -555 -34 407 -522 72 -546 479 -315 -467 -817 -1068 -37 145 -511 573 -212 408 -592 -292 284 -642 1115 -947 795 -823 -631 -586 1002 595 918 -310 -48 692 -506 -289 208 825 1458 -192 -212 177 -282 89 -150 -465 1613 273 -283 241 -454 0 -169 895 -458 157 1161 -172 -104 317 -491 -178 -635 865 -155 -314 -373 -145 -330 148 -690 -188 787 -224 351 -762 -679 288 237 447 -836 -417 859 836 -958 294 -457 233 -269 514 99 -240 -1099 135 -427 -25 61 22 244 -168 -367 117 -749 316 519 1091 -1133 54 -106 -293 -180 -666 -1875 -678 ]
[-272 64 1504 378 -113 -503 -359 310 199 -688 105 504 471 -7 -4 718 721 1906 -28 -798 -232 588 534 -868 -529 -273 206 -199 -443 -707 -542 -186 868 103 460 -185 605 463 -204 -380 103 591 260 226 50 1360 -415 -492 393 85 -398 -576 360 785 -21 -337 38 229 518 -972 -748 -665 -190 1148 -262 258 -633 -611 -119 296 906 -1625 1584 3 -1529 -1051 -150 101 -576 -138 -649 111 250 945 313 -440 543 -330 -506 10 46 -574 -591 407 -405 -137 1051 -358 -231 -561 46 -801 -448 121 374 -209 355 -1417 -603 -933 212 1033 -755 986 -884 -230 1837 11 -713 397 205 -1156 -128 199 299 749 53 -637 ]
[-804 585 -140 -697 -761 440 -529 802 145 -157 532 -105 -873 -150 227 -327 -1333 -540 -481 1157 879 476 702 1533 -46 298 215 128 526 569 534 334 66 93 -358 -929 -828 480 -472 216 677 703 652 -1048 -260 78 -960 265 363 -236 -253 -181 -239 422 38 -147 -375 -844 -1126 75 142 16 -273 -628 881 408 -1179 153 218 813 95 747 176 41 -419 550 -1239 -931 -673 -318 920 451 671 -281 -543 15 319 478 214 -46 -211 510 -1101 236 66 -1103 -22 -552 350 553 -262 298 891 -280 -372 149 -461 -32 116 -343 -176 310 181 477 319 642 1353 -150 476 -199 1022 536 -332 553 -515 531 -740 528 ]
[-764 150 -965 -1069 -666 -455 -232 -525 499 578 100 982 -18 -635 -807 320 632 -471 -61 625 -864 340 -81 423 -188 -13 572 97 -402 329 213 -385 -339 -277 178 32 -13 10 841 1071 -1272 -585 -808 -416 -263 7 -125 195 -409 932 41 564 1 -920 -246 -226 -86 472 367 -44 151 1000 -1155 -804 -586 -269 331 -362 40 1319 191 248 -435 536 254 -371 163 -35 -187 -607 296 489 1041 421 -481 487 -156 300 471 -446 87 -536 164 359 662 -1004 876 445 202 -40 -213 1053 1094 549 -892 1283 -645 -193 127 -145 -143 -132 596 829 31 -462 -742 -58 852 386 -447 264 -946 -479 864 343 -78 230 ]
[1164 350 600 567 322 255 -556 4 -462 -627 -320 362 583 -491 -289 -27 -220 385 163 82 -333 -417 67 -976 211 -634 373 1012 -1054 382 -517 -327 -908 322 210 314 80 121 702 -848 -608 368 -1092 -329 -467 67 898 744 -166 604 -246 -506 390 -768 -1010 177 385 7 1206 -412 -469 -92 123 1132 69 317 712 -114 319 -485 252 -641 443 -788 419 178 223 584 -410 -56 -653 116 -267 261 -109 -14 -827 -368 62 515 63 -287 -711 -283 -365 -502 36 -567 -524 69 -48 385 -167 575 63 -559 -368 -345 51 358 471 306 1487 -65 -279 900 -226 -514 321 887 -415 197 -1114 1030 -128 -1454 206 12 ]
[250 -12 1037 0 -1269 -297 -802 865 58 -382 -876 -959 487 400 -122 -391 1075 832 -785 -637 -215 -938 -104 -1109 674 -273 754 882 18 -651 -137 -219 -338 466 821 -827 560 -27 -819 419 186 894 427 -375 -558 1050 -233 511 793 -231 -405 -1242 -307 144 313 -793 332 509 480 -662 -231 -757 -118 562 767 -109 -392 138 -773 801 99 121 1028 -300 140 515 -485 -901 203 -942 242 1148 -1034 852 246 -1034 -790 -26 -613 633 -189 -575 580 1072 319 -244 -412 -252 -266 -181 -48 -353 -1074 -35 -952 -627 -514 -408 -760 -33 365 95 712 1420 283 1187 1214 -447 373 1703 105 -74 652 357 -798 -672 -1116 1 ]
[17 -657 -760 369 208 320 -105 -67 -543 91 1897 55 1097 540 313 166 -157 -266 368 260 -952 486 -832 275 804 -456 -522 -263 523 -420 -47 3 -462 278 196 287 152 780 -751 -715 69 -185 367 -381 517 749 -120 -888 540 678 -241 492 -680 -21 89 787 -548 1140 -380 168 271 -287 176 -348 92 -712 546 -851 -59 -454 90 -56 457 -197 -234 -431 -162 276 625 -400 137 -291 -337 -1517 85 527 229 1028 -595 -122 140 34 284 -148 390 685 8 310 507 -1000 -466 -244 -708 -612 654 -362 1263 -252 531 -51 -693 -775 -748 -287 887 316 -779 190 -371 -533 -166 -354 616 -213 -27 -519 950 -1011 ]
[-61 294 901 -816 393 192 667 907 1254 -670 271 513 304 1244 393 88 -690 1554 -767 639 -1065 460 724 -152 464 177 -1293 -956 -750 -638 352 -579 251 839 1172 62 -687 596 -522 -818 859 365 234 -612 -490 1000 151 -144 530 -749 -1347 -781 -701 -58 1068 298 -54 -713 597 -215 -213 1086 730 -484 531 -15 121 1219 285 71 -493 599 334 189 -942 556 -1124 -291 -754 1145 -574 55 26 -207 -507 -345 863 -257 -505 -2 280 369 -553 -36 -668 -275 -308 -1504 -14 -340 592 -423 496 -474 -22 105 637 -546 -171 -709 -346 -109 -183 -67 -270 468 619 -296 -474 -461 692 231 704 -930 790 -356 544 -104 ]
[-568 -23 51 -526 663 -455 -148 -896 125 187 587 173 -764 -203 150 1198 598 -529 714 -302 1238 594 -304 583 -205 -120 -969 -88 507 -9 -495 -374 333 -678 36 -951 -236 605 265 371 881 77 989 893 700 -526 -936 -775 460 936 696 871 1049 499 -69 -937 -425 576 -262 155 774 811 -743 -46 -598 294 -1419 154 -1174 -163 696 -575 102 108 -676 -1050 -540 224 79 355 286 -394 919 -682 -500 150 837 -191 561 98 -496 -179 -983 1089 40 281 998 836 970 -304 -17 -976 1118 152 146 -446 286 -798 431 -142 114 602 -124 217 708 -1119 1013 -127 -626 -162 -761 -341 182 528 1590 1530 -46 -360 ]
[355 -109 860 622 -173 432 202 -126 -195 -124 -158 -466 534 735 -188 -1779 -221 1450 69 -175 -163 579 -1303 -1194 -560 -447 -34 72 -786 -29 -295 358 -492 -141 105 -785 69 373 -437 -614 808 3 494 1135 -46 817 1147 258 -65 -88 -245 -912 472 192 437 478 -538 -458 439 245 -563 -161 1335 824 46 -399 888 365 487 -97 57 -26 -64 -680 987 646 246 402 376 726 -19 495 -409 665 724 408 -268 -96 -190 226 199 955 607 214 514 625 268 -467 -750 72 -7 -2 -1249 437 -129 -997 634 794 -296 900 258 492 -186 326 -225 368 -374 600 -172 255 -37 11 457 228 -1059 -1549 534 -108 ]
[-957 693 84 -830 518 -207 -1179 -314 -122 -622 -255 -504 -1275 441 308 232 566 49 -263 -799 -785 150 -471 89 -48 655 -196 90 1219 -515 690 -407 463 262 185 -223 -165 249 250 514 31 466 -391 621 -682 19 421 -419 729 461 531 -546 175 22 1104 -437 -796 -27 220 645 -146 473 -799 -349 -324 -207 -274 -422 -134 -605 311 -702 402 478 -104 -136 986 -521 877 512 641 848 501 -363 67 273 -712 1138 -475 -107 402 570 -417 1585 196 -270 -825 -710 515 -643 -1210 -895 -290 -302 79 853 383 -267 145 -517 109 851 -791 720 -262 780 -164 25 -1074 648 276 817 1300 607 468 -427 -368 792 ]
[681 688 -1021 -601 -911 1214 294 750 -233 295 -494 719 -45 -1209 -781 -283 -396 -338 -515 -904 -4 -1030 334 1412 -249 -153 -150 260 55 -148 -176 -489 -819 -588 310 320 549 -489 384 -182 -775 1025 -33 260 -226 579 876 777 -1067 650 345 -127 -445 -253 -789 -611 755 -76 -390 624 63 -126 272 -655 -859 267 310 -112 747 337 -477 203 -555 227 -929 -44 534 -62 159 -130 255 -887 566 -334 6 248 -560 282 375 208 176 -497 610 163 23 -984 -568 -266 25 -729 -193 1109 728 -352 -337 205 340 -40 690 55 253 262 -124 279 -678 804 438 -150 174 -82 976 259 -1097 315 259 209 329 156 ]
[-428 269 -520 -73 -554 619 837 439 19 414 -1674 693 310 12 828 121 918 -524 167 90 181 292 -365 287 -450 39 515 1059 577 -1218 127 -367 -1018 -1083 -225 -1 568 1021 -8 859 -112 326 37 408 -207 890 -830 373 -417 -588 254 -1142 154 1221 145 -23 -227 -610 1637 -314 -326 -680 -104 -1033 -978 -14 -377 -44 916 171 -148 -93 -623 141 -344 -412 -365 487 -1148 934 249 -376 -1002 185 422 -307 27 -76 -334 635 365 138 -457 170 1196 -42 468 147 70 298 89 -1016 -329 -1260 -495 -109 1145 942 813 1420 9 -303 -685 324 -786 -389 -604 -1050 -896 -1821 -67 304 -66 160 -780 454 198 570 ]
[-358 560 334 -386 325 100 729 -913 262 -192 525 -348 -519 -182 321 99 -1104 809 233 1454 426 -65 703 561 -292 -322 -704 -688 -478 1394 237 -324 -156 344 150 -563 -530 520 205 -283 -892 112 -983 -261 1120 -320 455 379 -107 -349 157 198 -300 -173 -28 -1241 473 -343 -216 327 -28 -251 -1221 -35 347 272 -241 111 785 -347 -468 768 442 37 625 -161 -1367 931 329 108 786 65 170 -199 -1262 -198 420 322 922 -686 390 127 -744 546 -1002 624 346 292 -226 -647 -983 413 372 642 169 -144 -355 -343 39 950 -1148 153 255 -879 -100 -858 942 584 447 -847 -401 139 -468 141 -249 -308 -139 -214 ]
[-946 194 -247 -622 3 -380 593 271 935 581 -1291 1016 -441 502 -175 -624 801 123 -920 505 -1302 -675 345 -507 -366 265 419 -55 -156 138 538 -1080 -1033 225 57 658 -385 150 167 216 291 269 -494 -331 -260 928 -307 435 -1 -654 -387 -783 -87 84 595 436 -876 -290 1116 420 -264 57 564 -1034 -257 -413 898 370 689 -114 -599 863 -531 227 -509 1327 -636 -95 -836 85 249 837 2 205 -696 742 -371 596 105 236 -678 880 266 239 833 -614 -804 -1033 -690 185 496 862 893 -188 -687 480 -36 1016 702 477 96 -72 -60 20 -430 734 -863 -432 -172 -178 -128 1273 105 352 49 -926 -353 653 ]
[-4 -61 -107 -160 -138 -430 213 -390 1138 417 -678 -21 133 473 -59 -740 1393 100 -558 240 260 -1046 -252 498 -66 438 60 -1475 -980 -157 -158 -1422 306 -1255 414 703 84 15 -1500 762 261 375 550 748 1262 263 -231 -541 -783 111 -709 -753 624 492 139 -571 408 1230 -489 668 117 295 1096 -646 -1407 319 228 -332 290 418 -279 -17 -1376 88 -728 -122 95 -27 -533 3 -69 -446 -574 324 -176 -78 413 -1030 -412 285 -536 -1039 -146 616 722 82 903 730 -99 708 624 -588 269 -42 187 492 1563 -101 605 221 754 280 16 -220 645 -1534 967 -221 430 -416 -346 -226 571 -806 -283 1578 -261 144 ]
[1010 -1359 785 -44 -758 551 298 419 229 270 -10 30 -133 82 537 -318 -687 -131 279 -861 51 568 -233 651 370 -666 -214 -494 258 -276 642 937 900 551 553 1037 -234 288 -754 -526 210 -31 200 -1141 -671 -757 -204 10 383 199 36 752 135 734 493 338 225 -158 498 -576 539 907 1185 -785 1262 217 148 235 -686 107 -15 76 -366 309 67 552 229 -491 -16 375 -221 80 413 -434 -404 267 582 -989 -95 139 188 719 -168 689 420 -660 623 -845 229 185 -368 432 -594 -607 -611 121 297 260 -424 470 -70 -1213 648 427 281 -47 -542 486 -141 -793 1151 -17 -401 -331 216 645 814 -1058 ]
[-968 1197 18 -663 111 219 -71 291 559 -301 -718 -518 114 -35 4 -755 372 396 135 125 302 233 -685 44 -1081 436 1071 438 -1144 -246 -132 -797 -1391 -284 134 -736 950 -6 -335 750 -23 176 542 824 1002 1104 -509 443 -770 -514 -943 -1468 1019 -144 342 436 -687 377 104 528 -429 176 -366 -205 -1616 -593 82 989 1071 596 85 -135 -773 -599 53 380 127 -113 -395 -110 -403 -312 -347 537 369 -1138 -734 -739 -73 95 -656 26 471 -64 482 540 -692 150 -909 992 8 -461 290 -335 -889 154 828 1178 164 347 447 657 -351 -455 -44 -18 295 -743 46 880 35 247 158 -657 -871 -497 -110 652 ]
[418 -916 -606 672 172 200 680 -454 -761 390 183 241 218 -483 102 135 900 -684 495 -643 -1006 -798 -572 82 -974 81 219 413 606 -670 -1241 207 -938 428 -527 -581 919 300 836 -596 895 -1726 737 -333 429 813 -721 136 -957 -205 -673 1081 490 396 -474 -88 -197 892 1199 -795 346 -1112 1009 259 -32 194 55 364 -1057 101 -718 750 170 -455 999 477 185 -220 581 -818 -797 -747 963 -45 230 -25 315 -923 -746 -357 -709 455 1209 -24 535 894 -403 449 -680 468 217 429 -77 -965 29 -61 789 632 -194 830 226 -464 -132 -96 88 369 -169 478 23 -399 -489 -900 -869 -377 738 -128 299 -445 ]
[-121 1062 154 31 230 40 329 -39 -472 -72 517 -580 -384 -160 -1053 -610 -329 1802 -421 -588 -549 -60 -387 -1121 -1055 130 -801 -83 -1023 341 -840 -597 62 288 334 -279 330 -329 1073 -566 437 -233 187 1909 -423 714 1283 170 -1515 241 -36 -135 1066 -527 -189 579 -557 -541 766 512 -79 56 118 469 -1530 -234 336 540 -179 -749 7 -558 1076 -148 655 502 632 912 403 1273 13 14 165 -335 634 630 754 -819 -350 147 1246 -162 455 211 -563 -81 -180 -680 -857 -359 -726 458 -377 -178 215 -233 -448 171 199 -170 641 549 768 870 -1142 360 185 64 -534 860 -243 -484 -1044 -572 202 -697 99 -56 ]
[-935 -538 -1072 -398 -1190 -841 -62 334 804 -308 839 1591 63 488 -1416 -127 429 -259 596 145 -689 786 -479 113 352 -12 -3 87 917 -2 -383 -91 -341 -288 424 186 -336 -272 112 323 287 147 39 -316 -726 989 353 -196 -871 619 84 -104 -716 60 -13 733 -330 158 175 865 -606 -1842 209 446 -176 -26 -236 -1337 -526 418 -271 -161 557 991 -306 -444 73 -400 267 -604 434 -218 585 -135 110 1539 723 1340 -1215 -334 -617 -341 661 -619 136 -10 353 -569 257 -1066 -654 421 -583 -590 981 -1 826 109 474 -210 -379 -477 -1828 1900 -384 639 -1316 -496 -602 -126 540 -497 -610 19 -130 -223 825 361 ]
[508 -1288 896 72 -802 571 822 -47 -391 673 -1822 -331 758 126 839 1157 -73 -1111 233 -416 390 -708 857 171 -168 -25 -989 218 701 13 -15 734 -401 -523 1059 801 603 278 -185 -102 33 -678 -783 -1139 150 -86 -363 -529 -158 106 714 2373 -723 -622 -621 24 -343 -185 1266 -299 -899 -395 -1231 -1114 209 -364 -188 580 -675 -532 -309 -390 251 -279 -116 258 1171 1242 504 -132 -628 103 -665 378 14 402 -369 -1210 182 560 -210 -907 636 130 347 -97 -177 121 1079 905 1815 197 -595 1144 71 206 -579 619 1015 518 -410 -1356 25 8 -792 -1709 -780 -690 -36 110 280 -157 -27 216 793 -83 37 474 ]
[-501 594 247 235 -157 8 -664 -599 314 -636 -304 1286 464 -1092 308 23 184 -1089 205 514 -43 -296 385 1068 1 82 -92 233 491 -842 372 148 -621 -414 295 585 66 934 855 419 460 308 -289 -199 -146 182 -439 -342 562 82 -521 -604 16 256 -503 -109 4 451 234 293 -737 1056 -294 -471 -370 906 -544 -227 -274 78 -727 -467 -492 251 -844 -18 -579 -831 -1122 -50 -610 320 1577 372 -1254 794 3 -374 -392 192 -650 -799 -922 -109 572 -728 -548 -760 746 -239 464 49 1630 -490 -346 628 -242 5 371 -414 998 39 363 795 -312 -765 394 -700 -516 -477 902 -142 -565 5 775 829 1174 866 ]
[-469 1796 195 62 1339 -935 -50 -1105 -236 581 -321 -870 -311 47 240 117 -733 339 -651 548 -5 -261 462 552 186 -554 -445 912 -399 -909 568 534 121 97 -285 -11 -876 725 732 382 384 -138 483 910 -274 -842 -504 -161 465 -556 309 -1371 1086 103 -16 501 176 -8 -1701 -244 500 1138 -1142 183 -784 494 -185 -328 770 -839 1539 -1188 103 309 -312 -605 -486 -509 -630 -88 -285 410 -127 -12 -944 -560 -118 -317 465 977 929 435 -578 -416 -52 961 145 431 709 -450 -318 -420 1424 -366 -462 375 -774 -793 -118 -1682 360 357 -231 -332 -15 -976 -33 -256 -151 257 -1254 -363 763 -696 200 424 -967 28 ]
[-102 709 -385 -1041 538 163 145 536 -201 -190 351 121 -215 1662 410 317 -354 -112 -489 965 -288 201 859 87 1302 284 -664 889 239 -61 282 -265 -214 156 -154 -618 -1444 -450 -1341 1254 883 1008 -522 54 -710 584 -687 -177 641 184 -418 -631 -1407 724 1109 -527 -328 -348 -783 571 334 -512 -252 -688 330 -48 77 1088 598 -536 281 911 -219 14 -417 -281 -640 -320 158 541 690 730 -434 -1002 459 127 113 683 -417 1064 601 410 -838 -143 -453 172 -456 -376 1080 247 644 -266 59 -85 -111 -867 -911 -564 303 -539 -110 -242 -168 -480 485 346 806 -609 -96 62 -31 -222 1199 161 -408 -373 -950 64 ]
[-877 -23 1047 -361 -1143 -74 -674 -320 592 -742 -655 -71 770 231 193 368 -213 -630 818 -582 401 -957 111 -1414 436 -35 -302 22 -376 429 -112 -893 -256 -13 1283 685 619 -330 -456 266 318 1095 -311 -78 687 275 -122 -204 455 -22 -634 -724 481 211 540 -634 149 -706 1452 846 205 1029 -934 327 -2 -235 -226 729 -1316 245 308 573 337 -868 -1067 704 -1129 158 -787 -523 181 -8 -757 377 118 -1342 -271 -640 740 363 -478 71 601 443 257 -228 10 130 -651 -20 1082 -702 954 -582 579 -906 -584 89 -236 317 -1159 -758 570 240 348 1066 314 -469 -1085 614 -762 -182 59 775 1028 -676 -112 -343 ]
[1183 238 1093 -739 -54 375 -347 1106 622 -917 -945 230 210 812 567 1029 238 -71 -191 619 -7 -182 1359 449 362 -700 -718 -1051 -295 -681 219 -694 -847 367 1298 332 548 -341 -837 -502 -823 -94 -673 -1918 -81 381 120 -202 98 -338 -468 -586 157 -144 720 307 -458 -491 1775 -371 88 708 -740 221 244 3 272 1286 -316 125 178 1 17 -1232 -1274 -536 -663 303 -179 472 -598 -982 -839 -411 -290 -1256 106 -790 -165 466 28 -391 -1261 303 -638 430 272 -521 446 278 -38 -796 369 -703 -81 -146 1284 -992 305 -277 -795 -693 -327 -169 496 466 423 -571 -427 33 137 58 475 -803 1178 -539 -377 -1032 ]
[1168 -1135 921 454 242 675 -1136 648 -188 -1305 136 -382 119 -685 -457 -570 228 -364 407 460 173 5 -202 830 206 29 346 -568 963 335 362 1010 -718 -730 579 -115 -62 945 -697 129 234 -991 -16 -1086 14 1094 177 -403 908 723 126 99 -1107 224 -160 838 -41 249 -99 200 -808 -360 -442 13 612 -152 382 -1482 241 16 -117 -300 266 -732 1364 -512 575 -102 1147 -915 109 376 246 429 72 478 -473 658 462 367 -51 -631 -566 245 1099 1113 168 -555 924 -123 -658 240 -231 -160 -319 -8 1369 -617 166 -63 -1292 -398 -992 647 548 -998 1059 809 -114 -173 1053 -550 -733 559 -291 137 1138 -708 ]
[-2029 -230 -532 -460 631 -1230 -281 -53 -265 190 503 -577 -817 642 1277 -43 294 356 521 958 540 845 236 47 -243 525 -514 -923 -584 1450 780 -931 591 309 -311 -171 12 281 -1146 -62 224 -6 -685 -280 827 -1645 -806 -581 802 -696 -343 557 137 618 1519 -196 -1656 -104 -466 537 -244 -1020 -470 -396 581 -559 -510 -38 -892 315 -406 474 -699 536 -79 335 -344 -111 -259 -613 1010 80 -659 183 -689 -227 630 122 503 -67 -982 -389 -1351 646 -502 -208 -316 1052 -606 300 -1153 218 268 259 152 332 -69 -147 -198 540 244 582 322 -184 500 -267 104 -145 832 -561 -196 338 1232 -235 -266 379 -807 -533 ]
[-597 4 535 165 500 1004 -307 282 -291 -337 -777 155 -156 -802 -564 -413 -489 658 318 78 -473 285 -140 -109 -1035 527 475 -98 395 784 -271 -500 -654 -26 -173 -422 -604 231 -194 623 108 645 -1307 24 28 979 386 385 223 -1067 520 -905 -883 1128 532 64 -306 -526 316 697 -1650 -690 -942 259 -693 -339 84 511 17 817 -262 972 -288 -674 930 135 218 -82 424 1135 4 52 1063 69 -418 182 -409 245 451 452 345 88 1320 292 898 -19 -1013 -1130 469 -373 -616 1076 998 -665 -1311 -287 -205 -647 -33 12 -714 383 852 577 -111 197 1437 53 -78 -402 751 79 -1156 110 155 106 1836 374 ]
[541 -284 451 295 -760 843 582 -192 -891 -583 -951 170 1274 -718 733 -18 -1260 -575 -30 -728 526 -511 841 763 -442 -971 -756 -300 1977 -48 1057 1080 -999 -60 -196 833 674 -78 -120 -813 -257 -419 -128 -580 -429 -124 337 215 114 -873 767 380 -754 25 28 -139 -67 -203 -93 727 -671 -365 -599 -321 403 -141 228 708 93 -374 -841 -323 -182 -396 -676 -14 -302 586 351 216 -1035 -207 -649 991 386 -56 -521 -898 597 10 -736 -55 789 -837 842 51 -787 -63 244 501 1139 386 171 -264 -265 -678 -124 443 230 568 -1021 -1632 -100 -763 -256 102 -891 185 439 -100 728 -110 288 -319 1176 -1526 481 486 ]
[621 -267 -256 -237 -416 282 224 496 176 103 -847 -37 630 -406 376 671 -7 414 -684 936 723 -881 1814 101 807 -498 -135 208 -1121 56 -78 -1058 -475 -17 593 -813 113 720 -293 -3 -298 280 160 -167 579 824 71 46 -328 26 -105 221 341 -1087 -302 -689 -109 -292 939 -325 432 884 -1224 438 -138 165 -464 561 -283 -354 -74 -226 1192 -672 -582 -66 -1111 1358 -943 -254 338 -363 -1065 -92 -218 -88 -474 103 393 999 184 -616 -116 -641 -242 322 440 941 47 329 1781 -522 876 770 -37 -123 -659 -991 707 -1034 -737 -669 -193 -812 523 -373 969 -583 -90 -77 -1292 -370 -367 81 754 -173 -842 -177 ]
[-89 -446 200 -1122 2 318 -727 273 537 -211 -724 -732 -87 -458 475 -244 -346 529 227 843 380 -657 -15 239 855 532 254 274 681 243 -753 -769 504 182 -297 -117 -640 532 -202 514 54 810 -1177 55 367 -793 308 68 70 354 840 32 -891 630 911 -1254 676 -253 351 248 -571 -624 -176 -280 313 479 -928 951 141 46 -446 5 93 -411 -546 -92 263 304 89 248 -267 870 -197 558 -220 319 251 -601 329 469 221 -145 -974 1004 -350 391 -253 -577 115 -189 -1324 -365 -413 490 214 -160 -285 -833 -722 857 -454 717 622 -699 754 -599 1367 -28 -79 -497 219 -23 -239 88 -114 286 224 287 ]
[142 -709 -166 -481 387 1466 216 -43 -57 359 215 -1366 120 705 659 -334 13 -271 -1021 407 -682 -723 292 979 917 125 -192 -24 -437 72 482 -623 474 631 441 44 -1000 1535 -1280 497 205 -408 -16 -522 851 819 -400 87 -116 512 -24 -233 404 -724 754 35 -739 897 -657 -386 1153 115 390 -1200 -131 -139 713 940 456 -242 -12 661 223 -266 245 486 579 -326 370 118 -229 823 -317 -1357 -561 -1014 138 -761 -241 246 530 635 329 991 -172 -385 1069 331 -240 882 -624 -378 344 875 -681 240 1486 -162 453 1337 -248 -447 167 -1368 941 -583 515 -450 450 -184 200 477 1132 406 578 319 -790 -810 ]
[133 971 494 -472 -361 -289 53 111 -831 -373 -629 -71 -10 -368 292 -379 568 66 -888 286 -78 -995 1271 -1007 843 207 151 411 151 -434 155 -448 -537 53 -526 745 -1306 -503 1059 1187 721 34 -749 493 -1600 548 -49 30 -399 330 83 -130 -46 -221 -106 31 70 -182 1496 709 167 647 -150 -1445 -234 468 -252 -48 382 -469 -609 -880 -405 471 463 1111 417 83 -436 539 -501 964 426 626 103 107 -395 32 313 1064 656 270 -640 345 361 -274 -515 -1222 -118 563 -580 235 331 505 -1100 141 -711 402 353 -78 407 -737 850 854 -319 -366 174 -252 3 255 151 242 -330 270 -74 -513 -303 352 ]
[170 -456 -473 -291 962 558 377 134 -138 70 -822 621 -399 765 -773 -27 352 -883 788 548 -108 -420 -619 472 133 131 308 229 -147 -331 778 293 -211 -1022 260 694 261 -324 -193 539 -33 -176 -366 632 -66 -806 54 -210 -168 188 439 -477 -693 698 471 476 -388 378 151 833 -92 1295 164 -978 23 -461 972 255 379 299 190 341 -1586 307 835 -139 275 -433 246 295 134 331 35 220 -356 603 -175 -778 157 318 -61 -438 -528 621 475 -105 376 58 1088 460 490 -599 33 -691 517 363 95 645 382 50 291 99 116 -570 78 -1237 -789 -122 452 -166 18 72 233 723 -339 41 420 631 ]
[199 -105 -906 -243 513 229 599 653 -938 874 715 -771 79 53 1020 -713 -52 -464 -998 197 -619 -279 -1061 59 773 823 -449 435 785 -1147 158 689 506 299 -318 947 -409 251 -84 -172 938 -518 1465 -765 196 -108 -1781 -74 133 -290 -298 744 -443 1233 107 685 230 -162 -1449 -652 995 145 -156 -878 485 216 -661 464 -127 498 -66 512 -17 -598 -318 357 -283 152 169 -555 -731 117 -1131 -100 -168 -324 1090 -1273 516 183 279 79 321 -254 561 -265 -56 128 -874 882 224 -448 -477 -905 -577 -378 -87 173 -113 807 548 354 645 -607 876 -179 380 -212 30 -291 500 31 631 -212 -331 674 -782 -966 ]
[-1660 863 -1253 -1671 822 -916 1271 -268 129 -249 397 -531 -1108 505 -1531 389 468 526 656 -72 1333 36 255 -1186 43 254 -1255 249 -246 744 -382 -678 327 -150 175 -595 -407 -1578 -66 1167 538 448 -346 1284 -365 -1312 -313 -145 -399 297 393 493 -515 -491 243 -717 -409 397 113 1371 460 -753 -610 -582 -1286 -178 -319 406 -401 -255 407 -133 -181 356 286 356 520 174 24 -47 1055 -240 -443 10 -212 122 379 -688 479 800 -259 -1010 29 383 -690 -34 -509 619 162 -664 -60 -46 135 268 -128 -425 -1805 -613 26 -441 1157 961 726 545 150 -450 501 -691 545 1107 -630 104 -309 -339 83 447 -791 490 ]
[-1064 -357 471 -685 -574 387 -865 -196 319 358 249 -103 -392 98 47 -1445 -483 -1197 -178 984 -334 492 -1066 1460 -768 639 -161 68 242 748 -486 317 -17 -663 -489 412 -381 -850 123 1024 300 129 -1080 -249 630 -285 -458 -583 138 -241 114 134 -200 618 364 620 -411 147 -884 393 -1288 21 -750 -742 -195 -321 -273 247 123 1482 -766 758 -1408 -417 -113 -381 793 245 751 723 -448 182 1034 165 -747 550 -130 -183 152 -157 123 589 246 747 707 -278 -616 -586 463 315 -119 740 329 498 -345 452 535 637 -540 830 -128 643 695 124 639 -676 139 610 336 423 906 203 -276 -727 27 412 878 927 ]
[21 -104 -495 594 -1084 369 670 -482 -1230 654 -505 295 180 372 687 587 268 -418 -51 -738 -881 -1017 455 -242 -453 -538 31 -1101 1133 -72 363 -719 -8 -582 665 264 777 -659 -384 -1256 -324 359 -183 448 785 634 867 -276 -34 -688 -459 937 -853 212 -309 -1414 329 59 600 693 150 -322 306 -316 448 474 1042 -468 -350 -111 -611 216 -388 -107 681 118 56 -405 864 -506 618 -1027 -92 -9 472 899 -845 1611 -588 329 379 -52 1310 590 -828 9 -814 305 500 -1265 881 540 80 -104 1036 291 362 -236 405 -1012 -24 -858 -1012 -266 -337 461 485 1217 971 -814 607 -676 1079 67 -203 -374 205 152 ]
[-605 -539 -331 351 648 297 262 279 14 34 -889 -478 351 99 -35 268 1001 369 706 862 979 -646 -177 -1400 -656 61 636 -309 -1213 935 -64 -579 -1346 -880 121 -783 -39 474 -1043 177 -81 -338 -279 492 1821 494 -540 -336 201 -394 421 -258 15 -549 445 -416 389 359 -228 398 -528 -1151 -945 252 -882 -491 280 254 -5 88 -137 623 -332 -896 1539 135 397 732 -175 -70 608 -253 -1047 -239 -71 -1431 -825 -219 373 388 -760 -1468 448 -290 -143 863 -223 1534 -492 92 560 -263 448 388 -464 -1199 -19 -261 358 1029 470 -194 264 -866 1203 -609 960 -472 253 -447 -464 326 -110 1082 -171 280 336 -310 ]
[-140 -314 611 -152 -1155 1108 229 485 234 -86 -537 -422 626 -199 24 -1471 90 1283 -568 -631 -64 -1116 -916 -292 -500 546 823 -874 493 -368 236 83 -359 90 683 4 783 265 -154 154 -520 172 753 463 1225 362 136 875 513 105 -626 212 -160 -96 -221 160 1 177 137 -89 644 1666 64 517 109 53 758 781 85 786 -913 441 -453 -1000 168 -18 -59 200 -109 33 -592 159 498 1181 -373 -160 -23 -446 549 -125 -723 163 1470 535 233 -387 -415 -407 -662 -360 1212 -990 -47 419 -725 -1278 539 701 -289 1470 505 251 742 0 713 -683 838 -20 612 -522 872 387 855 -416 -344 -375 153 -316 ]
[-750 669 -241 60 927 -1172 -199 -470 -589 -216 615 -425 -1073 496 -329 -566 240 -251 205 1022 -793 915 -695 -363 -102 -595 476 1792 784 -343 57 206 -3 335 -1152 -261 -1686 -527 1081 837 744 -38 55 743 -626 -371 -1238 -54 -901 -800 370 -885 705 931 144 1261 -435 688 -754 -256 -358 -724 -1055 -37 -229 346 -460 -828 814 1019 344 -255 -447 1118 628 -340 -98 -479 -1212 -149 -1820 497 268 176 -1390 267 569 487 -102 22 -418 494 -440 81 -394 -94 345 -121 -614 116 -611 -58 -156 -342 -209 -174 -366 -222 -409 -271 445 1229 745 554 25 -195 -24 -12 -74 -6 -959 -475 -189 182 -250 359 -1091 873 ]
[4 -782 220 946 -832 721 -385 473 -1227 396 -377 -27 263 19 787 -790 452 -755 205 -421 -232 -276 -219 597 -341 -596 717 190 237 -118 238 74 -32 570 198 529 1133 775 -906 -289 -797 -623 -637 -786 -766 1052 -107 -138 190 -395 210 3 31 -68 740 721 -119 154 271 -1121 -615 419 793 -814 1309 -587 335 319 -125 533 -885 283 -322 -778 287 526 189 69 -85 219 185 904 -265 -600 533 -154 -227 -159 60 -93 -88 132 -797 583 536 -515 -120 266 388 475 -335 709 -1003 -14 -1019 980 497 1038 179 1437 484 -772 356 -227 753 -90 -782 281 62 109 1549 921 365 196 -57 687 124 89 ]
[-1 -1244 1635 245 -436 197 694 486 -692 587 -1006 -192 -440 -393 823 0 -324 105 -458 3 357 -229 1344 688 -688 -152 19 -1149 845 425 665 829 566 -833 -117 610 484 521 -23 -7 346 -750 -182 -318 487 218 739 -782 472 158 614 1619 -441 536 -409 280 -382 -316 131 -48 -568 148 328 -1203 551 -356 333 101 -93 -739 -209 -372 88 -454 -109 642 1175 314 76 151 63 -30 292 -164 -493 1068 824 -352 240 6 -155 -542 -396 140 -790 180 -174 -330 95 -469 889 703 113 205 883 476 316 508 391 223 -627 -727 -852 283 -328 -1723 371 -454 15 -1126 1081 -564 -293 -26 494 1160 -97 -446 ]
[28 -1141 585 -175 -881 151 333 110 214 -38 -183 -245 -293 -442 -143 76 -118 -600 -184 -7 896 -375 228 -125 411 -1313 31 919 901 -26 150 1377 159 731 262 -236 -247 -10 692 -459 171 -833 277 -958 -685 320 742 401 -33 42 1090 432 -169 -1103 -381 810 4 -501 122 -704 570 -243 766 -389 1247 -145 -122 742 -319 -429 192 -148 1016 -457 128 1436 421 -598 65 -441 314 305 -385 -517 -504 -197 480 -493 106 -155 -35 501 -88 -435 -983 -247 -275 -261 -33 -1226 -879 1139 -350 703 -35 -403 -394 521 -380 683 127 -921 -700 147 40 366 -1460 -134 -414 785 617 1103 -540 537 843 -108 -334 -284 ]
[522 951 643 781 -583 120 576 -556 -505 -328 -422 818 -621 209 -439 -1041 803 -761 130 374 -968 155 -295 -436 -424 43 566 188 -692 -308 319 579 744 -129 -624 137 -195 -310 1629 357 -1212 -396 -1332 712 -255 -242 1376 -334 -59 33 -181 -139 154 -89 -205 296 370 565 1093 177 -245 802 414 188 -263 257 1035 -216 229 -395 -1 -725 -755 -81 1315 -303 1727 313 605 624 -989 12 1149 197 -34 736 -182 228 -679 -357 992 -119 -939 289 -726 482 -315 -1254 126 325 -185 131 -328 165 563 1256 -674 -26 -14 181 859 367 267 -333 -393 -380 40 362 -158 -185 89 199 -298 294 -1394 -392 263 405 ]
[-715 275 267 -1126 -188 -433 -585 -277 1035 -198 200 -250 -685 192 -118 774 10 -703 1059 303 211 514 1006 -507 -446 212 -12 -83 -666 1131 -1524 -85 130 -578 54 -1724 -445 21 46 759 399 24 -760 -353 863 -584 837 -77 -47 330 687 552 911 -1029 753 -427 -394 152 483 219 -127 -551 -786 61 -146 -162 -638 -128 -647 -439 246 -702 459 311 423 565 1052 48 162 -449 371 -100 273 -1038 -916 365 -419 -124 -148 -102 -786 -357 -260 354 -109 1339 -1171 -205 40 548 -1195 37 -226 347 516 375 -325 -91 -75 -389 -164 -337 -479 333 -112 -355 -397 -699 -756 782 -804 618 -634 409 -682 -239 9 -244 ]
[-109 138 -545 8 -149 -142 -119 -372 1049 -457 -126 -678 -530 -594 -25 -618 -834 -157 127 424 565 -670 -457 1489 -72 171 813 -113 1311 395 1082 328 -1093 -296 -216 -235 601 141 -32 227 -840 -360 497 -545 622 -725 78 322 -26 -350 -318 363 380 813 -102 -88 -73 209 -145 359 1101 593 -387 424 146 -112 -658 535 -966 -487 316 1488 -515 -107 564 -83 -696 118 28 -383 818 -750 608 19 -309 172 -28 947 -173 288 -1134 563 989 -174 861 -760 -441 479 -67 223 -231 -315 824 -311 -371 16 -515 603 97 -188 -566 -424 170 -47 760 272 -49 293 697 -482 -708 140 -540 -592 88 13 -891 -85 ]
[-671 1060 -26 -839 188 166 -248 -573 252 264 144 -106 402 -143 579 703 -350 -564 378 -384 -618 -74 65 790 -884 -275 -80 1362 -382 367 -1246 -696 -132 884 -148 -347 -147 -103 -305 -13 568 365 61 824 262 731 -614 -18 -831 -772 2 -462 1211 437 542 138 898 -71 -1175 -687 534 -996 -1156 629 -705 -132 -761 1315 -577 -207 178 -187 530 -260 -316 -422 -331 135 -142 43 -198 -881 -337 -623 -121 -991 76 -934 6 129 480 330 876 239 348 7 9 971 -699 593 -1147 -287 38 -184 -61 220 -135 10 125 423 83 544 -282 -1590 -184 581 -422 190 -849 782 -578 369 294 -502 828 -938 -247 281 ]
[523 -1248 754 1102 -130 -63 -182 561 -58 562 302 -1324 1411 -34 462 854 -800 797 410 494 1034 -126 347 -1076 841 -375 429 270 -1035 717 -352 -378 258 49 48 116 -115 724 -1473 -1390 507 214 608 -116 920 -76 -332 275 -470 -487 322 118 -216 -512 -609 217 190 -276 -64 -513 -90 -815 431 893 832 115 230 -43 -819 250 111 -331 678 -851 -661 893 -330 -548 -667 -949 -454 -75 -1100 833 412 -104 -1 -1233 271 470 25 -728 171 -1287 -702 291 595 412 -109 -173 396 609 -103 1229 1537 -869 -1 201 -681 -304 -656 -232 294 -1103 -128 -260 618 350 773 -16 -598 -938 234 302 -618 -210 241 -470 ]
[-252 796 744 -513 -291 170 -235 -142 587 -622 -271 409 -510 59 388 746 274 113 757 -274 1019 58 196 884 -137 -512 -179 696 -739 -256 -372 -562 -492 -463 888 -1178 314 1085 -473 292 -557 491 518 360 247 1185 67 354 -218 381 -350 -1829 603 -573 71 -986 121 371 44 610 -597 816 -350 489 -3 166 -137 -167 65 353 -37 -315 195 -24 -269 -1011 -1194 -228 -27 -79 480 -36 574 -578 642 -1260 58 -35 405 185 -305 -522 -1539 888 -418 1073 164 435 1052 -723 -77 -734 487 103 144 -1045 1208 309 59 455 200 28 -776 724 -149 -1091 1564 15 -346 362 65 -585 257 449 -21 680 -147 -196 ]
[-362 -345 -581 77 1058 -854 377 68 1331 -177 -207 -964 946 -469 496 -495 -305 1197 -987 64 769 516 115 370 455 418 -31 -760 805 353 416 -954 -365 976 -1056 1066 1404 323 -575 -46 -308 800 190 -58 43 -1062 -1300 -971 965 -287 -57 -201 303 147 -461 10 -510 549 -164 -44 -273 80 30 -153 -1660 163 -943 303 892 -1126 210 -240 -417 -868 -2020 -266 -1206 1376 -673 1253 364 304 -1168 -797 -306 -428 -189 -50 -274 140 -1405 234 79 -392 636 115 -444 936 -387 300 -11 -1553 -48 -575 -657 211 170 275 156 -562 287 580 -204 -1339 785 208 -323 -773 -818 -402 -871 567 146 -1610 50 244 252 423 ]
[-1446 705 -1710 -494 -502 -1050 232 204 -304 245 12 1072 -341 490 -397 -128 275 577 -844 667 -193 670 934 415 -527 464 40 -855 -155 409 -65 -592 973 156 -142 -140 -1079 16 -171 1321 -578 -81 -73 -241 -916 68 -156 7 -745 -343 -534 178 -182 -1148 -347 239 -374 -341 -1017 283 147 409 -288 383 -760 -124 -257 -312 536 1130 -91 -8 -73 313 190 -1673 -423 330 -681 489 554 -129 293 -556 906 -156 592 1158 -77 -264 280 -1093 21 -837 -872 -103 209 731 343 195 605 -99 992 375 -868 429 -303 -537 521 -1169 -485 -281 -748 453 117 -608 248 -886 764 -331 241 42 543 -696 451 1234 -629 605 ]
[-520 -345 308 -552 1696 -847 -288 361 620 -75 -10 -416 -616 -179 -372 -196 482 1463 841 140 1491 589 26 -1108 161 -243 292 150 -623 724 361 -1268 -512 693 -729 -464 -739 258 -706 59 562 785 338 2156 487 -1525 -242 299 -836 -617 879 -1562 709 -336 876 -6 -770 1078 51 915 239 -456 337 367 -659 -435 365 485 -44 -924 319 -1219 -1796 -55 -259 745 -474 -204 -801 609 -266 -208 251 87 -590 224 -197 -1635 783 488 -1089 267 -614 -313 -210 269 -87 -454 -67 63 -652 -804 36 184 835 -863 127 756 -176 0 884 688 862 -1174 162 -110 -308 -136 -441 648 -1335 385 567 629 361 -429 196 286 ]
[210 356 701 421 -765 -672 -376 198 -229 149 -6 -596 -425 376 -537 -649 -915 181 208 815 711 377 457 469 -797 -785 -450 153 -269 664 -552 1198 -377 -913 447 -625 22 -417 -136 -181 -538 33 -91 644 676 -563 489 -766 -38 500 462 779 533 464 -66 123 178 319 -355 50 -378 -25 -1130 737 -525 -810 -466 -753 278 -1213 776 -1547 488 -9 -177 -1048 809 914 -44 -232 360 -192 -216 -2 -252 1430 -190 -52 102 -365 313 -382 -379 -385 -138 -332 411 299 297 -9 564 -228 -1312 1593 1413 -115 -1070 93 237 -1295 -809 1530 144 140 -405 -546 -356 289 -812 1334 -1479 -1081 -664 402 -1062 -937 -1080 181 ]
[1092 -274 877 82 377 75 -251 183 -930 -419 845 -932 -606 -22 102 899 -1398 232 524 -513 1431 191 423 115 -35 -28 -592 -252 -1682 1790 -194 -149 399 700 1450 454 -132 -1580 -1161 290 -70 279 -164 -134 157 -988 447 463 -881 114 3 948 908 -156 -410 -188 -390 -544 -261 318 -124 -4 -1246 1053 126 -33 168 538 -563 -303 -323 210 558 -677 1551 -70 -459 806 1016 342 735 -1207 -442 -973 -214 -16 -281 -715 -84 174 391 -412 1283 -475 -1491 -217 -160 734 -498 151 829 307 -218 894 -331 -654 -866 -16 -479 -737 -419 -181 1202 -56 299 327 -269 -694 458 1247 143 -962 -380 -202 -31 -288 -262 -420 ]
[311 74 -208 -263 594 -788 -514 -301 850 -353 164 487 -1236 285 -93 -593 346 -265 946 150 829 902 -1067 734 -177 -290 162 26 124 35 488 121 -308 -276 -461 -142 -751 -621 -866 1033 -584 323 -203 655 183 -661 185 -686 -197 590 8 -423 -20 701 942 -424 260 400 -339 487 -208 431 290 388 -240 -250 253 -416 531 -20 155 130 -1639 83 -177 -1081 533 500 107 272 -325 -1113 215 613 439 557 -368 26 185 -136 -606 378 -630 -508 982 295 -75 255 -263 109 466 -190 -717 450 -165 -4 216 304 -390 -118 326 1529 63 -44 503 -723 -85 751 -605 -204 -887 -314 -789 -154 -668 240 78 551 ]
[311 1749 486 -1172 -362 840 -811 -1262 -70 -1072 -612 -130 -200 -2 1008 -777 -125 -747 106 369 -805 -1170 314 141 -312 -394 -504 368 333 76 1010 3 -398 -229 434 165 1341 -335 -258 -437 -815 101 -527 453 -356 10 1925 1160 -85 -128 56 -1744 544 15 279 -584 -390 -1350 1661 890 929 834 938 336 146 566 655 501 153 -1588 -259 -146 -227 -1124 333 835 -684 1070 312 1626 330 -216 -607 -514 -498 -269 -451 4 -119 294 228 104 -1179 1063 177 -227 -880 -271 -79 -86 -1030 125 -449 -784 76 -620 -339 -298 -404 172 456 -176 635 436 -656 426 137 259 -76 806 -834 459 633 199 -249 -2241 -485 -30 ]
[-1267 126 -1490 -17 148 690 1258 -123 -369 -351 348 105 -418 479 -259 610 -394 340 223 -90 -68 1387 -346 432 -938 -157 42 -474 -154 1334 203 -129 17 166 -541 172 601 -355 406 -1267 -497 -19 362 -214 839 -41 -301 461 -733 -229 80 1329 907 116 -1098 460 -1564 302 -22 726 644 -1284 -177 782 -899 -42 52 -616 173 162 564 348 506 372 -99 -622 -186 1107 216 506 451 -1290 217 -923 276 -87 116 1235 -499 -545 -410 -70 747 288 -1351 -480 805 387 -555 -146 -299 -240 87 -6 -29 -375 -280 -342 977 -259 -167 -196 -883 -222 -621 251 90 -343 902 -358 156 323 -176 316 315 62 -299 221 ]
[-429 -185 55 1316 -975 183 194 61 -125 379 -106 -567 923 295 42 -283 -103 214 -390 302 -192 -1110 -538 -416 1448 81 24 617 1146 -754 -454 -173 -316 904 -110 844 -217 1189 -170 -233 -1303 429 -147 -746 95 8 -441 233 966 -715 474 -612 -843 -330 -307 1 1132 -145 381 -899 -406 -462 252 443 560 148 415 -463 312 -283 -675 472 721 -905 -988 108 -242 57 -724 -91 -213 625 -563 151 182 195 94 54 -323 513 359 -30 563 -550 539 436 -414 -462 772 -1075 -135 -731 -213 267 35 -945 123 -114 232 1572 -131 -1091 338 113 716 147 228 47 -229 -1089 -548 376 293 -114 -423 316 20 -96 ]
[356 -1098 538 -543 -587 1007 -540 672 -246 -190 -124 -1049 -82 -1161 166 644 -684 -498 920 323 -41 441 268 -148 -520 481 1716 -290 649 691 802 772 165 -54 80 -1285 -890 1219 -759 12 434 -295 538 -598 1284 47 -1324 -216 642 -98 990 676 -106 -256 74 954 -307 280 -277 -468 -295 684 -1955 521 208 -151 -964 -25 -485 45 -240 -583 -164 -551 1579 149 324 -243 -170 -387 -1364 -391 808 -45 -1246 424 -519 -38 469 -404 -423 -796 1291 -233 228 -473 324 17 908 755 690 -634 605 497 29 -435 -186 -609 -202 -582 -799 -366 941 -618 636 311 447 221 -245 -417 411 -222 -316 619 550 -520 1190 -71 ]
[-124 1280 -558 830 -170 500 314 -894 -1686 -557 451 -71 804 180 730 -230 -1017 -384 38 -1271 -953 -272 245 439 688 584 -1436 611 -220 -477 17 -10 276 805 443 816 -68 -993 -158 -290 32 654 -705 372 -1574 -20 343 285 150 -571 -1189 -549 -876 82 418 -702 946 -1063 -665 134 -908 631 399 780 136 801 442 132 -462 298 -1090 538 -239 99 -210 204 -399 23 339 -273 765 -556 -344 37 1098 82 -208 -140 -769 -50 668 113 -163 -1256 401 -847 -1721 97 493 -452 1437 -106 292 -749 193 331 -904 -502 -172 -792 1048 -474 407 97 -215 1412 -442 860 -27 375 989 -153 522 -677 585 -341 -83 896 ]
[46 -165 -617 -951 29 578 -604 -724 -115 656 -163 173 -94 -1438 84 608 -1329 -1068 6 -438 -342 -212 424 984 79 576 544 360 1653 -317 -13 1176 67 525 -554 126 -678 792 856 119 322 -887 152 -889 -782 -675 58 -216 -432 1314 1732 681 -302 -249 -460 -1014 262 -32 -442 -20 45 185 -608 -402 -715 395 -813 -16 97 -1242 573 -541 837 -234 -767 127 247 388 794 315 0 692 853 -1206 -989 559 -87 -943 -90 -800 426 -538 669 -245 476 104 -200 46 925 37 -634 551 389 -948 494 912 -555 117 228 -550 -491 -676 -610 -632 -805 209 -896 225 -1013 169 71 -9 -793 244 1424 -2 375 1045 ]
[-542 -142 -669 7 -1609 111 624 1237 572 1017 805 555 115 614 -917 522 -842 -358 -1 -563 -212 1178 -32 -82 303 -781 401 717 -80 440 -254 -656 252 49 138 -607 -537 -551 -397 -543 497 1488 533 26 -843 557 -66 -65 -518 361 464 203 217 -151 -52 365 139 -344 -897 -411 -44 -1076 117 -169 473 -736 -399 -788 -72 1195 894 597 479 1031 -732 -194 -219 -717 -659 -449 754 -921 -65 -1067 546 434 -114 2366 -515 212 -208 821 1034 295 -432 -1442 1042 325 -461 -900 131 648 81 -143 549 179 35 -229 293 -770 -308 -83 -727 857 71 2393 -1001 -146 12 -29 137 203 -147 534 -204 274 -114 181 ]
[-1105 1441 -377 -468 -101 292 546 -221 48 657 -304 52 -395 716 -450 -182 -1178 -705 231 -205 220 1411 -712 634 -148 -553 -166 1122 -167 127 -368 0 -1131 -631 96 -238 -280 -426 300 -623 -516 659 752 -1084 465 -36 -129 365 443 284 655 -563 1239 -197 607 -189 -273 -746 -1765 3 -483 522 -378 186 -80 89 -210 380 459 654 762 151 -393 493 -870 -447 -465 15 138 -369 966 19 59 -538 -10 59 -326 657 -266 -263 -1037 1561 292 -223 114 -227 -171 192 127 341 280 -355 431 -131 -547 -145 -355 599 702 500 766 551 -1447 -187 762 683 -1072 83 -418 610 246 769 345 205 -449 -311 -621 421 ]
[-378 -638 753 970 1302 518 360 788 -468 -274 -370 -494 -284 780 -518 959 421 535 1620 -852 657 740 -984 -560 -1305 -421 439 185 -825 258 -720 35 -157 406 276 -1228 28 834 -1080 -651 190 -382 753 818 987 1040 -491 -56 -683 -1036 375 -323 667 205 340 271 348 821 170 196 -752 -407 -224 1484 199 -955 420 -118 -934 -61 598 -346 582 -582 1105 82 1053 179 744 -524 -133 -508 221 -401 342 -587 244 -1247 -187 -405 -64 -481 -114 31 149 1025 425 681 99 209 149 -29 -1044 8 710 -870 513 678 301 630 -302 995 -73 -797 272 -270 506 527 -885 517 -146 -531 -436 613 -15 56 419 -56 ]
[314 152 1450 136 453 200 -647 -453 -1159 -72 253 237 636 -353 241 592 -333 -1203 775 1149 898 -215 1091 41 -143 -205 -24 231 -1199 114 -1129 -63 50 -20 338 87 -991 -470 -848 450 286 212 -1002 -420 227 -292 -86 -574 184 -670 -268 -564 407 -19 145 219 600 -660 -333 8 -708 687 -1153 348 875 -608 -907 221 -950 -211 -812 0 526 -574 635 215 -1177 462 -147 391 63 -207 -349 -224 -313 -494 482 -1038 -43 31 -114 -625 -646 -163 154 593 -20 453 115 616 276 -177 -316 399 345 -325 -652 -15 121 499 330 -295 549 -430 344 -1080 308 499 -282 735 362 -522 71 -231 -717 -688 333 567 ]
[-886 1362 415 217 -1851 -94 571 397 -879 235 -638 883 -105 492 257 -588 -610 -92 -321 -281 332 -39 717 149 -488 11 -368 -115 793 283 195 -539 16 101 -54 -380 368 241 34 556 -513 1267 -44 -306 -413 801 -558 213 435 9 219 -1245 107 1236 71 -1323 18 -681 652 -259 -342 280 -714 148 508 783 -1224 852 -338 332 -327 -87 243 -631 -1383 -73 -1087 -273 -265 661 962 941 955 -3 -729 282 397 502 496 -54 650 317 -1004 993 108 -1053 79 -226 993 338 -287 605 601 120 -614 -133 -354 53 1004 841 -214 678 758 850 -198 1179 804 -594 -133 -467 1049 630 599 966 -86 938 -830 -26 ]
[-766 619 -733 -740 87 -692 1044 336 1050 -18 443 -204 -736 -88 -248 137 -80 650 -650 821 619 278 -185 107 578 -16 -544 -957 1467 474 1408 439 139 142 -40 39 845 271 1348 -231 -916 -560 244 -624 746 -916 -170 176 576 126 224 463 149 -21 -520 -597 -206 -292 472 -521 1860 425 -555 -565 575 580 -432 424 -374 27 711 383 480 -416 -400 22 -494 -3 72 -91 1116 -136 201 340 -1403 117 670 358 799 -296 -48 645 -615 335 -347 -663 1072 305 -263 208 -1140 -10 903 416 -475 380 35 -428 -98 625 -246 431 -286 -64 288 46 43 -713 450 -579 -27 1025 63 145 256 853 -991 -585 ]
[-67 -50 -922 423 782 860 317 238 -1023 -798 -33 815 -424 488 912 880 308 606 1088 -435 -464 1279 -471 438 -274 373 -170 -737 260 -470 488 178 199 -1 648 195 1026 571 -550 -486 -608 -286 34 194 301 370 -331 -1 30 374 -1243 -276 -249 432 -186 -296 -687 -445 1336 291 -63 850 401 697 -310 1118 685 98 -48 13 -128 -381 -164 -430 -12 -929 599 -363 109 580 -121 -1054 617 -452 66 103 265 -43 -1013 -134 140 -358 -1098 -95 -790 -104 683 32 363 -267 230 -382 -101 -1146 61 -449 1536 -329 528 -272 799 119 -685 256 -293 -20 469 -495 -686 -1588 1210 -906 322 -139 189 659 952 -579 ]
[-809 464 -502 11 1161 -999 290 -437 716 -295 380 139 -816 -338 -1694 199 349 16 707 451 -536 369 713 -1290 968 203 681 475 -12 675 246 -245 306 856 -1169 458 -839 -679 1401 158 170 -679 -787 -656 -748 -611 -219 -95 -129 304 786 -791 -195 -101 321 632 235 256 -319 -657 -229 -532 -107 442 153 262 -343 -796 -281 -241 693 -37 -250 821 -460 636 -380 27 -331 -692 -285 169 277 236 -972 697 586 -432 -189 -632 -1036 -214 244 -962 63 36 18 -404 -280 251 -1011 164 442 -598 322 1319 -1120 -335 -376 -464 948 -214 -452 -444 -291 462 -742 182 -443 657 -582 469 -1123 491 716 254 -471 284 ]
[-791 372 225 -1215 -284 -118 -333 -404 1503 -705 -171 -141 -626 -1141 -234 -528 -11 -505 -427 710 25 -132 -388 -575 1056 2144 329 491 330 359 -105 761 345 -333 -581 542 -222 -282 2187 754 576 -673 -559 -815 -127 -247 498 -1 -243 346 277 178 -699 34 -629 -16 334 -1417 649 -56 -638 200 -61 -428 -765 936 -804 490 215 947 -478 1049 -554 368 -40 1124 44 289 -22 735 -632 279 416 1134 -698 243 588 -658 225 68 -449 -418 616 -533 389 439 -1185 -1099 -65 808 -273 214 1366 -448 -165 924 -529 343 -333 -53 334 -211 -426 760 -1208 -896 518 -405 -401 -45 -520 380 -1764 -365 -345 492 722 900 ]
[-680 -421 190 -588 19 -143 -989 -590 140 881 130 -455 1045 579 1127 312 -332 -272 -538 1065 -613 -17 58 708 2112 986 97 743 712 442 -114 -302 -28 356 -759 454 -455 -1 -1505 -366 222 -121 -320 -915 -270 189 -1052 41 -18 -104 73 -353 -1208 802 982 -40 -672 282 -1171 -800 -922 -2140 428 72 996 359 -721 99 -8 570 293 933 -28 570 -2299 249 -758 -206 -346 -63 -552 1375 -799 208 156 -534 589 319 -348 203 -1279 232 -833 -290 525 35 66 294 1310 277 594 86 -987 -97 840 -181 -646 -1180 -442 -296 262 -22 254 -164 770 -302 329 62 466 252 -582 -956 775 -661 87 34 -882 1120 ]
[-882 374 -249 -1039 -137 -427 -728 -857 -98 -403 624 390 291 -163 -493 -225 -207 316 -536 643 -157 198 383 185 810 261 32 478 -841 1045 -1035 320 1096 245 -674 972 -490 -1452 788 -173 -19 -1302 -489 -834 -638 428 652 292 -827 1320 117 43 688 -1047 -437 452 249 -269 -978 -392 -31 -285 946 633 -37 357 -378 -909 780 -167 335 -1533 719 673 -516 -751 279 428 520 185 417 594 -215 103 1249 -657 357 -377 -139 -629 469 10 -818 -818 -931 -243 779 763 -135 -450 -935 300 -516 1260 481 52 -342 -829 -644 -501 671 300 -614 -55 -226 -887 -501 12 689 1268 241 -521 -660 -739 350 -14 -698 121 ]
[-214 79 325 -181 -647 459 -334 -1268 -5 410 -51 563 503 -531 -173 -1154 -626 -576 -319 1085 -779 1070 -360 1496 -496 -39 40 -469 4 1595 976 189 193 217 154 -406 -1136 474 -282 232 17 -437 -541 -923 -282 236 161 -191 -603 133 394 -433 822 -242 739 1182 -776 -250 -1151 -85 -405 -485 -1433 1383 -12 85 -285 315 -425 815 64 277 -71 -532 1262 -569 -63 -257 1094 549 843 -3 594 -106 -399 242 234 77 68 130 -537 702 670 573 220 -920 1665 1081 253 812 -345 638 750 354 -160 340 794 -323 214 764 -479 -77 -66 -305 871 78 -716 513 374 318 463 -472 16 -286 1652 -1146 522 412 ]
[1085 38 -284 872 -618 34 1047 1551 -108 162 970 197 -236 33 -701 -381 366 389 -1217 -666 -532 714 215 204 -294 -620 -140 323 -69 -253 72 920 341 84 196 -959 490 -924 156 63 107 -117 793 -104 -1359 1135 -441 -391 510 -425 -253 133 -533 42 -384 622 406 467 -441 -1051 -102 -1059 969 -439 456 99 245 -168 250 261 -279 861 822 430 192 394 576 -787 287 -426 641 -193 200 -526 -132 724 -304 1333 -1088 -47 943 -750 219 -476 -308 -1076 -566 282 -222 -629 -51 1593 -392 278 -919 955 -685 -296 -574 -884 596 -65 -6 1223 -415 2117 -142 334 -406 977 1245 -135 -539 -556 -253 846 -327 -202 ]
[-814 -1040 -83 365 534 152 200 -568 -1518 139 -572 -457 318 283 684 -74 -251 -516 1004 -478 -121 599 149 330 -1411 95 -616 -9 1182 409 -361 -569 341 928 -234 -535 804 -46 -793 -226 878 291 -243 47 178 -870 -97 580 253 -425 72 -103 -366 472 62 -1472 -242 113 -362 -189 -279 -1754 777 766 555 357 371 -400 -268 24 -273 -177 -632 -1492 891 47 348 -631 875 -333 361 -641 211 415 222 -373 -148 -690 -445 -220 -197 -392 -187 390 -1109 615 -958 556 28 -779 449 947 -404 -618 716 -148 553 -42 -316 -148 119 795 -222 -200 24 40 217 -81 669 -285 716 -770 1361 -555 -72 14 718 998 ]
[-392 1054 106 -502 170 135 879 -124 299 -970 -13 -19 217 604 391 95 -607 272 -224 -566 -38 -298 -407 296 1106 91 -1462 224 206 -503 307 502 -253 397 598 868 -451 362 -542 -734 255 -97 1065 -276 -1394 685 -253 74 1184 372 -866 -962 -1086 -546 -396 -890 1324 -319 121 422 -253 2495 1253 -802 406 -37 130 44 182 -392 -322 -39 -428 81 -396 421 -786 -47 -95 687 419 552 -171 -592 -189 -925 116 -808 -116 -524 181 -30 -910 -192 1736 -695 -607 -373 1859 -35 1214 -941 28 -1044 -486 -442 -127 122 427 25 739 -464 248 352 679 532 -45 -42 -253 565 -282 1118 217 -186 729 -175 191 813 ]
[1155 -683 -950 75 564 -511 -645 -82 -640 90 1057 218 -978 -393 -266 255 6 -343 -49 -479 -216 557 -283 1224 -31 -84 286 648 550 -1364 177 712 736 278 -340 -180 165 76 296 783 -153 554 443 -738 -116 -610 -495 307 -251 898 173 569 -212 911 -700 -366 289 457 -1687 -629 252 -834 80 551 -17 307 -318 -1288 606 719 715 -262 858 245 537 -1640 318 -443 917 -639 -603 117 123 -400 17 57 461 508 -167 -302 275 -470 -153 -301 -653 961 668 289 -156 -410 -391 302 -479 -578 -229 178 561 -999 -428 -322 -131 1084 -390 686 238 -628 780 -910 529 -511 563 -1261 -667 417 -874 1275 156 -557 ]
[183 -711 -709 -772 902 -1068 263 725 818 91 1091 1016 383 409 -289 -110 342 373 -160 -236 -613 1445 -770 -589 899 -151 426 1419 -964 -125 -499 -492 -966 167 16 38 6 -505 395 273 587 566 281 -967 -601 494 -567 114 26 1242 -1084 126 313 4 237 733 -195 1222 -643 -276 -197 -515 268 -501 119 -619 -220 432 168 902 224 276 178 520 -338 180 -316 -408 -523 -828 -240 407 46 -261 50 -126 -206 562 -360 75 -1705 102 593 -3 190 306 -453 -273 -1087 910 -820 -492 -499 -431 -716 340 651 776 265 602 793 -176 -557 472 80 313 -1424 -1560 101 964 269 536 166 261 -322 -182 541 -448 ]
[-852 885 616 -77 219 -604 150 -23 -377 -347 -448 451 -6 -491 -883 -689 155 62 1119 -205 -206 836 -764 -143 -306 980 -585 338 -117 447 670 448 -372 -332 -171 284 793 -42 1819 705 -837 -836 -1157 884 -498 -799 11 -246 587 210 509 39 -519 1284 788 141 -128 -354 1258 20 -450 -354 -965 -497 -686 75 -75 456 496 918 409 -241 -959 546 -900 -340 967 191 910 -182 30 999 727 1061 -878 -520 368 -1182 938 -975 -857 -172 -1190 855 135 172 -239 184 -389 397 -1395 287 584 -774 679 839 -89 72 -849 484 -324 1427 -697 35 -1270 -241 29 -167 -700 -197 -514 0 -227 799 30 -190 -313 -429 ]
[-225 -77 -129 -602 910 172 -484 -1098 -324 -733 372 870 -634 733 -513 1201 51 -366 836 288 -255 979 -1181 557 -92 340 -144 -235 -648 412 -355 -615 -359 -744 1190 -627 -1629 331 -455 364 1365 -319 312 379 25 778 -134 -345 -668 193 -1313 -364 -130 -171 -78 362 -823 -156 424 1429 -549 -600 294 -380 -534 -127 169 182 1048 400 -116 1221 259 1142 1343 284 -449 -1240 755 -92 497 -353 415 -173 826 195 -434 790 -918 -483 344 468 358 324 19 404 591 -234 357 -272 -63 -302 371 38 305 104 805 310 949 -541 -866 -620 -1000 693 -445 339 -531 184 22 262 262 -426 -63 289 594 -738 899 1250 ]
[-359 444 616 -329 211 -311 -922 -816 -425 -719 -1403 -488 -751 310 1376 -538 21 331 151 -292 -583 -1206 1347 -1069 -150 719 -37 273 254 550 -118 -1191 -521 242 53 18 665 -72 627 60 121 52 -1403 301 -640 -339 930 -165 252 516 -485 -323 -10 -433 595 -2027 624 -814 1572 98 -175 659 222 59 354 556 146 299 -182 -1188 -582 -433 -498 -651 878 802 327 673 -21 241 48 892 -443 540 -56 -949 -712 -852 330 197 -329 -233 -1190 818 -599 469 -1350 -139 -401 429 -56 -585 -296 -669 889 290 18 57 200 894 684 -427 461 -321 -398 -192 507 -393 190 310 -818 260 100 570 117 -1114 -682 801 ]
[623 143 -16 -165 304 -604 -8 -519 631 677 -754 -315 280 48 -718 3 523 284 1248 -82 1109 -358 -611 -1291 1138 -103 199 735 -1574 -434 -642 -599 -242 339 365 -85 -929 443 -532 90 48 1207 -224 1138 9 -733 -287 201 356 46 64 27 -271 -430 -316 -525 1219 242 38 241 103 763 549 570 137 -264 -1 400 -86 -64 313 -276 -714 2 -158 -75 -439 490 -977 -125 -353 287 -866 -307 -286 -688 -376 -97 913 1178 -551 96 -182 -141 23 917 324 274 237 -62 788 -220 372 823 -204 -1501 -955 19 150 81 622 -130 1022 -827 1033 -519 136 -175 -212 50 -1027 215 425 140 168 189 616 -299 ]
[19 -791 -1373 -299 457 224 715 -716 842 516 -2 -491 344 -92 -395 508 203 -701 1303 -896 -283 853 -791 -791 -547 252 23 971 -206 1252 -796 -36 404 -255 -840 -81 -322 -247 -646 164 239 -504 142 631 122 -810 -192 894 -1489 307 790 464 465 -1078 -800 7 170 -172 -395 231 -2 154 600 332 -586 -313 881 -178 -825 397 620 383 -1185 -439 703 -239 864 870 -56 106 -155 -1045 152 -846 656 474 334 -1333 458 -627 14 -247 1555 -646 1444 -125 416 963 401 1204 311 1043 -270 834 -333 -522 -156 242 -285 627 160 4 486 -786 -425 -295 -1083 1058 78 -77 -748 296 -226 -174 587 595 811 270 ]
[-710 -458 889 -902 113 -55 -1021 -110 1470 -830 -445 -8 -143 -283 138 27 41 1352 141 1304 195 -194 131 107 -696 544 281 -789 -1481 1880 245 -1209 -615 538 467 -654 -406 356 -1035 354 336 209 -957 124 963 305 -184 -184 -729 -2 -23 -21 -373 28 835 -407 -119 245 198 483 -1069 -1083 -1496 444 -567 -110 -547 1423 -255 217 -777 642 628 -414 348 849 174 425 483 122 18 -83 31 567 -1377 -375 -81 -1073 0 -632 -827 -1077 -123 -267 -340 -920 133 473 -512 366 70 111 295 209 680 159 -306 -615 353 188 -445 324 661 -682 804 -38 938 -365 175 608 -533 251 -791 46 1094 -588 -14 795 ]
[-1366 1393 -34 785 377 -1098 622 -1514 -2004 478 -446 150 -191 190 848 209 938 204 -609 -620 134 -720 309 -1516 -728 444 -135 -424 517 -326 -475 -125 364 -588 -667 480 103 -1049 1648 480 39 -538 -663 1182 359 459 828 -14 -486 -606 22 99 609 23 -1183 -640 -772 -815 85 600 -111 127 -449 597 -545 611 49 5 -79 -108 -279 -641 -85 -222 774 -238 161 378 750 498 -159 58 -304 342 439 37 453 120 324 700 832 27 -442 -673 -737 831 -464 817 -126 -211 533 310 839 729 -298 -696 -722 867 552 160 1367 404 3 714 -878 -1693 -144 -390 604 191 -224 -292 880 -488 -615 502 -471 331 ]
[-38 879 -381 536 -300 866 -465 -586 -728 -121 1418 -193 897 354 642 210 -348 -475 -864 55 -718 -429 -585 956 -108 699 -514 -465 -205 -132 -608 -166 -817 341 85 -409 109 -46 -531 591 -264 -122 180 -683 403 1316 -97 409 14 313 -1169 -103 3 672 -77 -332 63 994 -469 187 373 -769 -527 -266 -865 -11 -181 319 110 582 -881 1396 307 -436 -138 -53 -779 -563 718 471 394 -16 257 -1197 -226 -706 388 188 -1141 -483 467 -142 523 518 252 -403 -747 199 -225 -423 -375 261 67 -1290 -210 65 878 189 291 1343 -552 -825 749 236 293 932 -275 -481 -70 186 -9 -422 157 -1121 112 -916 -57 -233 ]
[-1006 318 507 -509 -214 -26 -205 672 -436 667 39 -336 -863 871 -629 -1017 -27 326 246 -23 198 768 -4 -167 -776 175 -431 -571 -1750 1297 -922 -1288 525 46 567 -1483 -558 39 -897 226 1060 1080 -129 809 763 -7 -450 -44 -295 -10 -391 278 794 280 1007 -437 133 -125 -335 138 516 -771 -440 179 -203 174 1 124 -293 650 -96 555 -210 180 223 346 331 -902 -47 -503 980 344 729 62 280 129 -56 47 434 58 176 -347 -1152 1840 -1534 76 344 155 -659 1 -613 64 -131 42 875 359 -458 29 115 209 -127 1610 526 41 -75 188 1968 470 -220 -115 464 31 134 276 -519 260 -803 -190 ]
[-22 687 886 1048 148 645 136 -264 -1000 -53 -244 -1109 -632 485 -318 745 442 736 203 -358 688 -285 651 -1268 115 -272 -487 -691 -844 442 371 -377 1001 183 -487 -32 -799 605 -278 -113 -345 743 -311 1050 511 -815 282 -293 696 -546 1296 -740 836 -172 179 -1129 459 475 -658 -63 -269 630 -390 -151 241 -619 1105 -966 -35 178 179 -280 62 81 430 19 317 -177 -752 884 292 669 72 -813 -64 -21 -363 -314 192 72 991 -789 -362 1314 -401 -241 534 -295 343 -19 227 -235 809 660 78 -335 -821 -688 471 831 422 92 1504 -43 336 -31 1123 332 -31 -495 -382 673 1387 1403 369 1212 -172 -130 ]
[-137 609 1107 -636 44 -1234 -427 -346 500 622 -1318 400 -711 592 -23 -410 168 1223 -557 1162 -319 339 113 -69 651 596 141 107 -1164 290 -140 84 -376 -46 318 324 -461 -850 1061 -10 -288 197 -602 -635 -488 -951 20 244 1191 458 -464 -359 -236 312 -262 -212 131 -683 374 -399 -376 419 -157 1039 461 -12 -281 -656 626 -553 406 -750 329 61 -67 57 -251 -433 408 199 806 445 168 744 -1151 -427 46 629 428 -43 193 168 -867 983 -27 677 -140 -603 375 -959 -263 210 -194 -296 -160 184 -1042 -859 174 -639 81 631 -285 587 -295 -250 -405 -481 362 419 -885 -154 -141 98 -1085 -894 -251 705 ]
[-398 -1842 -1044 764 -483 -935 733 173 -704 1181 -774 641 -79 -35 152 -707 562 -637 -220 -1526 -632 -40 -1028 -971 -929 -139 70 -65 1750 1 25 -564 499 326 -694 919 777 -569 641 -244 551 -120 454 294 304 -715 -772 -334 -491 -207 347 1831 530 673 163 528 -802 942 645 221 277 -1355 720 -498 -187 582 -348 99 -1142 -597 -338 67 -188 250 -194 505 703 228 774 -215 18 157 460 -20 340 1555 30 -75 -710 -755 -347 267 1264 404 -434 -229 -623 279 -664 42 555 38 -1232 -514 969 166 -575 996 -33 190 575 -100 115 40 -164 869 -1376 -268 -684 -439 505 -201 329 -13 187 265 -69 488 ]
[-47 -177 338 1122 -746 -133 281 462 -383 246 -385 -243 315 893 61 9 178 563 355 -820 967 1115 -325 -256 -531 -261 220 -1064 -787 -670 -289 671 105 -290 402 -1015 374 414 -578 87 -534 -579 1151 1561 522 347 -633 -185 270 -41 169 -500 119 313 1108 461 -120 42 467 -294 -352 472 -97 693 -777 -193 40 494 1290 -349 106 -1354 628 444 -1148 -872 74 -312 -180 247 251 701 -896 -104 1100 47 491 40 -305 -1141 658 -197 -958 -494 -292 1076 520 534 305 -377 431 -948 -1098 253 905 -283 1008 348 79 -379 -1283 -439 -1771 -819 -236 728 -1294 190 -1346 -246 201 -394 772 17 -237 -182 -371 -617 ]
[918 -792 78 568 777 338 -386 -287 122 -201 -76 -665 -440 118 125 334 853 -593 671 -149 46 88 36 -127 935 -1402 1246 1057 75 -1132 -51 588 -294 814 -932 -565 -350 -109 -669 -4 1026 107 675 -478 89 399 -371 -240 19 206 793 -731 9 623 0 -1086 677 1504 -462 -634 -84 -627 1647 79 846 -258 276 -706 60 244 70 649 -427 448 256 326 -1076 -678 -743 -568 -749 -365 -284 -618 -430 0 -383 -348 -1154 -406 -28 352 1123 128 513 876 873 9 -92 -370 -97 454 -514 -359 -309 -288 203 413 -676 460 141 -625 -259 -483 454 886 -521 483 -365 -280 -693 -713 -358 344 235 -11 391 51 ]
[-1016 381 598 578 165 -617 459 515 402 536 -878 -312 124 -256 706 -236 -354 1638 -91 -710 664 294 547 -1227 -807 -274 -37 -114 575 193 -586 -129 436 39 -484 108 1026 -291 429 -609 -56 1465 -542 666 452 -266 406 840 84 -1043 995 -301 610 541 -105 -599 123 -1084 332 -674 -1028 -1214 79 1127 31 288 -919 -758 416 -467 0 -1194 328 -837 -1193 -126 334 1187 -700 644 -256 -786 -1046 734 -360 39 271 -126 623 -135 -17 180 -409 -569 -20 752 -739 -516 -519 -542 -302 -147 -569 169 67 -499 -75 -223 -506 606 353 1573 -167 27 -1254 126 27 -613 -744 -614 227 605 -160 310 -1024 253 473 538 ]
[323 -935 -47 214 31 -1022 1251 -302 -108 -385 -308 1198 19 -291 -948 720 914 289 346 -629 463 -414 557 -1033 237 -955 -503 -929 -377 379 503 -732 137 283 763 196 533 -413 332 -92 40 -159 -172 -304 -627 57 198 -226 -3 515 -335 585 -290 -798 -706 -765 190 1049 1302 209 268 -51 542 -285 67 165 -64 -520 -646 406 245 -25 68 253 646 202 -613 -54 72 -197 187 -335 78 245 -107 -770 -29 -225 -13 125 -734 -1272 -11 432 -593 537 37 278 396 -784 704 98 454 -623 -554 180 -753 -1293 170 -750 77 -1332 402 971 289 225 535 -1011 628 534 -282 374 -857 392 1207 732 520 -300 ]
[-179 -96 -466 -18 639 -220 249 1118 -511 -322 -697 580 762 827 -332 -1333 160 216 -1278 -633 -287 -512 21 -906 167 87 -756 328 169 -676 550 -100 -676 -601 -606 1194 318 -1845 210 351 266 405 -85 180 -1498 -318 500 224 157 -790 -424 -576 -942 77 781 1094 30 -843 -722 305 152 188 552 -150 71 -234 422 260 112 752 182 265 -866 -150 -351 314 760 320 14 -173 242 73 -1038 867 1025 -1477 -142 -407 526 580 -724 315 12 -379 233 -588 -801 98 -838 703 634 -582 -558 -1323 -420 -775 -41 8 -525 -192 1379 369 -63 -181 -17 595 -69 -122 129 511 909 564 496 199 -709 -537 -668 217 ]
[608 1382 625 365 -838 -154 -73 41 -378 148 734 602 -77 -6 -232 -346 -161 -255 -181 294 -525 198 -562 468 99 -641 46 545 -481 -384 -281 131 -186 109 243 -159 -1065 190 671 414 -278 501 94 666 -686 152 -314 420 -48 -373 -864 377 598 744 -568 1437 1114 -62 -660 -854 504 1169 -838 191 444 -188 -212 -20 601 1390 49 473 -333 393 467 -421 -628 -292 -1283 -219 -1084 -515 212 -487 -801 -217 618 686 695 -85 521 366 -699 -85 -254 -638 475 -453 -581 -289 234 -119 620 -401 -850 -114 -527 -279 256 297 -75 243 1534 782 459 176 125 -707 27 -234 -273 78 -195 -405 93 294 -546 -750 ]
[729 440 438 -742 540 352 -284 306 391 -449 335 413 1087 459 579 366 158 782 -453 406 -521 -423 259 -918 814 565 -651 -1001 -1573 -465 33 -967 -267 -1042 1009 717 -775 -450 -1659 742 -228 540 -557 981 -323 280 369 -218 417 986 -949 -1400 -399 -796 583 -267 739 -789 68 47 896 2375 -425 75 -359 512 1085 239 364 -245 -218 -41 -119 -362 -731 -563 358 -42 -271 -66 711 -351 -397 429 835 -1093 -92 -647 698 -6 958 -721 -986 -469 162 180 697 753 103 -114 1384 -1631 116 296 746 -941 677 -117 490 -569 -268 331 -440 -807 70 -487 -69 568 -748 -247 -466 221 1271 -490 -230 -110 -461 -1234 ]
[870 -595 284 341 78 751 -328 -177 -764 -819 181 173 417 -853 489 -115 407 -938 468 -408 -403 240 -520 138 -420 -531 993 415 618 -850 -113 1424 -436 299 -1103 -508 141 -67 378 -318 299 -1574 34 -1071 -375 224 200 -41 859 -149 -127 -187 -98 679 -8 837 -761 958 714 -6 -455 -1005 1585 87 85 -116 -96 27 -46 -106 7 44 6 347 627 470 668 -420 106 21 -1408 227 889 6 157 -600 -189 409 -787 -763 -922 181 561 454 538 337 -278 -194 -383 606 -1167 760 -622 -425 -1088 -197 393 -644 -1145 529 -129 -1011 155 -25 185 753 -92 833 469 -178 713 -210 -246 381 -8 -505 440 -102 ]
[-547 -495 -47 1111 467 378 -9 143 -691 -654 739 -1394 1120 -248 52 807 -391 -750 1193 -659 991 74 448 -656 -557 -268 599 641 397 100 -318 938 702 95 -553 500 1277 -100 -392 -204 -88 -545 393 170 408 -566 -159 -186 -234 -168 974 389 595 -713 -749 594 537 812 -970 -224 -272 -756 309 23 -661 -718 1 -645 -932 -554 530 -1037 276 -134 432 42 731 392 -176 -314 -386 -64 -873 -698 790 -1074 28 -916 -799 -430 -308 -1269 732 -493 -346 185 -400 1126 -154 11 -602 -340 -829 -195 8 150 -214 856 -374 518 536 -241 199 -1118 -282 -331 -403 -193 196 524 366 -379 271 -446 -567 156 641 149 ]
[278 64 -503 162 -605 2067 -672 1315 -1040 -388 241 -393 -815 -411 225 734 -653 -4 112 403 -187 -668 919 1040 -865 -233 -93 -587 525 306 -39 216 -258 -149 133 -793 519 1069 -201 -1227 -525 -377 -219 -665 728 371 714 117 -51 60 607 36 -149 -274 -547 -268 -319 -545 784 88 75 -292 102 373 -59 70 1202 221 -408 171 -89 289 632 -1481 235 -261 197 -159 -571 1110 354 -719 601 -943 269 749 -68 452 -635 247 1075 -314 -12 544 -263 -506 -92 -921 135 -350 -68 656 978 165 109 -418 492 -953 287 214 -272 -303 503 677 151 1344 1522 -270 630 -810 274 309 -212 627 1112 -288 223 -545 ]
[349 1487 1128 -1332 -226 291 -1353 -1525 -34 218 84 -202 -414 1004 751 575 -772 -1413 123 1785 -568 344 -153 1502 136 461 -283 951 -827 232 323 -50 -1507 -1012 1340 -561 -738 -541 -610 687 313 -376 -433 515 -41 390 204 341 25 507 -1175 -997 469 100 465 -33 -956 -815 476 853 349 920 -220 -708 50 -215 547 1340 522 52 335 924 -482 139 295 318 -1426 -265 115 302 690 489 330 -384 -327 -125 -418 825 -120 32 403 774 -1584 702 759 -218 533 293 551 734 -555 317 850 667 292 315 13 621 -69 71 -1099 -844 -38 131 -313 -16 -606 288 607 1169 -999 -419 1176 573 -228 -1727 -951 711 ]
]
