[[426 -477 -771 22 -518 -172 501 384 50 100 -197 -285 238 -106 -260 402 -646 -784 456 124 -210 237 -538 -333 -274 67 786 -315 -495 280 -96 -316 -513 337 -59 410 58 -120 -853 -264 663 -736 117 -404 713 553 -403 -346 791 -902 263 48 -170 292 -181 541 138 -686 -90 -465 -274 74 117 762 68 149 -40 -46 -635 -89 -1097 205 825 392 96 325 562 753 -673 -240 242 -128 1167 34 65 3 634 -462 -20 86 94 480 346 81 370 112 -324 334 -402 437 124 490 -536 280 528 481 -460 1 -919 92 177 80 -97 -374 26 -673 -307 -150 381 -514 -229 257 -429 -542 312 416 127 211 ]
[-605 284 -565 209 525 178 121 786 594 44 43 67 -333 -121 123 -464 729 460 -1606 -65 -28 -298 432 1027 -97 -253 -195 1003 -217 67 -290 -390 -165 -508 -7 -726 -524 17 248 373 430 526 409 -583 38 214 -552 201 -101 269 -169 608 -521 56 397 248 591 29 191 -272 -168 124 -655 586 -174 -191 -718 -98 -866 -217 412 837 220 -214 -177 -673 266 -668 46 427 -158 -417 86 -268 361 -913 194 -77 216 -780 -452 -173 -116 -41 25 -412 195 -19 -79 -398 113 106 -401 -99 17 -316 -200 -349 385 -3 -377 -157 0 281 -17 -783 -570 1152 511 300 177 165 451 -635 229 -432 37 -344 ]
[-140 882 -507 -28 20 54 93 386 -421 60 -765 -394 203 -77 491 817 -290 -276 -373 -218 70 14 -837 457 584 374 -476 -4 899 168 -148 -502 219 -496 -148 -230 -1431 119 -496 -341 383 -308 360 -51 585 -76 83 -124 181 488 -877 -2 -598 134 53 736 -177 640 450 -904 333 -30 -466 620 829 134 -179 240 -51 -258 -242 150 -619 -94 -444 -325 140 909 -721 181 -289 -701 -357 -71 74 116 -4 177 57 -151 7 -113 661 -111 -283 -1100 -150 -3 -56 -427 342 711 48 358 -167 307 -873 53 117 263 -651 273 667 -4 -91 151 74 137 339 -483 160 -125 25 -626 122 -675 -553 1079 ]
[560 -618 505 378 -295 -287 -116 -371 -36 143 1221 -370 -829 544 84 120 -152 240 358 407 800 -413 62 -904 -74 131 -291 245 -97 -585 173 -322 -328 840 -270 -207 909 -55 340 39 165 382 -546 -562 -385 -136 -273 202 -873 -439 409 169 335 -960 -44 -754 117 180 43 656 455 -281 69 -896 -543 426 -44 53 784 118 -529 -402 -414 -896 911 -279 -519 -582 -375 -181 -73 -261 599 -203 -774 762 -358 1123 -43 158 10 -794 -576 117 -924 723 -275 63 -23 830 143 -217 383 31 258 462 954 203 -719 -183 361 -55 -382 138 -160 -543 -116 -433 -355 -911 58 484 -247 -200 678 355 -131 -870 ]
[-165 356 -248 -675 -913 -241 20 332 -810 97 -314 274 546 -153 -434 -208 -317 218 637 47 -289 -18 -876 -183 469 -307 613 -820 -75 -22 454 820 -3 -348 108 884 -266 940 270 -515 -2 -783 537 -299 134 51 204 47 616 489 -320 -110 -55 735 -364 350 -155 -80 83 715 390 663 168 680 531 -196 684 -356 583 -745 417 446 -26 -366 -481 133 -279 -90 -111 164 -255 359 -248 213 -221 -828 226 -578 -31 418 -327 301 -504 31 689 338 -115 178 -120 177 162 391 -291 388 -721 494 -854 695 -499 656 -37 -333 -249 -246 350 1780 298 -61 252 1006 641 -459 486 171 -568 142 419 502 ]
[327 -526 332 -461 943 732 542 164 183 -376 273 -87 532 653 67 592 -647 -468 -593 773 -413 -138 472 1053 -109 -297 697 -748 407 -45 -163 -106 129 420 -415 18 1011 122 -203 405 165 -549 -115 808 519 962 -396 -903 233 -328 78 -86 -281 519 398 478 101 -395 508 -1045 -240 514 -497 736 245 -226 -169 26 -617 546 -321 541 893 504 444 845 703 734 18 311 2 253 533 -674 760 14 74 -755 106 -1051 493 -154 259 -22 9 418 187 -176 79 -311 -106 131 164 -1038 -271 -630 -388 -377 263 412 -172 330 476 -428 -415 -352 -158 162 140 137 -443 227 -519 -454 560 -499 -200 -963 ]
[-518 -90 -1179 -220 -480 -483 110 522 -1065 -353 -591 266 441 -227 400 104 390 322 -374 -241 -260 681 -860 -177 589 113 165 -225 -223 296 216 456 239 -881 -252 292 -894 -495 -411 -52 463 -722 430 16 846 -370 333 -186 311 112 371 -659 284 -386 140 -278 -394 42 183 489 268 129 477 729 329 622 -404 431 409 -587 -496 -441 56 -312 -288 -420 622 -6 100 28 -564 507 -619 318 -261 -45 347 -493 68 395 61 -69 -684 475 393 -1429 -634 324 -419 -381 103 1023 -569 -404 -918 -132 157 789 116 -41 -206 327 -606 -111 800 870 -36 -134 -273 0 -148 -891 780 207 -332 256 840 947 ]
[467 758 155 -556 -32 -11 -331 -291 -395 -32 -1084 -871 554 -683 -6 204 -576 -476 305 -365 -472 9 188 286 277 -250 -614 542 475 -158 -916 127 59 -847 302 -513 -297 -39 -462 -696 343 1116 374 266 158 222 -137 -611 -91 83 -649 -124 -17 107 -372 476 -87 630 -801 -1175 122 -253 -168 321 1015 -107 316 816 -11 401 251 165 16 -24 -287 -19 -492 2 -557 -498 -223 -611 187 337 343 -817 155 -641 -260 311 -28 356 950 -265 120 -123 -320 196 1320 -668 -59 805 -577 519 196 8 -758 -384 441 -50 -347 56 199 -973 -758 -503 707 145 490 -370 464 71 -122 563 -847 163 -316 619 ]
[323 211 255 -18 704 511 -586 -115 53 -99 801 856 274 -451 -290 -254 -44 -49 -93 369 367 245 -216 505 -556 36 496 -744 643 -594 193 171 269 217 -218 637 283 582 -309 -246 -918 -144 -129 354 -764 186 260 -245 332 697 65 -208 -858 923 206 801 -21 163 537 56 -30 368 -197 143 -320 -957 420 -888 126 222 -454 269 11 964 -200 716 -263 408 46 420 -18 -26 482 -266 53 -22 886 -462 240 -270 397 58 -713 233 -348 23 47 360 -596 -144 -543 -316 493 -415 -341 -467 -597 346 -210 505 -255 -696 728 -916 -208 59 -273 -779 -297 1636 -459 -336 26 -147 158 -244 -805 133 ]
[430 -69 631 -678 -340 -212 -321 -724 -215 -846 -175 61 192 -440 231 667 -940 -116 -187 -788 -333 217 -15 439 274 -40 896 -684 678 249 -775 592 401 -286 -648 219 214 2 -767 -97 -76 -143 -114 822 -111 654 631 -860 472 -997 328 -331 -458 1010 137 171 -398 298 25 -144 614 385 362 496 32 -80 1100 394 389 445 -256 965 137 213 1050 414 -187 1000 -301 159 -331 -63 -339 534 467 341 420 -628 695 -283 634 335 590 625 191 481 -201 891 99 -221 -423 -121 -94 -364 -678 -405 -326 -24 320 235 -677 -279 174 -1019 -163 613 1263 -200 548 2 -278 -803 207 -304 -224 112 -697 287 ]
[-56 572 -400 -630 -26 -667 47 284 -92 375 -486 -140 -425 -107 -186 -480 493 637 151 270 -148 -40 -843 -796 662 -41 -1777 1316 327 259 -407 326 81 -438 -339 285 -1237 -128 495 247 292 782 630 -1656 -102 -215 677 883 -344 338 -337 502 -809 -89 103 62 486 967 37 352 282 -247 -295 -17 191 136 -353 603 -279 -431 884 -403 88 -506 -450 -1174 -426 -402 -1079 412 -887 -154 138 -948 -770 -962 -148 618 -112 974 -1173 145 -127 185 -409 477 -79 447 181 -710 594 894 5 965 -556 11 119 216 75 93 105 22 -48 -48 -358 178 -304 437 76 172 1177 10 955 -108 -367 -424 667 485 ]
[-231 -429 702 -262 -45 -477 46 -806 1027 -774 -136 588 -369 -360 -1062 280 54 -56 1027 -195 -238 460 785 -256 357 -235 780 -249 -539 1265 -600 1173 367 289 -88 539 528 -501 -342 -73 -50 142 -293 -14 415 717 173 -109 684 -1211 325 -350 303 1280 -44 141 -291 -453 -866 684 -496 -326 415 -491 -334 -239 695 332 -718 211 544 487 613 278 766 299 -615 514 -230 480 -19 204 367 87 -344 349 109 -138 -1012 652 -581 1351 910 277 695 1289 140 424 12 448 -201 -502 -993 156 2 514 599 -186 132 162 480 56 201 999 243 946 372 599 94 561 651 -258 -8 616 -934 340 140 807 ]
[-102 -257 67 266 3 -128 393 300 -516 810 1337 -743 22 114 318 -578 322 1128 -1172 -387 -641 -673 320 446 -346 -125 -456 -197 -136 -1494 609 -282 -64 -290 -443 -500 1151 463 1289 -267 1011 -274 22 392 -234 -333 -653 95 -955 22 798 597 -190 -1095 1126 -1460 781 -325 -59 493 -12 378 -60 55 815 433 -502 -108 304 -275 322 270 344 -1091 -652 -585 399 -1542 425 -148 -254 312 -230 -53 -274 69 -665 -616 163 -890 753 -362 -954 -763 264 15 154 -374 418 137 -81 -421 391 -575 12 -242 570 28 578 -124 -126 227 -820 64 48 424 -544 119 374 -347 326 117 502 -263 235 -355 989 -1893 ]
[302 -862 -365 -676 102 -495 -168 -213 4 32 768 221 638 -470 -817 -683 -373 -642 -204 570 -72 -131 -841 -362 10 320 -505 -355 297 -453 -258 -144 -261 358 -212 852 615 -141 -294 69 494 -551 421 -234 574 209 127 230 103 -531 1022 467 -818 -151 740 -344 820 -30 441 196 -247 377 535 308 571 65 -103 -270 -558 466 -733 -34 664 462 -201 440 153 0 -92 169 -318 690 1178 -983 -425 654 -7 -2 -42 99 373 -496 -262 -413 -266 -132 276 401 -671 -683 -51 402 266 -115 45 -588 898 283 810 497 455 -625 -165 -707 -31 475 -569 -1352 -134 82 207 325 -97 -202 -136 -147 579 -544 ]
[-494 229 45 -714 -270 248 410 480 317 -409 -584 575 816 1 -781 -1108 -282 -917 -160 1019 -359 -265 501 69 549 -916 -368 447 53 669 -20 1238 -116 -7 509 128 299 397 183 154 87 -192 294 -146 684 527 -752 -68 401 -98 -685 441 633 417 -860 719 -22 406 -475 -818 24 1087 -574 892 693 -632 -695 1147 -407 -16 867 623 122 -82 -300 902 -44 -518 223 724 252 348 501 -529 581 -1948 -416 -201 -428 365 -797 -213 125 125 130 728 680 -542 834 -214 -593 854 -833 -41 -296 -235 -331 -265 383 562 8 -180 -228 -65 42 533 644 525 -445 1009 1012 809 -795 -73 -499 243 271 -497 ]
[-431 317 245 -539 32 -835 159 122 168 16 46 -616 -651 358 174 148 443 230 -456 238 -627 573 552 -158 391 -835 -62 926 -583 134 -426 405 188 -556 204 -862 -426 343 1267 -116 418 1790 -6 -721 -264 -604 33 92 -604 1452 267 -1047 408 -1 551 642 144 154 -304 620 260 -396 -65 -411 343 -209 128 -46 519 -304 1010 -313 644 -962 -5 -1223 -261 -729 23 -317 -409 10 116 297 -670 -875 -310 -191 -917 -374 -578 529 207 -434 198 -289 -117 84 853 -624 721 239 -648 -260 -692 186 75 -54 586 185 23 72 -61 735 150 770 -57 220 14 616 677 647 262 1358 -328 -133 140 351 ]
[47 -287 522 -178 575 774 183 1034 280 114 -136 -1003 560 -481 -246 268 698 536 -494 -18 62 -431 832 908 -995 -69 778 -463 -177 -659 745 5 -150 -536 -348 161 1241 796 513 773 -44 -295 288 550 -378 616 -135 -312 -15 -321 -532 883 -1057 579 -491 309 810 -861 -99 48 247 74 -496 966 214 366 667 -830 -1252 -296 -197 1176 747 73 327 75 76 33 -305 473 -127 360 -22 -353 27 -950 353 -1618 794 -947 -273 283 -257 -17 465 1014 -17 -5 -353 38 238 -393 343 348 100 -214 -862 -360 -224 259 9 370 -338 -497 -663 46 -462 1135 1500 517 -324 -35 480 46 -339 -104 697 -734 ]
[347 111 36 75 -100 -857 35 -826 -353 110 -916 -198 -23 -85 178 -924 -222 586 1014 -1163 -611 -269 -80 -250 84 718 -1039 247 -251 216 -555 -43 -385 -77 69 733 583 -1023 93 308 600 -663 -187 -626 768 -4 593 743 294 -1083 595 226 248 -88 482 -1280 70 134 0 -368 -188 -199 601 286 -172 282 -81 822 -323 285 679 -1172 263 -247 276 474 93 -272 319 135 192 129 -85 445 238 936 -17 -179 829 827 -239 68 327 384 536 243 -86 7 96 -11 -131 -661 1 170 538 -550 828 -194 971 -104 746 -460 -854 -756 21 54 754 -239 -396 -1156 743 -553 610 -109 -194 447 817 -251 ]
[-122 -369 -60 -11 -357 577 -635 -561 321 208 283 947 450 1110 -201 -377 -802 -423 -245 -133 61 -284 -775 423 596 -527 999 -734 354 73 269 -199 414 94 247 425 -584 1172 -582 -285 -1063 -540 200 481 -465 -148 -124 131 359 1154 -498 609 350 483 204 315 -328 -219 661 -7 153 828 -93 -55 -297 -860 724 -1040 566 -281 895 730 -558 97 -443 -569 -26 -471 380 512 -357 -98 -1195 251 8 -314 -257 136 66 -207 678 -1149 -617 -447 -174 53 964 -422 197 -421 128 -601 435 -470 -177 -751 -456 660 417 461 -404 -677 -213 -519 -152 897 409 -390 305 887 -429 -138 -10 -108 94 -520 -988 -797 ]
[-18 -15 -133 34 -569 -346 236 245 90 1140 983 -666 -753 -1276 229 -259 300 487 -164 -521 73 -703 -125 -852 -503 622 -744 208 -182 -644 600 -54 -860 620 -211 148 106 971 744 40 585 -336 -254 -549 -920 -1153 95 363 -660 -148 428 -427 -765 -136 354 -764 184 326 705 1201 324 27 -78 -394 322 274 666 -584 467 -564 -401 -349 993 -490 -333 -59 509 125 -81 -844 329 188 -120 -69 -84 205 -72 499 187 -455 98 11 -255 350 -403 579 67 -156 -623 553 77 -331 502 471 195 422 206 -38 0 221 426 443 169 554 796 151 -519 -693 -221 -406 -166 125 -372 -438 174 -189 -335 -606 ]
[670 80 206 809 -117 153 -397 843 -98 -92 694 184 171 -407 -200 -1004 342 1220 661 -366 365 -248 455 305 -1589 772 752 -99 -716 -772 482 -717 -233 105 466 1105 200 69 738 -348 287 -225 -7 -493 -533 -211 -460 933 711 256 473 746 -656 395 -336 -294 723 -1029 -352 288 -98 -504 443 311 -1288 -633 274 -1013 -635 -831 -693 716 -403 501 -42 905 -102 -153 57 -185 276 213 940 623 28 106 830 -708 1538 -274 339 315 -356 112 70 30 -361 290 -1580 1197 -331 -760 350 478 943 440 -395 -558 -744 321 212 -665 -404 -309 -223 182 248 -112 78 837 -448 -231 270 -532 418 418 144 -78 ]
[385 -525 -453 -617 133 -68 -185 -91 -536 -424 -387 652 479 -65 -465 -183 296 -22 7 1064 16 740 516 215 -218 -303 19 -247 188 946 -564 190 502 -319 -461 -241 -508 -374 -324 211 -346 755 110 457 194 382 558 -465 612 -63 288 -166 49 286 -855 28 192 -166 134 -339 186 183 579 -579 -445 -50 238 443 -136 263 -151 -128 -93 662 446 277 -873 182 83 403 143 -108 301 -653 255 -547 -243 -131 432 420 -112 408 113 -19 250 -41 -316 412 -219 -567 -150 1082 342 679 -541 -656 236 425 -746 -560 464 -637 70 -451 -682 -754 850 665 43 189 -397 -718 112 258 85 592 401 1072 ]
[-464 244 1047 156 637 73 -8 -254 639 -583 619 -121 238 719 173 -723 -181 -542 -260 226 -783 -337 616 481 -323 -732 -975 583 307 -35 -1054 -611 -355 0 855 -685 803 -27 523 654 432 646 887 -16 572 861 -122 202 -524 -335 -488 884 -285 -856 132 476 536 156 -558 -1301 -226 162 -467 562 813 -200 -671 532 -655 49 34 924 -231 509 469 183 493 -302 -111 -14 572 315 1048 -438 459 -143 -400 -92 -91 -1117 -162 -319 1364 -905 188 -41 643 306 1050 -241 -113 -107 319 -252 336 -62 -471 -1542 1062 -71 -492 228 129 -356 -637 -356 -38 411 193 -336 461 1586 -1012 195 244 -223 922 -1423 ]
[162 -4 184 -1805 158 -32 -651 -25 -214 -413 -397 687 -52 -16 -497 -425 -446 -69 -22 -471 -216 -220 -186 -473 398 -466 256 770 -995 208 -812 764 -86 72 491 -53 177 35 -434 599 -90 555 878 -392 -422 549 591 101 -466 -484 -55 -170 874 -285 -19 -691 -401 -956 -502 822 -148 -300 735 -427 -275 334 825 193 140 328 436 61 509 504 127 470 773 415 397 -855 296 1055 -593 128 639 -93 303 230 -29 -60 478 -255 775 -440 -172 372 -126 720 -160 -334 212 40 7 -306 -710 -437 -1 -369 1034 -354 -253 -70 -54 -327 366 175 630 -349 -89 -553 -659 -173 78 816 -949 121 877 -163 ]
[19 336 -114 1127 180 -397 623 251 -73 -577 -78 -34 225 95 1097 50 894 460 -89 223 -608 912 332 614 -435 1060 -690 -766 1146 258 549 -267 324 -86 -355 456 165 -611 157 626 20 -1299 -469 1001 943 161 467 -446 303 99 -128 16 -869 223 -58 179 -909 268 105 -667 -405 -163 -306 623 630 248 -602 962 11 -879 -919 -289 -520 317 -78 669 870 948 111 538 1 396 -209 -842 97 52 477 -786 675 148 121 295 83 883 158 -776 -435 90 -1021 149 -260 319 29 -762 -384 -38 59 -864 581 826 -427 907 414 -425 -156 1044 -428 -101 -876 324 -319 -103 -483 -293 544 -902 242 320 ]
[333 -677 130 -58 707 567 442 356 513 -324 -65 388 -79 411 -834 332 303 -482 93 -355 548 657 -858 -876 240 519 120 232 -605 -89 434 230 -231 467 -721 -130 352 -1400 -698 376 -447 -307 -127 -711 122 696 249 291 517 -1005 241 1054 -311 -83 215 609 563 -447 188 358 695 -455 254 862 -554 989 -792 163 -965 1066 -671 -405 -173 457 1019 -4 729 905 -694 1455 -328 307 549 -263 -1101 662 419 -210 -127 832 -184 236 -321 732 -1033 548 -86 10 -830 227 152 -854 -332 201 -29 113 262 580 -636 -69 -135 -180 -561 -178 266 125 -692 -423 249 -427 -122 -462 887 -444 128 226 176 154 ]
[108 154 -1764 271 447 138 -415 -269 -146 361 -988 762 377 220 -653 -115 226 165 1015 12 -484 1548 -971 -379 -309 1272 -380 -422 69 599 220 -2 868 -220 -575 430 -1122 -1214 -1335 -370 -380 -718 -502 -643 746 680 443 147 890 467 45 186 -50 256 698 573 -633 -974 81 -767 -830 -351 835 -255 -253 324 -848 398 -622 -22 -358 -1196 -504 1629 -1258 153 22 758 -388 1195 128 -359 -24 86 -175 716 871 -405 -398 1114 533 959 -234 -384 81 -1597 -180 -650 -926 -292 402 639 -185 76 -189 -460 430 783 -175 -13 45 -238 683 -756 8 366 -1043 -237 -337 108 -443 -1262 351 712 -112 486 737 1299 ]
[-757 -163 -197 642 43 -318 -24 616 406 691 313 471 -167 78 -296 642 1057 -322 -1097 -20 105 180 -180 -66 185 1 -667 423 -655 269 832 168 433 44 -414 -541 -587 -50 -168 277 237 -121 -321 -70 511 -224 156 83 -1046 -285 -368 20 116 -1576 217 116 -82 -205 655 479 513 -282 310 -329 -34 650 -1106 322 91 -179 -611 177 -1045 115 -623 -670 462 254 -443 647 16 -89 -410 -61 -871 1230 -774 1259 -987 -715 -99 -334 762 -767 -1066 -1700 280 -645 -439 169 235 386 41 -302 87 206 1089 562 988 -223 -286 -79 381 1641 1182 965 -473 -144 -324 -588 -445 636 -280 566 116 375 702 779 ]
[-428 -52 -1147 382 -1684 -101 -338 -33 -785 749 518 691 412 207 308 111 80 402 -733 -256 179 -332 -1159 692 67 -82 993 -1035 -741 -379 68 -921 -577 -12 165 -398 -735 454 -423 -258 -142 -28 842 -92 361 497 557 -500 101 192 153 1344 -467 -1595 -80 -240 100 -243 948 1005 163 35 787 319 -770 271 -558 -746 834 -74 -979 445 -477 275 501 -20 217 -512 189 -218 282 406 221 -92 663 443 306 448 506 -285 126 -169 -427 -683 692 -1323 -598 1241 -651 307 22 793 -12 -111 -55 652 -394 731 -1081 -404 -76 -702 -293 -606 277 -452 -939 -265 383 -650 -959 -411 252 -367 1185 88 585 179 ]
[456 -104 1499 457 405 -643 -584 -1362 347 -454 1504 154 -433 459 759 -106 -616 -147 676 -832 146 -401 -591 -67 -387 272 -387 -362 1147 -423 -451 -432 65 619 220 182 772 -5 -10 162 -575 -455 106 171 -705 -169 1046 117 -630 -363 869 -306 -759 331 759 -627 -155 1126 237 546 208 -41 42 -388 -299 95 1031 -1501 411 -24 207 -45 -530 -612 171 -593 -1275 -111 423 -454 295 -397 -473 -15 -402 1538 -172 1073 259 -402 64 -726 518 428 -249 673 -138 627 54 158 -177 -1049 1300 399 603 -327 361 77 703 -247 180 -594 363 -300 -799 -38 547 -968 71 358 182 200 -612 -560 510 -578 -734 -926 ]
[214 -29 712 243 700 730 -202 -193 -86 460 598 -55 489 -414 -883 46 -557 -694 971 -934 258 -534 -1123 -2 343 -182 -170 -1445 336 -786 733 -120 -395 558 -841 -33 1067 907 -648 -159 318 -1314 265 -256 -117 551 -458 -31 322 -1164 -456 219 -775 303 216 546 -501 -94 398 59 1080 309 -315 1183 1131 -41 1440 -360 -170 -478 -657 177 -59 -90 -265 290 -327 263 -484 785 387 -418 -79 313 -836 984 344 -599 -705 -783 -229 -772 342 166 -589 646 -159 -534 -373 964 -507 -1593 751 1181 359 644 -1189 1204 -127 545 -165 157 -315 -512 193 752 146 57 357 -402 374 -695 -292 -675 -147 55 98 -423 ]
[-1676 450 -639 762 -312 -431 251 578 -282 19 -190 -354 281 -332 250 -32 741 180 -1221 -17 669 -217 -351 1180 -401 211 89 -737 692 245 297 -611 744 -12 -14 -139 -432 -250 360 262 490 -612 -23 -416 1493 230 -74 274 280 -281 165 456 -723 -318 581 -141 -392 393 992 3 -127 475 57 1364 587 412 -560 -386 -483 -954 -729 770 -961 -434 -653 -112 -677 -422 591 482 9 80 -131 -217 144 765 143 475 204 -642 -1248 -636 308 273 1209 -1929 -108 -183 -926 411 -52 467 -449 -2 80 1074 -161 550 214 6 46 -446 269 624 586 930 -1135 248 340 586 857 -443 386 -119 364 66 624 591 ]
[-292 639 469 400 1013 1144 674 -513 -284 -21 -510 29 73 860 700 781 -112 44 -400 -1034 -649 373 107 1559 -74 -490 239 399 1169 274 -725 -105 750 -603 -129 -46 -388 -564 -611 379 -155 -658 203 840 933 712 382 -609 995 -786 -210 -60 -489 140 603 561 -211 674 705 -1706 -280 617 -553 1730 -107 57 -666 -89 -995 357 364 24 46 104 165 -578 717 484 74 1056 -473 26 -132 -162 485 -90 221 -794 691 -417 4 -83 632 1181 1064 -453 133 -69 1509 -527 -397 201 -137 -901 347 -880 -800 -261 289 -817 -246 671 -35 -627 -991 -747 118 890 514 55 197 -412 679 -206 297 538 -19 -633 ]
[-1065 -592 -133 153 832 -262 328 258 335 -471 1244 389 221 -1325 -587 -1849 1718 567 -1159 -47 212 561 62 -878 -668 -618 -892 279 -333 104 93 701 173 -447 -245 -217 54 108 570 -337 156 80 391 -519 -264 -1114 877 692 278 521 425 71 -869 769 861 -287 705 -155 616 1025 539 557 -394 -15 318 -381 163 -377 -327 -688 -98 -184 1483 328 -594 -807 177 -708 -410 -42 -286 364 -462 -243 -1214 -315 269 -1064 -161 -24 -314 464 -1280 753 567 429 390 283 -613 -560 -231 -384 -62 306 -463 158 3 630 -201 -116 -71 -409 -390 -95 467 564 -842 -402 -204 1291 710 -1073 1107 317 -947 -6 502 386 ]
[-37 -501 404 1303 306 171 26 177 734 -413 51 -802 -219 196 165 323 330 776 -58 -643 1122 -927 1196 215 -698 36 918 785 -556 173 657 512 -13 -48 506 239 779 -143 -276 43 -367 72 -973 -404 181 -119 -65 -204 -303 -255 -258 423 162 135 431 -602 432 -231 -7 734 176 -182 -185 -531 -1231 -49 -468 -991 -932 -516 327 139 637 -633 677 -102 -599 -290 -98 283 159 40 -33 459 -102 410 256 231 -381 -131 -514 -88 -163 690 397 646 123 -172 201 -112 427 -94 -788 -57 1034 583 378 82 -492 -357 1015 132 -415 979 -456 -455 -866 444 394 461 427 241 35 376 -160 420 -205 -40 ]
[451 172 451 833 -461 -106 544 -559 796 438 -1006 -1325 718 -333 58 115 -7 -587 726 -938 -486 649 926 144 -984 -221 1030 -362 -264 221 -17 365 223 196 102 -283 867 -578 97 -358 -458 752 -1184 28 13 -123 458 -580 399 -186 704 -418 -472 414 205 694 -131 -554 -197 -113 -21 -515 1178 -126 -250 -251 -60 -777 -457 425 -143 -145 1036 985 201 313 -834 624 -494 -146 493 -240 530 1638 36 556 -121 -881 -582 430 146 1937 950 1 995 158 235 -232 519 48 140 -1111 -537 260 1344 515 -534 -126 -468 -271 593 -326 -223 135 36 -165 -225 -886 440 603 362 -41 -129 1841 -780 836 -133 971 ]
[186 344 -568 -72 -148 -551 662 -145 -474 -1070 -87 597 773 637 -118 598 -441 -454 533 867 -27 738 -251 -505 133 987 -281 -985 170 1169 -140 -850 -119 55 503 -75 -909 -593 -630 -324 646 -933 73 428 1305 267 17 130 812 -15 -552 104 557 326 -542 -385 57 -339 253 -824 -547 -285 -495 -1085 200 -87 -547 1000 207 -437 -288 -660 -772 174 -146 601 345 671 -217 -376 925 -335 171 -437 -305 1278 -180 248 -261 161 374 219 371 -1140 290 -703 -110 215 -793 37 548 686 -398 -15 553 526 665 -381 -390 120 -166 -19 174 594 176 166 221 -100 -541 -1376 -172 413 -1087 -387 422 -498 92 1475 ]
[347 90 -1043 179 -589 270 -338 -236 -481 569 -1027 -678 -958 -234 1264 60 -1056 96 770 94 -313 -121 -702 -506 977 -141 -771 885 601 -907 -454 -208 -656 -41 33 306 -888 -306 -151 215 11 386 -377 -945 -235 -287 -359 371 235 325 385 -250 -317 -580 239 399 -392 1180 39 -144 -240 177 60 504 -107 -251 -616 974 368 122 113 -895 369 -28 154 508 818 -14 527 -396 -633 400 960 -174 521 -1539 341 117 256 947 -663 -603 -1029 1214 -590 -13 -262 76 423 -825 129 758 -264 117 -678 -50 -205 343 -627 856 -174 657 213 -1046 88 -1098 -989 -237 -304 -241 271 198 292 -1071 528 -114 -584 -502 ]
[338 -965 -192 -43 779 -285 -1 -645 403 46 1188 529 -991 -24 -274 10 -83 208 -450 -244 -217 169 108 466 866 -406 -1049 644 417 337 -1250 -166 246 204 -402 -920 103 -281 -1288 -86 -145 413 121 387 320 475 367 -1244 -21 -1423 148 400 -638 -269 644 -399 -500 319 891 -342 232 334 -333 267 265 175 284 666 -79 1034 -77 665 579 -106 497 187 333 232 -81 -266 -125 -448 -339 -1475 141 13 -331 1025 -382 22 196 -881 1031 895 -247 754 18 613 327 -124 43 317 -208 469 33 96 90 1 154 -511 47 -618 453 -677 -1080 -985 86 425 -193 -1122 428 -474 232 -940 359 176 -557 -320 ]
[1121 1086 855 -168 -981 -399 -228 254 -889 543 26 66 48 374 930 142 -933 548 210 30 9 -665 -815 -241 434 -725 262 208 -350 -564 142 513 123 32 -191 411 -406 394 504 -343 351 1049 -29 -694 -944 -86 228 784 -950 306 -281 84 -186 -1033 -749 -786 372 861 -320 907 505 -651 104 -712 -696 -990 560 81 1022 -752 409 289 -854 -234 -23 -334 -585 -121 -1330 -214 -172 -129 455 742 -262 -157 -389 689 109 326 -834 -205 -138 -901 -1010 967 -310 1034 91 608 266 11 759 26 -305 338 -725 479 -799 511 -464 377 -354 100 -40 -237 1295 -44 -18 183 -67 381 -41 35 569 -532 426 686 ]
[682 294 882 -2109 903 964 315 662 -785 406 -1476 -396 572 54 61 1438 -440 188 520 709 -711 -794 757 488 875 -471 -209 -4 106 -595 524 1007 347 49 -275 821 289 774 1060 679 -20 115 428 179 -585 218 186 -717 -489 663 -273 -1142 798 30 -202 -90 137 -676 -664 -58 -1 -18 -125 -580 -176 526 477 148 -175 239 1433 -867 1119 -319 -350 520 52 496 -190 -74 -947 1022 -514 -212 676 -631 -269 -58 -120 -233 -6 353 810 -84 -352 436 -704 -399 944 -1486 97 1254 455 -213 -482 -856 5 -40 987 -103 448 1131 831 600 -556 645 799 179 31 328 -325 342 228 938 -873 -512 1221 -489 ]
[-263 -272 51 -227 667 1181 -129 201 248 88 667 11 865 84 -648 -119 404 281 -894 255 524 -332 814 858 -314 -436 9 -3 1275 -414 388 141 878 -360 -740 259 -1030 459 306 479 -450 851 -206 1028 -117 -883 -652 483 1034 172 228 289 -485 381 329 -250 379 860 954 158 -415 381 -536 88 138 -1112 -79 491 -367 -454 199 220 -137 111 -64 -194 321 -358 523 862 -920 1020 754 -1436 -351 -1373 -444 -1268 212 -3 63 -218 -1161 888 -476 62 325 -369 -66 -490 -1093 -55 -21 -869 -689 -820 -378 393 364 332 -252 952 -148 153 134 -70 -62 533 175 1387 -381 -402 382 -768 -321 -998 -1104 -449 ]
[786 -216 372 -385 603 425 -421 -335 639 -635 696 527 152 25 -348 -67 -642 -521 321 -277 -381 -337 303 74 -453 955 79 -462 1105 240 -78 794 62 186 5 160 300 85 -391 -278 -1144 -216 -582 780 -845 -167 -334 -986 -140 33 225 -469 36 1809 682 205 -404 -101 -559 -281 -735 594 120 -1078 496 85 1032 -853 517 384 360 617 -545 584 -657 982 41 1076 697 196 397 -323 -608 -98 878 -372 674 -10 -127 402 1473 1166 367 513 -673 476 130 -511 15 203 -690 -14 222 -175 -190 -788 162 -520 766 118 -287 41 1071 340 171 830 811 -752 143 1097 -972 -411 -666 -322 -379 -983 -1701 -326 ]
[-181 130 66 685 -270 -971 68 -219 248 -916 -1098 -273 172 255 680 30 617 714 234 -861 -483 1396 1234 369 500 1220 410 -460 177 1290 5 -31 677 -913 -98 -84 -465 -1035 -757 771 -628 -203 -733 728 652 -262 655 -105 391 367 205 204 318 -5 -399 -676 63 -83 -599 -645 -140 -742 734 -160 -226 101 550 -96 -647 -656 642 -404 380 50 1162 -337 -134 -6 49 902 617 373 -600 565 -219 156 -394 -704 294 630 -218 395 862 -241 702 -542 339 396 -389 -1027 436 -676 -156 69 470 -775 451 -368 893 193 889 646 -865 107 -717 552 479 613 132 449 245 -60 -526 966 129 138 885 873 ]
[-272 1208 717 -142 -457 -861 277 -664 -558 653 -1429 -256 -951 -377 1858 39 108 -280 -268 -977 143 468 325 -1213 437 -72 -1135 658 596 662 -228 82 412 -115 -523 -623 -744 -406 14 321 -82 193 -1357 -66 -580 -1438 1085 776 -1123 -152 -376 -831 395 -26 -554 -687 -814 1009 532 -552 469 -143 -443 -956 61 198 35 718 585 104 462 -2186 454 -691 -105 -433 54 425 -711 -694 225 -372 -876 365 -393 58 -712 657 920 439 -733 -250 131 615 -173 825 445 453 553 -815 -382 -386 710 178 261 -307 168 455 353 -575 -175 290 -280 -507 390 -1345 896 -876 -595 -1011 305 -271 26 -66 -187 311 -514 913 ]
[554 283 -999 221 1264 954 883 1176 -75 755 308 -568 81 247 -857 239 942 399 -1757 269 748 111 -654 1031 -54 70 -116 -539 915 -856 822 -963 844 -78 -901 -1254 20 554 134 -97 -862 227 -462 846 -495 -397 58 -269 -70 825 -285 736 -1331 -140 185 247 339 -822 590 -30 -609 -360 103 -571 338 -34 -233 -479 -112 330 -282 -379 -118 657 -857 239 177 286 222 197 334 -407 -570 -1305 -194 -8 141 -13 -676 62 1073 451 -520 -1038 -427 -924 -102 -404 -431 -363 66 -997 852 260 -226 70 -692 172 -993 -687 -336 -32 -62 300 -663 -1238 -1167 -25 -178 -352 -506 -768 1093 -265 509 -1105 60 868 ]
[461 -765 -1321 -302 -321 -1313 -291 526 770 690 703 470 26 -1005 -1489 -430 291 -158 -605 299 -342 940 231 -538 -651 300 182 -251 -288 -298 441 -403 284 -565 -421 390 291 354 -508 -98 -444 80 -288 750 -619 -165 -228 -8 107 -602 722 592 -16 818 -435 -102 1007 -968 -320 -51 -272 306 625 -188 494 166 -494 275 -467 450 -882 711 230 648 -386 -61 72 231 -712 -376 520 -373 1033 -359 -655 -426 414 -566 -158 457 1181 1146 -532 -1025 -146 -80 680 276 -218 203 -488 -132 -502 464 11 -902 245 281 69 -814 -394 -1652 -58 -665 232 -509 592 -965 373 504 -622 691 -28 -155 -416 621 174 151 ]
[-181 -666 -340 375 424 -519 0 -126 -355 -806 -299 -420 161 1281 664 161 -473 -44 725 -638 -497 312 -1534 -1055 -160 131 -334 -141 460 841 -574 -784 802 -300 45 343 -592 -1081 -964 -23 -86 -518 -294 -418 311 -743 939 709 214 -232 1034 -284 58 -17 839 -820 -23 -543 -348 -830 -551 -342 401 -402 -791 147 1006 -67 -372 -690 347 -753 370 381 -990 -524 282 126 -560 -1218 -149 239 -1026 772 -84 1009 -305 285 44 202 646 37 773 -229 679 -922 -94 380 -154 -778 353 -454 1255 44 315 72 200 66 -263 -693 173 675 -533 -267 -420 -693 247 -493 357 -724 -262 -702 564 -216 314 -415 1102 41 ]
[566 381 -648 -514 -477 -536 128 293 -371 17 152 511 641 170 -718 -510 -279 972 277 299 -466 -417 152 -348 1014 15 -416 25 -380 618 418 451 93 -30 758 54 -911 692 330 201 -331 110 781 -380 -119 97 492 315 335 532 -77 -117 511 -198 -633 -1435 -100 185 -902 929 107 433 573 -892 185 -304 113 985 544 -917 1319 -31 -311 -158 -392 93 -694 -513 410 -374 995 252 -799 -495 641 -399 -333 934 -663 813 -550 241 650 -549 -3 733 -407 -141 -280 303 -39 862 -73 1165 -598 218 -227 53 -189 -436 278 -252 188 753 -615 386 1333 518 -824 33 536 17 -1032 -150 -63 -932 935 241 ]
[216 -360 -506 -410 11 -839 -721 313 -510 -821 710 525 -1102 -160 -810 340 -796 361 580 314 86 651 -132 10 -1158 373 1245 159 -345 115 -80 -18 777 209 66 780 254 -95 -183 -410 251 177 -697 -410 -379 432 -341 237 335 -253 1838 -804 100 1726 457 142 141 -1163 -517 916 -764 -330 1082 -551 -446 -91 220 -866 -987 -588 252 365 -112 -383 -320 658 -847 632 1094 -282 421 465 920 -9 -572 244 1017 363 -468 -27 716 789 -306 -530 619 -522 -403 1030 -788 141 147 177 -386 694 -311 436 860 203 -1040 -100 518 -874 288 637 149 460 -626 -372 59 1265 -254 -25 243 -522 189 483 18 725 ]
[-296 1015 536 -283 681 774 -1084 -663 293 -540 -160 535 228 -457 -343 41 717 323 972 241 1091 218 401 -893 26 516 -592 141 192 183 -494 -26 135 -66 -475 259 -122 -508 311 675 -305 794 -249 -595 -980 703 705 444 -287 -251 -126 779 -684 -279 -349 471 -683 528 -532 382 401 -721 104 -512 -675 34 -565 1009 -90 461 -414 -1150 -732 706 838 665 -915 -204 103 733 122 825 616 -351 -131 288 856 -40 928 400 -378 -13 -436 622 -387 663 -168 154 -812 231 -765 -44 574 22 -217 -95 956 -345 -189 -512 179 109 -42 -646 -28 -23 -429 26 -411 -113 49 -499 40 591 -395 605 466 114 ]
[1221 -426 -131 796 598 -831 279 370 -395 208 -434 -251 475 -81 567 -394 -295 550 713 -176 -919 669 -546 467 308 68 -1396 -234 656 -595 -20 -290 241 -823 -687 621 -394 -1452 678 221 315 97 131 1046 335 -1140 142 490 504 -800 861 -589 -771 -549 -245 -41 479 534 535 -620 -3 -740 209 399 111 -678 -473 1045 -383 346 -237 -355 -452 525 -155 82 163 497 26 15 -942 -579 69 65 -612 786 -843 -619 233 1005 30 -49 132 -140 -677 -818 -286 -128 256 -355 101 -189 742 165 32 -619 406 263 480 546 -157 -21 -579 29 -316 127 1614 338 -773 -717 82 -454 1208 -503 419 16 219 1250 ]
[-698 -333 25 -506 -61 -13 77 143 -88 -336 932 508 -593 -434 -259 -12 804 -332 -392 729 617 -23 -177 -148 -361 -928 742 331 -299 6 -514 313 -37 427 97 792 465 335 -482 607 -365 -216 682 -560 -358 -108 514 -149 -570 -1056 1352 -1126 -311 -160 349 403 -485 159 538 507 -324 498 811 515 -373 -379 190 -1500 -80 664 -525 847 1114 794 -275 271 864 379 281 -1143 -2 785 178 -352 -137 -218 -54 999 456 -419 227 146 -484 693 126 -512 -146 1235 -934 615 -264 106 871 -207 -52 -524 -11 62 -39 -690 74 -396 336 633 610 -550 -526 -949 -122 1090 -380 338 348 -12 -237 682 -30 -164 ]
[-696 1223 -350 -352 101 605 221 70 -774 594 -638 -304 -210 -131 411 366 978 1231 -785 -362 -258 -199 900 1091 -498 1303 -362 -602 1119 -167 652 -697 618 -421 -169 -165 -1003 511 380 43 -242 -572 -1049 351 824 -539 426 169 433 678 -322 -508 -73 431 92 -238 -496 -4 1176 -1270 -920 628 -525 -634 -620 -262 -7 378 386 -23 660 -1144 -656 151 -870 873 822 139 540 228 204 -235 -451 -591 747 48 166 -381 1192 -727 311 385 363 -390 174 -1482 -70 -1070 -366 -418 -344 483 373 -1085 -144 -526 181 -270 777 122 -637 419 1217 -407 616 -132 136 300 -153 -443 -933 -779 364 -133 235 -250 -366 37 ]
[383 591 126 -251 361 381 -252 -60 -586 129 462 269 -236 59 -627 -883 210 326 37 -87 -286 671 273 -382 -135 -35 680 1092 -1006 -464 -372 492 -104 14 603 -564 163 -363 567 -1175 1000 499 -77 -516 -174 446 -599 -166 103 1313 355 -156 639 10 928 284 315 -373 -928 461 72 -217 534 569 -368 -234 -655 -815 112 493 -86 -331 127 -321 -1042 -207 150 -445 495 -540 -30 -128 734 416 -422 -450 343 -565 -117 -358 1079 74 -298 -220 -163 -15 250 -597 99 468 -275 442 -652 -460 60 -63 51 158 91 -448 -194 -809 228 -501 210 221 -510 -756 -5 1061 -145 -70 -131 1072 -140 594 -330 -800 ]
[-108 -277 369 509 789 290 474 1520 -246 -556 1178 -240 248 -164 -323 279 445 653 566 278 -61 -474 -94 87 -374 375 -24 -460 -340 -648 791 -460 12 306 216 959 245 385 -182 -116 -18 -225 609 -455 181 345 -450 -453 -310 87 -530 237 -995 310 -279 211 650 66 -388 -376 354 72 -823 1741 696 229 -299 -540 -764 -316 -971 1407 136 -511 17 635 433 23 -626 144 -498 -150 530 -905 -512 -215 785 -631 -183 -97 -302 192 98 553 -400 615 -693 223 -629 1044 -666 240 -283 847 367 1649 -1369 -523 -1456 275 6 207 301 237 152 -177 -865 331 78 1045 638 -44 681 -1889 328 -761 -321 -509 ]
[304 337 -135 247 -393 26 368 315 -193 134 -1265 -1095 522 -1119 318 242 10 -160 1384 -808 -1251 -108 44 -417 -649 -79 -444 -380 -40 265 -268 -296 -611 -78 24 -327 -583 82 213 1 675 267 268 -398 -516 -8 -84 113 -34 -333 208 -394 -592 -53 50 317 489 108 -584 -670 352 25 943 239 373 -125 330 -85 106 -367 119 794 603 482 -1053 431 10 -11 247 -584 981 -662 110 1864 499 -543 -514 -379 -108 -763 255 1149 1216 -656 310 -424 -182 -355 96 -576 305 -646 473 1620 1246 158 -992 -318 -268 -448 294 -478 135 363 680 -561 -468 474 1536 46 203 526 18 -7 -141 565 401 219 ]
[-532 -505 92 150 294 285 26 644 574 730 -132 -949 -681 -148 -79 -255 349 708 1298 -1604 -349 656 473 -853 -346 657 -582 13 -104 614 -691 -223 -6 75 -427 36 -49 -568 72 -167 730 3 -529 -99 692 -1128 -483 739 23 -908 149 -260 96 -554 25 156 -398 -784 284 -1135 -281 -778 313 420 383 537 101 451 -357 -574 -927 -278 756 573 605 277 1601 734 -1287 -379 160 46 891 682 -624 -107 101 -589 134 25 463 453 1032 633 -507 -28 3 -432 -12 744 428 -932 210 -351 403 45 -699 -360 735 -383 -118 1119 -25 -406 883 -326 108 238 312 -1196 -437 -756 110 692 -80 815 188 -146 ]
[770 -271 418 164 5 -445 394 -1432 303 -729 338 944 293 866 -863 -814 939 655 892 -285 -315 932 141 245 -24 167 244 -721 687 956 -149 316 -119 342 -290 72 176 -582 -250 -17 -1088 -456 311 341 304 70 933 -475 899 339 567 -122 80 1752 -66 295 -498 370 327 533 -83 -159 691 -601 -954 -202 386 -451 -80 -247 821 -1152 1245 5 747 -673 -596 140 230 464 337 225 11 -1218 128 -364 -63 -819 -871 790 388 840 24 -102 341 646 189 336 328 -803 -146 -496 -418 -246 -406 -884 600 364 539 11 958 -36 -392 -103 -309 266 57 -243 -572 1655 27 -366 -64 1129 -206 -95 -358 -221 ]
[50 -282 141 -411 603 107 -554 209 -981 -890 265 901 115 1100 231 -227 356 -545 197 843 347 663 475 -269 916 -1291 205 549 -990 38 -729 525 471 -219 950 -955 375 -539 -111 -993 59 623 119 1032 172 -354 33 -338 -654 915 338 -1846 1618 -1305 -857 310 -720 -571 -766 527 -59 -796 417 -1080 -480 54 -677 61 860 353 76 -607 -982 -91 -258 -75 -48 -481 1076 -1576 -401 117 -388 674 -1152 875 -464 977 -1145 176 717 -708 -134 -800 -452 -1308 -290 297 193 -155 91 387 366 -503 -346 561 858 -215 -474 -365 -344 -43 -296 1073 622 -264 427 -587 -1210 -562 -269 -23 -45 1051 -513 479 205 1170 ]
[-495 -670 -746 652 -996 339 -563 -341 1224 -446 153 -527 -154 -671 -613 -241 226 -5 -510 -658 629 -49 277 -402 839 87 620 15 -29 -29 747 -485 -910 -347 193 -993 172 153 355 905 -53 -72 -66 71 -957 -897 -606 382 -31 -378 1035 286 14 -199 -732 87 -470 203 84 1713 381 90 1070 -53 -432 120 -705 -189 7 2 11 407 -159 -827 1480 -588 -821 -1096 1257 -92 363 64 -710 688 -254 -666 -592 562 -466 230 -31 -976 -1207 303 -558 134 191 -649 -174 150 425 -771 -857 279 267 -6 1047 413 270 -16 -88 -622 -1225 657 987 311 -455 -53 303 -181 -207 548 -98 344 -576 987 -597 -771 ]
[219 -625 -64 -172 64 722 393 76 -739 159 622 4 -155 278 453 961 211 231 -294 1185 208 374 127 -551 94 -258 915 -837 191 -165 577 -345 395 -195 -31 134 108 110 1147 -821 310 -54 -578 1728 -719 -583 103 620 -315 1118 755 -2102 456 -414 -510 -701 665 228 -176 799 209 332 438 -1052 303 728 -229 -851 770 -252 -1025 -449 -954 -303 9 -801 -503 -215 348 -271 -249 467 236 563 -730 694 -551 494 316 -713 205 -228 -1456 -46 -63 -111 141 -600 105 164 472 289 1091 -238 -889 -499 527 594 -792 -724 -6 702 113 1271 -148 805 434 -460 317 123 -510 -375 238 682 258 459 363 134 ]
[-236 -758 419 336 -706 -779 -208 565 773 191 797 780 -752 -301 -66 -1174 -39 -1313 -836 721 1064 -317 -836 -1087 -245 -528 436 643 76 3 568 354 -463 609 134 576 135 453 247 895 -953 -345 -96 -636 147 -40 120 856 -299 -472 28 1559 -583 153 -550 267 924 156 661 793 97 1024 222 249 -117 -132 -123 -1315 -139 508 -759 433 -771 -76 287 133 -449 564 -330 444 189 -22 842 -863 -972 -878 104 717 603 1015 -849 -780 -1156 486 -576 1353 623 198 -770 -151 -354 434 546 665 -137 -138 -67 832 -1328 137 -362 -748 152 -868 158 -514 -97 -653 389 662 -449 726 -20 -1329 370 229 -403 -67 ]
[382 1195 143 -251 -323 -171 -154 530 -705 318 -406 301 219 -196 -891 -116 615 407 526 -38 801 279 -332 -604 -667 45 -67 80 -164 -414 488 806 -546 224 82 875 -1107 1029 384 -412 -908 -152 -8 110 -823 -454 711 682 745 615 -488 -765 567 372 92 236 -341 253 997 1242 477 -488 275 -247 -358 -348 496 -165 981 -1118 210 -692 -389 437 -843 -260 398 740 405 -893 181 725 -325 571 -611 376 727 -838 -106 382 470 661 -590 520 339 -871 -129 202 -553 -406 -116 -326 127 -344 -772 -85 -274 500 1 198 91 -165 372 1100 945 2112 -10 -778 -445 990 -63 -667 522 758 -810 192 -55 1436 ]
[-624 639 -704 73 320 800 -322 497 201 1 -623 -384 -446 -1053 -968 -477 57 -349 -1395 -495 1506 -749 -906 -120 -183 -313 -241 639 1148 220 558 -35 400 -22 -43 89 -1044 502 -629 -292 -882 85 463 -679 -600 -68 -272 887 61 202 -656 241 -726 1070 -223 538 -69 653 -264 -196 386 945 -223 -310 374 -146 -90 409 -411 -471 282 760 -902 14 -665 -1173 -504 27 -2 652 19 -647 -899 19 73 -198 828 600 -688 -57 59 -538 -323 -174 -523 132 1001 -481 76 -279 387 -496 -173 482 -388 76 -94 -161 -232 -524 -1119 -44 113 250 642 -456 -814 14 288 601 649 -291 501 -208 -919 -642 -1338 244 ]
[-428 1141 -43 218 658 540 -686 -358 -867 148 284 3 -45 -297 45 611 -1094 -199 1084 -1070 -235 -524 -957 304 434 -660 611 -2 8 -490 -365 902 -50 -330 170 -265 -139 538 -160 -1040 624 129 1164 75 -164 430 -52 -667 -120 1506 -542 -676 259 -345 1003 815 -353 647 -799 63 75 -90 210 370 1232 -1042 383 -717 684 17 376 -335 76 -362 -371 -332 -426 311 264 562 440 -79 6 1183 514 154 74 -808 -1478 -572 589 158 492 -545 371 -202 -247 -407 814 235 165 -108 446 -212 -916 303 -1768 137 18 136 -49 942 843 93 -144 638 -354 737 -30 617 344 -312 -584 727 -57 -619 -435 59 ]
[490 528 -838 -437 -10 -456 -744 902 -199 -447 -533 162 722 -477 -446 -167 -343 -258 -359 90 108 73 -1197 83 296 534 555 737 -537 587 -436 368 303 -639 324 312 -1711 -773 -673 -251 -63 284 257 -1140 993 -137 345 679 293 565 495 -240 -763 133 447 225 396 -187 366 -216 -735 -487 816 361 -691 -646 -793 -153 -529 331 -652 -332 575 1233 -433 -180 -534 284 -984 -678 11 210 889 339 794 463 550 -66 49 760 415 885 188 -224 73 -898 -381 500 -313 -1081 424 1239 -209 -684 8 -134 382 -3 -90 477 219 -154 371 -282 -202 -243 -606 -884 -459 242 379 -171 20 48 -451 572 884 1899 ]
[-110 -539 -366 624 -940 -249 -655 -250 537 -525 -113 135 524 20 -419 -134 845 500 687 -596 -628 -1035 829 242 175 589 219 434 -631 686 -348 -516 -730 -464 908 80 251 -192 -317 283 -215 -500 159 451 833 282 13 -219 254 -899 -32 -571 312 584 -960 -318 -682 -514 184 319 -624 390 834 -527 -579 -113 -314 257 405 -630 77 1101 -223 236 81 518 -252 -566 809 -1429 748 719 -98 -92 1219 -241 29 732 -570 -969 -159 -202 599 -268 565 -252 289 -964 -512 -319 118 209 -478 11 358 240 690 -272 586 20 41 120 613 594 643 602 -504 399 133 -261 -430 65 -746 350 -694 551 209 -303 ]
[-92 -368 -747 1147 -529 209 192 -211 -226 348 -9 -1196 -842 -236 37 -81 -648 -652 314 -391 -397 323 -411 -1189 -212 -326 -701 -170 1014 -690 -349 -314 -512 334 -166 -826 226 -114 -197 -1374 448 -472 -504 -485 -422 -814 -1070 -15 -124 392 217 -473 234 -44 265 382 101 -391 -666 -1001 -91 -2 -216 -404 200 674 408 189 772 87 -743 -176 368 -733 -257 -714 117 -394 -713 -538 -688 -1591 65 1156 -1248 -224 70 -542 -622 786 772 620 -630 197 28 -411 -118 -375 765 483 -239 36 -449 313 484 1126 358 -12 -1086 560 -452 167 -212 282 248 -490 -843 -638 536 -758 511 -260 331 -404 -18 624 -1204 -396 ]
[-175 1067 142 83 834 79 621 -139 24 479 101 -475 -988 -282 -361 -549 165 169 -786 49 342 -226 544 279 160 533 -1719 1005 493 361 231 -265 193 828 223 -1661 -210 64 117 -835 893 1104 -753 -913 235 -594 -692 -162 -674 806 -506 111 220 271 1120 -49 -138 632 522 -1152 551 -351 -1308 -286 743 -259 -911 675 -1053 495 1084 -971 38 -1162 -227 -319 -314 230 -1112 815 262 -1511 -552 -699 -348 146 -496 839 -669 57 149 -223 910 -393 -940 -297 609 -362 631 322 178 314 -621 447 580 483 -293 -657 695 -209 -6 18 762 327 -743 -527 168 145 -762 -425 812 80 -487 26 214 -809 -1188 -152 ]
[656 -268 -797 -709 1022 704 -207 802 -195 -162 -547 819 744 342 -127 -282 439 287 -250 989 -201 -233 575 1366 950 -422 82 -235 59 506 -1482 -37 228 309 210 -374 161 -3 -243 -354 -8 -579 1148 195 1498 951 -1006 -757 134 689 -1224 -117 247 1396 -808 -15 -893 -583 539 -644 -296 136 -446 1257 376 752 -176 85 -231 -350 -468 1182 588 -150 -31 48 400 100 -43 -434 -238 -624 11 -902 887 -882 1421 -172 -604 29 -491 -377 476 416 95 720 -324 -366 39 126 197 1321 -1268 -366 -630 -321 -976 11 290 210 -39 -887 849 64 -113 -135 -377 424 122 515 294 -811 -64 -149 -567 -362 -220 2 ]
[348 -73 -627 1225 501 210 -511 956 229 197 -376 -149 592 -526 55 60 1082 -216 621 213 259 40 1164 53 -945 -268 466 12 -333 104 -460 -293 -215 -602 347 63 325 -743 -446 -15 -1141 1454 -547 351 -648 40 -1044 -502 -228 -376 0 209 60 -235 -671 457 222 -655 -512 -1097 -454 -416 300 -152 -5 -697 -667 288 -285 358 -807 132 563 1453 -525 695 81 -462 -450 -890 115 153 825 1158 683 -1181 701 -1135 3 543 -220 780 -591 73 886 -67 64 -36 290 -300 -382 36 163 240 879 -112 -603 118 -1054 -830 441 -84 -749 -313 -288 -1725 -170 -14 379 855 -280 32 332 1024 -441 1234 722 848 ]
[950 -288 21 507 -519 419 548 456 -280 372 -957 -926 65 0 235 -279 -285 -350 -773 -363 -273 -1030 -252 1080 388 247 782 -38 131 -295 171 -507 5 386 -222 -32 88 602 -44 -547 962 -1200 -585 793 420 -520 -344 -35 36 -299 -364 -55 -469 701 -129 -178 -79 -488 1040 -1008 -602 212 82 775 8 -549 243 -786 -564 -213 97 1146 256 177 -638 -205 580 524 204 -345 -356 -587 -1119 19 633 -21 -717 -58 1048 -852 1001 -467 760 -522 -301 366 837 -1331 62 -406 176 -233 642 -372 697 -456 -236 -283 986 748 -420 -50 250 794 -245 514 345 163 331 95 -491 -515 -212 -787 -11 5 -727 -342 ]
[-857 -541 -164 -137 -743 -539 246 -270 540 -364 760 -433 -363 90 -471 731 34 258 458 -1439 -262 461 459 -2121 213 32 -215 583 -688 225 544 721 195 -484 -450 -633 -937 -213 -501 470 -264 657 -353 -418 -365 -420 354 126 -339 -1391 501 -276 697 -869 329 113 -403 327 -568 352 204 460 201 -873 334 641 -814 1095 8 175 202 -439 842 -353 993 -1085 325 -542 -330 706 384 862 550 77 -667 501 -254 571 -1298 -195 -376 376 127 -123 45 700 -107 266 854 -620 -395 159 -769 81 -25 318 463 484 -351 -1135 151 1303 -564 733 192 -126 -860 490 69 -878 383 -1 -14 202 -268 693 361 -597 ]
[-195 1042 -177 -181 289 652 655 396 148 71 -640 585 -286 991 205 -184 269 1023 -945 164 -153 -645 -190 1010 1021 656 -494 718 53 300 385 565 27 274 172 -483 -246 -415 613 543 -103 -898 -86 -467 -389 747 773 -132 -71 917 -1048 776 -280 292 232 -579 328 -3 -233 1010 -626 94 -220 -376 -333 488 -989 -609 -136 -317 1165 5 -589 -76 -28 -376 -732 27 -137 722 177 218 -732 -943 1236 -540 -529 1394 268 511 -451 348 -284 350 57 819 243 -520 75 13 602 60 -97 206 -722 486 -8 -650 -142 300 205 201 870 1004 -431 690 -640 859 -90 427 1140 -8 180 -346 354 -695 470 -236 ]
[-446 821 330 334 268 -302 -536 -252 -23 843 -1160 -704 -121 -1038 53 -147 1453 1022 385 -364 734 37 1317 894 -385 394 -381 -733 -109 -369 802 -96 -330 -561 848 -230 770 424 722 680 -1340 327 -161 5 286 -145 291 -109 81 939 -1060 355 136 642 -759 -657 -192 68 591 462 -37 107 10 -975 -412 -84 652 -450 792 69 1154 -37 -644 46 51 429 -486 -379 329 -401 701 -349 -752 402 56 -174 -66 -462 238 480 -736 760 -292 55 767 -13 98 -364 -275 163 570 -749 -603 294 1090 418 -45 107 279 43 14 -815 355 -234 680 -55 -479 404 444 328 342 34 398 1476 -1546 -27 -29 1464 ]
[-289 -468 -753 872 -175 473 -153 -194 813 -305 -286 499 475 -216 354 -1210 11 -629 45 -529 -446 701 18 -265 -843 -421 -204 191 -1187 725 5 163 -397 -491 479 -41 -211 -1092 -1329 -83 -966 -11 -341 711 -207 -666 618 -400 419 -411 -335 -116 826 -266 -431 -291 -650 -661 -135 -1052 -1031 864 6 160 -274 -140 -80 215 381 -19 -672 71 -127 1593 -379 459 1007 -281 231 -1012 1260 -39 -974 997 1004 -478 348 -387 303 601 498 49 -424 826 669 222 548 39 694 368 -344 -454 -381 -575 727 -304 -664 -603 -875 -930 -569 104 -388 -962 257 -1122 404 -358 -688 -266 -508 -1032 397 413 -237 1267 -183 -125 ]
[-369 126 421 -592 627 -118 -438 131 505 -1020 76 634 -1131 -866 -881 -602 824 293 -989 1218 1512 -672 589 -703 515 -147 -698 1162 -363 292 -478 95 -689 -75 5 -739 818 -509 227 770 -528 1211 493 -1048 -1043 79 112 684 -693 -612 -344 600 603 187 -270 -356 958 389 -346 23 56 -38 -678 -828 -1164 -432 2 534 -414 625 706 265 -318 -247 812 -487 -772 -914 -525 -490 -40 -711 -310 -256 -889 -84 514 1143 -223 118 -1280 -600 -1027 -143 -435 1061 243 1005 -422 -194 -159 -335 5 368 -10 -213 532 -400 -199 -696 -543 -619 -455 240 -457 -1480 -50 512 -318 76 87 -13 928 -36 -330 -160 128 -463 ]
[88 -464 725 387 1293 1004 354 431 358 -356 117 573 134 379 1074 -375 72 -345 -373 237 -167 389 1063 275 887 48 -29 322 -267 248 8 -353 323 400 474 -578 -534 -672 233 345 20 -404 -76 623 -251 -174 -693 274 433 518 89 -49 682 817 -324 -353 78 220 117 -1359 229 -42 -1062 601 -690 -206 -425 418 -1209 128 1236 -281 423 -55 -138 -269 412 -222 507 -698 -131 -27 -1011 276 715 -490 -501 -120 555 -100 -211 -1036 -171 653 -356 1086 507 -1112 275 -829 -436 -296 138 -42 905 -543 64 -383 -130 -46 -424 835 101 201 -179 -1717 801 739 -436 136 -276 280 -544 -1609 237 -529 -750 -1187 ]
[975 -1531 -851 223 353 -456 -907 -296 62 38 642 -614 -569 -3 255 595 -92 -857 -229 1404 1320 531 883 -678 -204 -636 969 337 -276 -1388 -67 -246 -350 -537 154 147 606 347 -705 6 -429 -77 -159 1234 -90 -319 -680 -274 -111 365 -48 -1081 1376 -948 61 -199 527 -721 -539 93 55 -249 -102 -975 29 566 291 -739 205 417 -1624 -1011 846 -259 417 -489 699 42 898 -669 -361 134 902 7 -1314 606 87 -827 -290 191 1056 -984 -1039 -342 -225 -1187 425 255 144 -655 -145 416 220 -614 71 -726 1062 779 -336 2 630 -210 -559 523 -784 -962 -569 -658 -28 -582 -732 1272 -531 586 -330 843 55 -113 ]
[284 477 902 -1397 -695 59 559 647 -220 206 -109 -149 -646 376 410 959 -844 73 -1001 766 150 821 -440 99 -66 689 781 -210 -91 147 143 -436 111 448 -864 -40 -882 201 616 163 -395 1117 -386 -234 -1175 55 812 -389 -489 467 -133 1354 -563 7 -75 203 447 44 636 -54 222 -340 -631 226 -859 -8 375 -1505 176 455 149 155 -199 12 585 -51 837 1116 -833 -121 -173 278 -316 -603 -187 -353 606 245 1468 240 158 -97 792 -144 -432 586 134 845 -98 49 757 549 118 -266 -51 -236 -493 198 -627 -108 -420 -440 582 -200 -350 120 470 -705 566 180 -1163 369 180 -37 1537 -155 -465 -53 ]
[-140 -868 -122 -1515 -581 318 -162 -902 -161 369 -282 404 612 -463 -51 139 -1076 -370 229 206 -342 346 668 95 -71 -186 1599 -805 -1487 453 -448 418 315 127 437 -214 597 -267 -752 -677 84 -80 -138 1170 -194 123 -27 -612 647 -606 77 -396 1169 769 -27 -803 354 -1427 64 -202 -19 188 -157 -403 -71 563 420 673 -659 1270 318 255 1484 450 -17 772 72 338 232 -1043 291 606 -766 497 1119 -12 -509 -386 578 -156 963 621 -50 -324 1049 1490 728 855 465 515 -72 7 -596 -18 107 -168 -2 -472 -275 -543 197 -520 -292 -1092 -29 -773 583 -252 305 -504 -577 -532 -373 183 -865 333 -133 -401 ]
[588 163 746 380 1160 734 -117 91 -980 -482 28 -589 292 -129 459 307 574 1321 -444 -1057 -709 -453 1169 1850 -229 -447 -57 713 -380 -719 44 12 -272 -1168 61 -1055 150 301 530 7 717 414 624 1105 307 504 -141 -1033 -97 513 -561 -429 219 -241 812 -193 65 305 719 164 1018 -448 279 802 490 421 2 227 54 -1135 312 486 -239 -908 509 -969 399 2 875 -121 26 18 -1000 225 45 -521 321 -1090 116 -1549 808 -426 -442 536 -588 -1288 -665 -243 453 -505 703 318 -438 -172 -814 -872 -115 -113 1263 172 -553 830 350 -56 46 823 -414 855 777 224 -834 -49 61 750 -269 -125 -140 -174 ]
[351 -186 -47 -292 -285 -762 -569 -336 1315 163 650 -451 -532 -371 32 -354 394 -336 -430 439 -15 310 729 -346 -437 -219 -1049 571 1227 298 -1206 -560 -254 -404 -1182 -486 -285 566 233 1120 258 307 -383 -627 -293 -524 -150 175 -237 -1131 124 376 -2095 424 -427 1326 -307 317 738 -440 344 273 -127 -87 70 -278 932 280 -2 106 -1566 705 1086 408 1103 -266 -296 525 -1283 82 18 -646 1460 -887 -231 -103 -132 285 608 -656 -348 82 528 369 -605 433 160 1117 -715 481 -181 -135 643 236 254 -446 266 -418 259 1009 61 -866 -290 -706 -248 -752 -127 -195 135 -915 487 560 -292 -476 537 634 -1020 -114 ]
[802 -580 1044 692 -169 -231 467 -896 -63 689 56 -228 -408 -205 -544 -499 660 463 627 -501 -654 -70 -68 -729 -182 -73 -591 281 -1108 396 105 -458 -593 -141 162 397 248 336 170 564 315 -360 509 -189 521 -109 786 827 -275 -945 -835 911 -812 117 -197 -916 815 -259 370 198 19 -301 588 -620 -321 272 698 -745 -433 216 285 144 396 345 186 -1201 1053 250 -834 108 -164 -272 -618 -599 -1134 794 -397 -514 549 455 304 1014 258 -375 -315 1613 706 311 84 710 152 -781 446 1143 915 -211 1212 -617 20 135 51 -58 -744 604 488 446 -300 285 595 -1294 -328 104 311 -153 -920 264 346 -230 ]
[-474 845 1339 -174 1120 792 171 -717 295 -1013 274 -271 228 -45 597 246 721 -52 -1198 -684 1049 93 -293 347 -91 209 -562 591 662 339 -1217 -453 -642 -416 379 -1204 -737 -728 -84 181 -74 579 1727 276 268 53 388 336 -429 28 -995 372 -109 -208 70 88 -176 1347 606 -202 272 -469 -502 339 -171 782 371 -818 -43 574 -110 -79 -41 109 819 -611 664 485 541 94 47 -533 -1339 7 649 501 528 -223 508 -205 -580 -651 268 529 -256 -705 -442 630 28 -402 430 37 -350 -686 115 -601 -7 -315 1131 -385 -445 428 -13 337 284 -427 -213 283 455 -987 -607 -302 141 -69 -186 -381 -1407 630 ]
[649 268 -464 7 -493 283 948 -201 -573 903 -935 -25 900 572 -333 5 -204 -361 1343 55 -848 -566 -1632 -605 -41 -383 -755 -71 221 661 815 990 -346 -35 -459 1077 -786 260 203 82 38 -849 -133 -1000 -491 -332 1107 46 165 -558 291 -775 -968 -57 -862 -519 219 714 767 309 -306 283 446 -543 -813 70 466 -13 827 -351 1133 -1117 -49 -300 -1609 -502 -1266 -362 230 -331 194 -348 -1754 301 321 -371 -646 688 -101 909 -289 736 -331 112 407 636 -335 -1402 583 -245 689 596 755 1003 103 -74 555 400 -1543 -496 731 506 -469 614 560 -134 561 459 -120 -16 457 -884 227 403 -200 770 840 210 ]
[-1076 907 -440 -297 -822 1052 -452 74 243 931 -444 -698 887 -503 -284 1189 214 -546 -967 41 160 -317 824 1279 -184 902 412 -873 643 324 190 -109 83 -550 -327 -689 -409 277 282 476 92 -336 -261 918 203 84 -706 262 384 -309 -617 116 -381 235 -565 166 293 307 229 -434 -1131 348 455 -221 1097 160 878 -620 -549 243 391 1374 -885 618 -952 -213 -265 38 241 536 174 -143 -203 -260 602 27 -1398 302 289 -752 -283 435 128 -1060 718 -697 839 -209 -529 351 -95 -38 698 194 420 63 400 -374 706 1005 -154 629 279 1030 626 721 -914 903 1369 -469 -67 0 -364 209 -728 -712 -417 171 ]
[-344 -683 527 150 659 647 -394 -156 -695 -690 895 -700 220 -343 -510 483 21 -404 -109 1427 142 95 70 197 48 -272 -493 -228 816 -486 -224 -165 -189 -766 206 -569 476 308 -129 220 374 -394 903 783 1400 605 -640 -242 -25 148 -566 356 -101 -140 -481 438 978 447 -525 -539 -1197 670 -181 -230 782 -127 163 -57 114 -764 -820 389 -796 -11 -180 -596 -469 -607 31 -106 52 -596 788 -834 -977 -65 -149 -264 -1043 -298 305 -372 -760 -795 56 -397 -236 -154 1123 -255 236 1413 81 -97 -57 -190 589 31 -470 -41 -514 590 557 -327 -24 -578 -789 827 593 5 -301 767 -563 -74 -64 126 343 -456 ]
[329 -871 -321 426 -229 415 -90 353 -324 664 36 46 524 -503 824 159 188 573 -723 110 107 -811 1141 1331 -312 144 187 -459 -743 -550 -337 -923 -1108 21 -126 -947 129 -2 -170 -634 534 391 69 1047 -10 607 -1097 -888 -722 45 180 645 -290 -470 52 -761 183 -221 63 46 678 -281 -167 78 31 1019 -588 17 -573 219 -453 518 591 -516 163 138 -136 -220 -23 -173 -182 -190 -2 90 1242 -154 -230 -879 644 -1302 526 -361 85 -13 -456 -270 -219 23 -494 -208 -148 590 -100 608 -206 -800 -77 -83 570 -85 13 518 301 -116 65 -754 381 1214 1046 -698 -1028 -672 -339 -660 38 -868 -590 -792 ]
[120 719 -584 24 -1310 513 693 -385 -310 718 -77 241 306 -323 68 -786 136 1230 -330 -1409 -979 -155 609 207 -655 189 105 467 -231 126 8 478 8 -166 -34 27 -870 -326 290 -1149 856 167 425 248 -866 -31 -616 -355 304 -104 596 241 317 681 217 -1296 -195 -43 -495 1458 -36 68 561 9 -211 171 -455 318 164 -987 1129 1253 182 -1007 -1146 -805 679 -806 887 -277 -548 535 -1030 436 533 -1714 -200 -753 508 484 989 1216 -538 344 828 1086 256 165 642 249 -47 373 -1215 52 400 -112 -389 -782 264 -472 -212 721 -680 557 793 1150 -247 628 933 1060 72 -887 1171 -89 -1042 -65 -503 -619 ]
[-473 -1035 -37 268 367 574 328 -506 1047 -115 1199 -742 -332 1461 1283 650 -152 28 -114 -215 -56 798 65 224 370 -464 98 -363 827 -357 -339 -1361 462 25 -649 -1829 -1002 477 453 937 -49 148 -19 781 -31 -953 462 -321 395 432 157 -402 -446 -793 687 1015 -727 184 1508 -563 1169 -273 -507 279 -431 1200 677 -238 266 -221 -463 -312 143 -703 1285 -968 -151 83 359 171 -105 -244 -782 225 -271 234 -1054 263 581 -1283 434 -846 436 982 -833 -392 -100 -270 -4 -139 244 -422 1233 246 -589 -615 -207 -23 98 29 -532 850 194 25 -787 61 565 711 411 -1335 -1386 -340 -645 -1111 1137 -100 -758 -1170 ]
[888 -1041 492 -222 215 -64 -200 -540 -342 -707 -1188 -366 712 -273 -121 -575 -136 -398 983 983 -59 383 522 -361 -637 456 -221 -743 785 -8 -288 -460 285 -281 -14 480 196 -1014 -474 79 -181 349 -653 182 297 221 663 830 1276 -52 -619 1246 -202 1389 -1063 -370 1041 -242 -122 -1397 -336 -130 -93 -56 -1001 -570 983 974 -165 -250 -716 -422 -94 1652 719 1295 -658 277 -1040 -359 -133 239 1260 96 134 -949 301 -1485 1611 599 -858 343 -414 826 629 1228 -32 200 -365 -661 -352 206 -54 436 423 -84 -620 -211 -529 458 282 -562 115 -2572 -1422 -811 1329 -566 605 458 -363 -215 -440 -125 307 881 274 339 ]
[1052 -113 -268 -600 -793 -209 81 -745 -685 385 -224 -435 -270 -523 -455 -367 -467 -226 -37 -702 193 -427 -7 -541 -863 392 -80 882 -927 -187 -555 179 -308 -36 400 223 492 -774 -1010 -562 1010 -55 46 119 199 209 -448 72 222 -1020 807 315 1278 -506 137 -1623 -384 200 -728 -216 -738 -426 741 -50 -629 381 241 595 372 1053 -97 -646 -502 -268 -342 388 1183 -134 780 -717 354 280 192 231 892 97 193 -466 385 887 455 113 -153 356 243 48 -750 370 -396 1271 -463 325 -684 -761 582 -540 1047 -345 311 -844 439 -293 -673 -727 55 -1123 856 -990 -140 -1005 -828 -326 -327 247 17 388 -492 -375 ]
[-339 -777 -133 -969 537 54 399 -144 -240 121 -1410 75 403 532 -287 164 254 757 -109 368 -799 -369 898 670 -349 73 -47 64 -617 672 420 -255 348 142 124 583 -7 -729 929 1326 -488 840 -488 320 260 -470 185 76 328 -379 706 -919 197 423 136 -931 -223 44 841 223 357 -327 801 34 -428 -286 0 959 -295 1057 885 -657 916 277 -90 896 634 221 1546 -1064 -288 1909 -282 -520 922 831 -707 61 -17 -949 -121 -186 504 229 731 219 886 -552 -175 -495 -219 -954 -251 -550 -455 -235 571 -623 913 -356 901 229 -1096 -25 881 424 20 -243 -962 -389 -509 -605 1026 933 -524 -546 105 -347 ]
[789 126 -445 -804 -428 680 -914 265 465 636 -1376 -686 837 -1018 -112 236 -886 -622 317 -881 -622 -851 459 639 269 1114 74 737 -647 -213 -596 -110 -446 -822 1007 -382 -257 182 -638 599 -211 382 183 253 798 337 -145 -10 98 669 -439 762 -287 -66 -353 199 677 -1242 -341 -944 -182 -215 1114 -170 595 555 36 -5 -1067 229 140 321 -74 975 -237 836 255 968 -432 310 403 457 534 1044 756 -215 190 -665 -56 600 636 762 1311 -606 -190 -999 30 -493 159 -1146 577 655 181 836 1036 -574 -527 -592 605 851 -14 339 449 -551 -503 -151 564 -320 1107 -1497 -598 134 -10 556 -954 -129 576 494 ]
[-859 982 152 44 502 589 -987 -509 334 357 1295 1170 -693 335 -17 877 297 294 -985 -281 299 -253 -457 810 -226 20 3 293 451 -191 -590 -898 -241 -51 -300 -1189 -1050 639 399 -366 -444 510 633 121 -975 140 54 -372 28 548 -208 -13 -347 214 462 767 -103 254 1664 4 810 331 -338 -141 4 -83 -301 -1038 1314 773 111 887 -1131 264 191 -725 -950 -128 -379 -10 203 -886 7 172 884 717 -467 1160 413 -1676 707 57 145 8 -142 -708 234 -376 85 161 -542 -766 958 -149 -408 313 -633 397 -502 -697 -770 -1265 1504 59 176 6 -699 725 401 -100 -302 -969 -35 -599 640 -5 -817 -44 ]
[470 -620 -771 -459 -272 -777 -324 488 -1261 413 -239 805 610 -323 -863 278 -712 27 2087 194 48 567 -1061 -1397 82 -242 -841 -819 -668 912 87 -90 22 487 -923 1260 -1439 87 -728 -410 146 381 794 -166 -966 -302 455 -105 -120 -809 -458 -279 -22 -106 -1520 -31 -336 274 198 -19 561 -326 -105 107 423 -170 164 1285 463 -433 -730 -26 285 478 228 -329 -34 72 -957 -265 -482 -14 611 -225 -779 -111 717 124 -223 1271 -111 -283 -134 -252 -32 1657 -359 1044 84 178 -375 621 -89 1394 -180 591 -805 317 -1518 -736 580 -369 -703 -578 699 -457 -40 358 -705 -114 93 -564 698 -298 107 743 -179 1174 ]
[497 230 -1101 1179 -297 27 -78 -1362 1190 1059 438 -132 107 -608 -517 -780 418 46 119 -916 -819 -9 437 198 -52 767 -1960 212 1025 665 -479 -397 -763 -306 -46 -229 -731 253 -603 123 366 21 -138 -500 55 123 -1 -241 801 -707 98 1338 -1670 -629 365 258 -250 656 684 -796 3 -162 188 -24 671 -37 -179 1014 -611 -578 684 -112 320 498 -36 -698 -168 -338 -526 1174 47 -828 -490 67 -187 252 222 237 -238 629 -374 448 462 341 198 76 538 62 211 -176 88 437 -237 935 1383 -411 662 -802 509 255 616 49 -694 -168 -1062 276 -249 68 -98 -804 333 -533 -903 596 53 -156 -41 -526 ]
[-1337 329 344 -204 550 -439 -1096 305 924 163 -53 811 -611 -579 -927 760 725 -396 -498 -71 845 -339 -420 970 339 124 -166 -349 -222 433 -170 -806 -436 -552 -412 -711 -658 78 994 420 -1020 1115 690 280 -360 -520 324 565 -319 -166 -523 117 -810 -23 -446 1169 810 -138 694 713 -735 -381 -133 -948 -642 -451 -208 -500 154 864 -253 691 -1328 486 638 -348 -1023 -248 916 747 331 -328 535 -276 -374 1246 451 1119 -304 -940 -451 678 638 -940 449 -1318 -47 786 -338 -116 -230 -693 212 -99 338 107 701 -307 638 -856 -174 -847 492 1360 649 -316 -588 1025 112 -328 -507 92 649 -448 66 -33 -353 1590 ]
[1039 -602 451 796 -53 -208 321 -176 -226 -66 695 78 -54 -310 -1566 63 558 358 1158 -900 229 835 -147 -1347 -1363 115 580 -5 -408 -480 726 193 115 318 -627 1558 -727 -332 -290 -469 -717 303 -105 155 -1177 -36 217 453 917 -1187 1148 -67 -465 -126 113 -495 27 -192 -707 827 -148 -290 858 -44 -230 -344 585 -198 -294 -529 -851 -37 -146 804 -155 -1268 25 -73 377 7 -436 1155 517 -457 -1426 420 1016 -1633 318 835 181 537 -417 1017 315 504 21 -116 -1173 566 -384 -702 -89 565 71 44 386 784 -909 -786 216 688 -181 273 119 600 -566 -166 350 1161 -258 -928 1002 655 -142 626 146 63 ]
[273 -370 255 -621 -162 1041 414 -898 856 -730 -213 493 271 572 -613 609 -438 81 -771 679 164 -1244 468 943 359 -449 565 449 302 751 -452 -339 443 483 -293 -300 -82 -1165 427 1320 -15 1266 42 -704 198 1456 -477 -45 -185 -1551 1067 600 -729 -163 -91 -217 385 411 346 481 -297 54 875 -631 -2215 -187 -1360 30 -907 813 213 778 -5 -31 861 236 -1077 -715 816 1092 -359 119 436 -469 712 338 -147 2087 112 -676 -1235 44 302 220 -385 58 -424 230 129 -158 -675 701 -574 151 811 -492 1656 -41 -248 -752 95 -707 -329 1319 -354 -1203 -523 336 234 -13 -381 21 145 -534 1018 604 63 -889 ]
[-630 -353 347 -1118 320 -800 383 -251 25 -485 75 856 -169 219 328 499 -443 -407 -844 -84 -292 91 85 360 487 -259 712 -1007 647 59 -187 595 1747 144 -275 227 701 -562 411 409 59 -670 -247 928 858 868 -196 513 4 -242 525 437 270 878 428 -1397 295 -298 -369 1113 -886 123 79 71 897 840 88 -75 -1210 -72 532 186 -320 -1349 -130 -129 -723 -196 546 1219 -407 743 -435 -593 -314 586 -403 -58 -567 307 -1193 83 -285 -365 1129 537 -32 654 -158 -421 96 11 -181 -754 -473 29 701 435 754 407 234 210 -120 571 -373 1367 214 158 827 497 831 -37 861 -545 -255 -782 899 67 ]
[573 441 -1791 -36 -1768 -185 754 903 221 976 -288 -631 -980 1024 193 220 -558 1347 -652 474 -391 99 -708 499 173 215 720 1253 -778 251 -393 -752 -818 686 35 -544 -1647 310 -42 787 697 537 -440 -1454 -240 589 60 111 550 49 1280 723 -700 -346 -457 -429 333 -489 1252 1453 331 -597 1273 626 -2046 -39 -78 -340 -318 -1278 154 901 478 -843 -28 -88 339 294 712 -718 796 13 60 -392 927 -1268 -968 1192 781 -387 -336 117 499 421 -91 516 -543 237 -1158 685 1224 938 -50 619 118 340 171 204 -1202 -4 401 -869 -441 1111 -167 -371 124 377 313 -485 -205 -360 -47 -1069 1858 156 -143 55 ]
[966 -730 -25 -347 -348 130 678 -43 505 223 38 824 269 1740 -316 1120 -1195 -249 916 1021 104 -430 -1094 159 -146 668 870 -1255 -462 519 545 -806 -456 988 145 1067 249 280 -779 -760 5 -389 -164 -95 498 1294 110 -362 581 371 -376 655 508 -3 -498 -378 431 -9 296 -209 -107 -561 -837 79 -711 238 104 -256 -73 -231 158 1 -856 -155 872 211 -97 373 -1361 1029 -494 -457 223 -69 234 368 515 57 357 665 -357 458 -291 -25 -569 530 -598 364 -607 704 962 19 -275 -367 -83 94 -851 15 -638 929 215 350 295 -115 -629 595 488 699 389 -282 -889 156 -302 -631 928 -1187 -305 69 ]
[-407 414 76 -843 817 1678 -1575 -52 -962 -622 203 943 -9 -385 -319 -896 354 573 358 278 285 -820 -274 99 809 17 -292 48 335 16 -470 284 8 -147 595 833 -761 285 61 -225 -504 -1151 992 -605 292 -52 428 545 565 1138 -557 -386 573 175 378 -866 -264 -159 360 -344 -435 949 429 -144 -533 52 800 -284 533 -105 98 -34 -1053 1394 -475 564 824 418 317 -544 -36 1002 -601 578 1017 188 598 331 660 -9 452 -811 -428 580 -207 -132 173 -64 -502 313 -294 347 828 -162 -1156 -928 -712 -160 -209 213 -732 245 1326 -217 1352 395 177 -696 -4 572 -423 -840 956 -287 -905 -72 631 -779 ]
[281 899 1000 -1375 -168 701 860 -634 -115 -77 -725 826 197 316 259 1277 -827 -657 1745 200 -205 153 -21 -780 469 32 193 -122 177 20 -843 -20 81 695 223 61 701 -910 79 90 -644 89 350 822 -918 754 138 -661 -63 -1211 -523 263 1064 490 -1552 410 198 382 -1247 -551 -512 384 -309 -512 -326 481 -879 468 387 1959 428 -536 -64 125 537 871 -173 174 552 -222 483 480 276 -236 1413 102 -49 476 -10 597 232 805 469 -434 624 1436 496 -97 1421 152 -1202 -136 97 4 343 213 379 -736 -1322 -1500 295 181 70 -95 91 -1527 690 116 -312 -274 178 477 179 -463 257 848 -295 -979 ]
[60 1155 387 318 -636 242 -414 -370 94 534 191 -75 -27 875 525 424 600 664 89 -265 1019 -1449 605 951 397 145 960 651 89 685 -142 -195 -258 113 916 138 -412 760 9 -164 214 880 177 -262 8 -58 -615 8 -278 704 -1026 -406 341 182 -335 82 -431 1164 554 904 144 -195 -791 -619 -297 -949 497 -770 473 -247 543 388 -910 -1377 537 -454 -1338 -681 -227 451 -556 -711 -67 -530 306 -673 -793 1276 346 36 -564 -720 -314 -106 -385 284 -334 -32 -178 809 -364 197 -43 -401 375 499 -292 -435 -19 292 620 361 -94 960 -313 -615 1110 1045 350 130 38 211 -125 -444 41 -972 -1701 -25 ]
[-138 31 143 600 655 -306 458 320 679 243 120 -426 -1607 -60 392 994 1455 378 -938 230 635 447 1142 190 -71 783 293 511 -415 128 702 -582 -423 105 -669 -562 349 39 229 1004 -100 80 -1354 126 -487 -470 221 -220 -458 480 -59 -653 298 193 686 -43 272 -435 1061 235 225 128 -132 -1102 -1250 -26 176 -458 -338 813 407 -910 616 -879 431 202 -26 51 361 299 415 -58 -758 -103 247 345 -640 209 -202 -1514 193 -1232 -149 -69 -236 -67 324 -699 -1040 -1124 642 -852 525 -668 501 -824 1396 -228 509 -68 506 608 216 681 64 -225 -658 848 -490 -913 -355 238 455 -33 41 9 -207 -627 ]
[-283 -212 114 155 -369 537 808 860 175 342 1008 -744 778 598 46 575 801 -274 -947 310 361 -159 -156 602 366 255 -357 -36 80 -583 1110 -378 -24 -212 549 -168 -906 523 540 222 547 -581 368 -90 871 -852 -460 322 -209 729 -7 758 -346 -1430 -6 334 249 298 1200 -110 815 -73 -214 665 456 1137 -165 -825 253 34 769 542 -857 -1144 -729 -244 305 -499 -281 572 -667 338 -936 -388 -969 -49 -1766 1260 -17 139 -381 -1257 -85 -401 -1417 -1348 -68 -293 -1188 395 736 202 534 304 1003 -163 307 54 370 1118 -322 648 -266 1171 54 1034 -95 -497 165 -408 -350 563 137 -235 290 -699 -65 -555 ]
[226 -503 113 378 -758 -1008 65 873 -1083 -219 -960 -176 355 237 1193 -344 52 -454 -1856 -101 -235 -189 11 266 -477 -734 310 -275 522 831 191 602 -371 73 591 -527 651 344 -182 639 -269 -545 -530 1219 819 -436 302 -420 -1171 -57 -419 -637 413 -458 -915 -929 -765 204 439 -470 486 801 525 749 620 1046 619 -526 503 -918 -1016 693 -351 -851 424 28 499 241 250 -446 504 67 -735 555 1003 -720 -333 174 512 -517 -97 -1245 867 299 -23 -454 369 724 52 -579 41 853 211 -1182 -818 -502 -339 -378 1176 302 -149 -103 -713 -352 445 814 441 -471 268 251 -1011 328 -528 612 -23 510 350 -87 ]
[361 1205 -523 -490 128 214 -115 -40 -108 388 70 -330 -143 975 -96 172 101 457 0 445 653 93 -617 690 708 -606 540 540 823 -587 -293 -675 434 -315 1222 114 -977 976 -187 -1492 -722 988 -96 1083 -597 -54 -19 -170 161 2002 -1656 558 -75 30 -364 768 266 488 564 -84 -663 -722 -1076 -271 -318 -943 228 -543 473 90 835 617 -1147 -403 -1063 -48 -290 -489 530 -871 -616 -327 -241 -577 -159 -1105 131 204 -61 445 383 -690 -294 -791 131 -340 310 296 679 -527 335 705 -412 -739 344 629 -752 -1055 -125 339 -460 -21 256 -524 -1229 -268 -339 85 34 856 167 105 577 108 221 -504 -1343 1040 ]
[211 5 -297 -7 -228 -350 -32 -623 171 537 -602 -228 1701 -1223 57 -1171 593 -498 482 -459 -667 643 -201 -526 -606 520 -1263 314 387 -132 305 975 213 -505 36 38 509 -972 -224 -463 73 405 -634 -278 480 -1085 369 -566 -197 9 869 -18 -616 -137 826 -385 -65 1170 301 243 50 124 675 204 203 -15 -877 213 489 1020 -8 -1721 986 492 -1501 476 -339 -692 348 196 -198 452 -5 361 -109 -223 229 -820 -442 996 214 598 -318 529 -111 -474 70 -471 178 -843 -741 806 -1064 -262 862 -782 1140 860 1364 -97 989 -679 -1087 -1629 679 94 -216 -2095 -439 1075 -458 246 -222 1574 -1272 578 -370 -87 ]
[-363 -37 10 -41 -1098 -428 730 534 -264 -14 -179 -864 -350 778 665 -85 -308 895 -158 146 135 46 619 183 -29 111 636 -1462 -11 691 -271 -1266 -73 3 790 -307 5 422 973 -704 137 591 -251 475 561 -230 -648 435 567 804 152 460 105 735 -1000 447 -54 -336 -95 -896 127 44 -300 373 -129 -201 835 305 -18 306 170 392 168 -621 844 1137 640 357 430 -779 519 132 -516 92 1287 -505 -443 -377 1129 -780 -546 -41 1132 -443 1253 520 203 255 -295 813 373 -115 783 301 -314 795 -1030 -573 -678 -234 -369 158 -520 -616 -684 32 1305 783 651 -976 -312 -741 -255 -436 1366 -594 -421 -264 ]
[-839 330 -72 -497 401 815 -77 221 -457 290 281 242 1354 -694 -676 -469 361 284 -787 -17 -992 -990 -398 779 -265 -41 -1019 -472 452 -133 401 1080 300 -828 730 -582 476 749 -80 -369 918 -617 479 1304 1264 -218 -944 -636 -177 -35 -964 252 284 -161 -328 -876 -245 835 104 -117 -477 418 -799 617 1802 -38 -254 575 -688 -687 873 941 -442 -397 -1563 -232 -134 -1084 61 521 -129 -419 -387 -726 401 -970 -488 -758 -1766 -476 -823 7 -280 -651 141 -191 -62 -642 970 -71 -337 1252 -895 -655 -694 -111 -170 473 1055 763 -459 261 423 -140 343 1015 -194 880 195 261 -20 -467 -465 268 -598 -1183 512 -354 ]
[268 -326 248 525 -342 -416 58 -551 633 -754 -330 68 -111 653 -442 -814 -68 -203 -113 -413 -434 -63 199 250 71 334 -825 620 -463 177 -171 -40 -761 679 -185 -1035 1442 -1865 -576 -14 -458 278 168 -630 308 1282 -771 -569 -572 -1648 1257 12 785 -630 -573 -416 -751 133 -654 -118 294 -612 215 376 -895 870 -941 1498 498 902 722 438 -1339 -544 1191 -911 -1013 -1723 302 98 -248 -1136 -327 815 264 822 149 672 -392 968 -327 -567 29 644 -469 -134 -673 -699 332 673 -221 -999 -1042 -577 848 -196 2040 -432 729 362 -437 -609 -737 -402 663 -781 338 172 -1091 -1027 669 -105 -419 113 -4 450 66 -452 ]
[-620 185 -1124 74 -615 -490 -340 -1 -304 228 -967 -777 782 -612 888 723 634 -367 -928 158 310 109 55 786 -117 -174 457 33 -555 477 314 167 -24 -916 85 -319 -149 -597 -1312 -411 158 -238 -332 988 667 -18 297 -1470 -517 71 67 -262 -277 419 -129 624 -1170 447 754 -603 -142 50 -517 751 329 454 -878 327 -620 -33 -46 -88 381 -130 -791 321 -309 182 408 -1180 203 68 -1472 272 524 -775 251 -319 -341 266 -197 -342 -159 413 927 -984 -153 156 -91 -244 -72 1634 -1090 -532 113 358 -84 284 -360 -165 24 -219 322 -105 456 -526 -165 187 -297 -23 -61 -806 -321 545 -178 184 -554 1156 ]
[-692 604 283 -19 580 4 914 1255 -255 -148 430 -729 -313 -452 -363 417 1517 522 -787 774 -85 862 393 -629 480 512 -616 1044 -674 -884 475 645 558 -160 -222 -508 281 -458 1028 -187 236 27 -381 -1299 545 -43 70 247 292 -35 36 156 -405 -351 532 684 697 -226 135 507 -414 -89 -749 1155 421 328 -936 648 -63 821 7 73 -175 9 11 -192 542 -374 -579 845 -756 258 1178 -639 -1547 -348 -62 329 120 826 -1101 793 -727 457 8 688 -605 -574 -528 370 457 15 -564 -237 -376 875 27 -205 -751 170 -443 228 527 -16 -88 733 -1349 367 82 514 1125 358 1261 -32 -221 404 1093 516 ]
[14 195 137 229 89 -445 279 -400 1276 257 641 -251 558 -411 -73 -511 531 -95 -1498 -230 257 -114 370 243 -437 -360 311 -41 601 -542 92 -322 -196 -362 -115 -1010 237 139 206 365 -753 582 -133 409 -874 -609 -171 -102 67 -158 520 252 -868 1286 445 14 -451 972 69 -19 99 297 -779 43 -491 -1016 746 481 413 330 699 551 1100 95 -614 -403 293 -944 631 -1575 466 -113 -674 143 487 -949 329 -1042 -122 -624 -87 362 -208 197 631 648 849 -169 -227 -137 -708 -1501 -321 -728 -150 -378 -624 -826 585 565 -746 -132 -177 -463 108 -402 -18 -103 29 441 216 198 -461 -96 -127 -739 -1022 -1108 ]
[-392 270 1052 -383 -617 -140 -44 -651 -344 -280 -403 8 942 481 643 649 -266 -332 -41 56 -455 -62 -213 461 580 225 -560 -698 764 247 339 793 -29 -900 -185 -270 478 28 -725 887 -836 -69 -46 1106 525 -12 990 -1205 -850 -521 -947 213 -307 -796 -926 -356 -104 1696 1067 -713 1441 408 -92 669 518 820 157 740 1228 719 -195 392 -522 344 1313 741 -557 398 -869 -35 471 316 -1180 222 829 461 -932 75 -80 -219 -247 -310 151 750 286 -275 412 279 927 156 -596 411 129 -282 -489 -631 -443 281 480 -138 -321 397 -107 -893 -281 1079 1728 -139 -709 -528 -52 -937 -1040 218 514 180 30 281 ]
[-487 -1284 -659 -682 -122 -68 825 637 258 181 -869 309 383 610 364 39 347 24 -769 -489 -262 502 686 234 37 632 806 -208 -599 1308 314 -319 -623 461 64 -167 357 92 -49 1477 -651 -744 117 611 193 -486 504 -148 554 41 907 -272 541 868 -782 -302 450 -888 636 321 124 -71 542 716 -351 985 8 -878 -1448 367 790 -829 2035 -362 1836 -72 741 426 588 378 -27 465 -957 -289 776 -666 -215 56 1114 233 334 -44 33 367 602 400 348 141 -106 -1463 676 -271 21 194 -389 -1525 -1 -49 926 -275 1517 -55 -1111 -474 -344 -515 166 169 14 -470 -898 -176 90 251 37 -187 525 -67 ]
[-117 1098 494 -804 789 -42 -238 -550 -736 -388 -580 -403 -762 -1232 535 3 -409 489 336 -1090 -383 -269 8 -638 -366 381 -916 535 316 -369 -690 1038 151 -367 272 111 403 399 341 -101 391 -288 -457 -319 -585 -262 752 364 -218 659 -557 -1159 -284 1418 805 70 210 -167 -289 101 396 219 534 -499 745 86 293 -342 -440 -260 427 -382 224 385 -131 474 85 1738 -693 -475 -42 -239 -793 1173 -156 1055 234 -545 -347 -354 628 988 -236 -117 55 -241 489 -166 364 -667 211 -384 777 594 -665 554 -425 -261 120 265 -896 373 756 -23 887 1102 144 -856 72 -286 338 -576 825 640 -1279 -314 -270 975 ]
[-356 785 324 325 -42 271 -829 -14 -148 310 -374 488 -363 -746 -420 563 122 -253 562 555 2120 -968 -454 -324 467 182 -425 695 155 204 600 -316 -50 129 404 790 -1041 87 -19 -656 618 457 284 -1 -107 -1009 -1216 874 120 634 -806 -747 916 -17 -1025 53 -455 679 25 347 245 -813 -693 -791 -295 -1123 71 320 633 29 -242 -370 -1152 -1032 -535 -371 -1184 -234 -560 -268 -645 -351 -12 385 -286 375 -492 1473 -228 -286 -450 -1260 -542 533 -467 -293 -184 -354 -482 139 -731 227 388 -113 411 953 -40 411 -253 50 335 424 581 771 -374 -112 535 100 -980 12 124 -439 -267 -257 -186 -12 -1368 999 ]
[662 225 367 892 -461 -1557 -357 -573 -475 1065 1003 601 -964 -825 528 -776 -628 1244 247 -17 58 525 750 -887 -258 634 -1330 -123 -1 -406 75 166 345 738 -468 629 67 -83 1041 -364 255 214 -954 -103 -876 -1004 366 507 -418 468 976 156 -352 -275 592 -978 347 146 241 406 -93 -429 61 -1304 -559 -633 -809 520 478 890 788 -873 388 -142 212 482 -194 -268 12 -152 -428 -278 989 -176 -495 938 -732 846 882 818 446 712 -397 -399 -326 1103 207 1203 -317 -120 -614 46 525 435 214 -158 1054 -116 -405 342 398 -1245 503 -445 -466 -436 -324 -719 -1112 368 274 425 -31 -701 787 -148 99 207 ]
[-62 -123 -278 -1039 -845 -1590 225 499 -82 473 -524 114 -221 -1371 750 -1393 99 -41 -325 -543 -998 445 876 -130 332 -1119 72 172 -1224 200 -230 1515 -845 -855 186 -90 936 327 1158 1052 907 -322 478 5 36 -243 583 -46 163 -894 721 -1052 1038 -94 -644 -362 -123 -580 -684 664 92 734 135 291 31 296 1545 553 533 -472 659 -267 793 -780 -963 567 317 -603 1001 -1027 513 127 -787 952 -71 -1022 25 -563 808 -377 -1015 -284 434 597 1085 722 -191 681 -160 149 -453 101 -89 108 -235 -492 252 -81 940 85 -373 -575 -1183 -833 477 372 2114 253 -731 -531 -430 -439 45 834 -702 256 1506 -6 ]
[280 18 59 -35 -569 -598 652 626 249 -1239 -413 -433 462 -614 943 -106 106 512 -461 3 -672 453 -56 -482 -1207 296 -207 202 -114 -352 451 756 -603 -451 -214 798 -187 -461 194 1336 -275 -362 -4 -494 -482 246 755 -282 12 -482 115 -9 -892 604 500 -27 228 163 -106 3 361 504 -419 171 -643 110 -902 455 -434 -276 -451 -178 886 -41 -157 -49 408 329 -390 148 -173 714 -209 373 313 -550 1245 -1765 837 -338 -351 740 -733 1433 172 611 -712 592 -410 -1224 -270 1210 -688 -266 -313 -825 701 150 -141 320 -946 586 -299 -655 152 726 -101 -29 -63 743 -1104 65 476 -616 -362 -279 63 -202 ]
[69 -1218 -590 -18 212 356 1070 78 843 531 -725 511 276 2169 -108 587 -808 -748 580 1359 -828 -580 134 472 -686 -676 964 -434 -1165 1005 789 46 -254 1022 -8 1331 328 294 140 444 -512 -389 -353 -221 430 464 62 -1192 239 -188 -46 136 628 669 643 625 385 -1404 848 167 -1132 384 -530 -425 -721 -281 -601 -708 -722 479 996 -301 1550 376 -302 365 354 239 649 423 -320 365 304 -1526 767 -890 -59 437 -255 102 -292 577 -241 -429 799 974 -84 -265 495 -394 394 1078 -238 -301 264 -472 93 -194 -404 -300 1205 -34 556 733 -617 -855 -817 815 305 563 -246 294 143 -368 901 14 198 -595 ]
[710 -468 114 92 -49 -433 1074 189 -421 -939 -1319 -1301 5 -148 -114 1586 -884 -1052 -237 -342 -118 1381 352 -326 1137 37 879 8 -3 688 -545 331 962 -699 -1063 -301 -366 -519 -655 10 101 -482 -1493 850 1400 -207 -26 -566 1197 -951 20 -194 100 455 -274 211 -537 -678 -640 -942 -370 -88 749 145 627 -126 1380 1598 626 -660 -387 -506 -103 -269 58 -13 121 743 -443 69 -511 -438 57 744 -1401 -16 489 -888 78 915 280 267 1088 1049 175 -85 -475 -545 273 -119 -85 26 -898 -37 -145 -95 648 24 153 432 -267 209 -798 -26 41 864 1184 -178 27 -1348 -21 -223 56 731 -522 602 369 1572 ]
]
