[[148 244 527 634 -242 450 -261 687 143 161 58 -26 422 317 766 -325 720 -193 661 -11 182 390 -132 311 -129 -18 -783 147 -266 110 66 -149 -393 -202 -20 577 118 275 450 331 1122 -181 593 -29 -107 347 495 -246 37 199 514 234 -159 -428 -606 -321 864 -401 -457 153 384 664 249 -266 -327 -203 -213 19 -201 -2 -468 -53 -41 140 1074 624 -683 279 716 48 -141 -905 -843 -325 62 -28 906 224 -495 -111 818 -76 388 242 -435 191 -332 155 -261 260 797 -53 345 172 497 282 438 -400 712 -687 122 637 22 235 -480 40 -449 -368 -601 -137 100 -50 342 -131 -173 -32 1117 438 ]
[928 544 154 518 -155 143 -469 107 299 -548 -357 382 39 -120 -383 -847 503 -747 -616 -334 -437 332 -217 552 -829 65 -145 -154 -326 372 1082 -374 748 -781 28 -810 -429 938 -430 -712 -649 131 -766 46 -115 -36 -426 -93 5 1155 692 -148 -78 50 -403 -194 1130 -258 340 26 90 -328 -367 60 -703 653 116 -159 -79 -140 296 -478 148 46 -37 -663 -207 234 -416 -607 303 -101 -79 182 513 -237 258 -563 922 -666 227 -250 809 109 -690 142 51 307 94 158 189 -280 -538 -537 173 -302 1106 83 -236 -357 -496 394 -257 -218 323 -264 220 81 -684 220 -174 798 367 -178 -380 -357 596 -682 ]
[31 -766 882 -150 520 247 -370 176 -189 38 -707 211 311 678 1123 318 -460 -131 -68 -547 -191 139 177 292 263 412 -1081 558 923 292 -60 290 -878 749 192 1321 159 170 636 981 934 -45 512 -106 -206 -384 -33 -314 415 -130 -150 -77 -522 17 -96 -292 -433 -389 -435 -65 688 524 641 471 598 -706 -504 99 -51 140 41 405 2 -160 982 795 -142 508 168 32 -501 -190 -57 -340 -969 684 827 477 286 -317 -395 -146 -121 -474 -13 661 13 608 -429 224 485 77 752 -45 461 354 -728 594 1625 467 1224 475 234 315 -602 23 -396 135 429 15 727 -1077 -405 377 -217 422 128 520 ]
[-391 619 -708 -538 219 -889 609 -53 -55 405 270 -1130 -550 -750 427 100 -82 277 2 451 -497 336 -6 364 326 37 1054 501 442 -543 -778 96 -295 694 721 376 72 67 429 682 772 -875 392 -633 -63 357 45 -930 -124 -615 -840 622 -60 -658 822 502 -266 64 334 158 326 -64 261 338 910 -36 -770 513 -113 -665 -93 531 472 755 -637 13 419 -598 -190 62 69 420 505 101 963 154 -356 -517 -174 457 -264 263 -575 -413 430 57 713 -801 -401 -249 368 273 91 771 200 -35 -1634 9 111 161 -392 -255 238 -426 397 835 80 462 28 35 -490 -22 317 -303 -110 -171 -740 891 ]
[-128 37 493 610 202 156 -648 215 -305 -535 -541 -645 657 -635 279 -749 25 405 -14 -233 -105 483 -420 754 42 -113 834 1181 -96 -295 -328 -104 -224 60 715 -443 -284 334 70 382 177 -410 492 421 -232 -289 27 -95 -113 235 -539 57 -993 -38 -157 433 308 127 282 170 396 331 535 56 411 -327 -514 -174 -70 -376 61 936 -44 -7 -944 205 511 135 11 499 1050 726 826 680 -1068 -125 -348 -196 -168 -715 -430 -338 39 -378 -760 71 1174 119 -628 460 -488 22 253 -778 148 52 -691 -172 638 171 196 -93 849 -411 -28 -275 -1065 179 507 -640 -224 -578 11 183 -403 798 274 428 ]
[-206 -788 310 566 -168 536 -157 311 -128 423 851 -724 514 -402 -79 70 193 569 -138 475 381 -251 -24 -931 -194 -370 632 515 -215 -13 188 -677 332 12 -335 -694 -17 -520 -226 -101 401 1063 686 -197 -139 -223 763 1258 -706 -463 -95 -416 -293 276 97 150 -727 706 -1024 -614 -996 289 -174 -1462 -395 502 962 78 -259 -136 -264 742 -465 261 -412 514 -954 524 -104 590 302 241 -20 576 -913 -1201 -274 869 -575 617 -654 -145 -27 976 -78 -1020 635 307 -217 -42 -782 -176 267 -298 -264 420 -298 -1288 -480 20 -44 31 784 -137 -466 -1074 -23 -1026 -382 -484 157 -230 -232 -47 -438 1184 -510 66 ]
[562 144 -256 -752 402 327 -168 133 -74 -449 -413 -1187 105 -51 937 337 194 -454 -146 582 -1100 -305 58 -440 1035 -27 -296 -64 285 -230 498 -544 284 711 243 387 -198 -74 -42 -594 613 389 50 -1222 -230 -45 -234 -342 155 260 14 685 -752 -315 565 46 -453 200 -300 -216 23 -282 596 512 538 412 -1418 495 -245 94 -291 441 -112 -206 -573 -717 -274 151 33 -887 -429 120 54 -523 384 -202 437 18 1400 708 283 609 88 49 -194 646 443 113 -461 -375 370 106 -590 -17 -165 332 -714 -26 -702 -16 -554 236 -698 134 148 -252 112 -98 -1179 858 62 680 342 479 -135 140 -33 129 ]
[-500 483 4 -181 -334 -352 256 338 -387 1630 157 -1060 -278 146 407 -94 -239 264 473 603 897 107 -56 486 18 -134 975 762 -306 480 -575 425 -590 405 618 98 16 -454 44 998 333 -143 510 -429 64 -89 415 -1184 -673 -744 -221 -97 -156 -171 239 -136 -317 374 -38 -459 -41 1233 -411 -1420 -919 -27 -32 537 -129 -193 151 260 -105 1035 -204 726 -273 -787 -925 534 607 -274 -29 382 -479 208 -572 460 -1289 -148 -575 -117 -384 -396 363 -808 351 -353 144 335 195 -68 723 954 451 382 -268 -1086 -47 33 -488 -203 828 -672 -160 375 216 -99 -344 101 336 -182 -342 -822 -827 -246 -262 925 ]
[159 242 83 -113 352 -260 -70 288 233 -1936 -128 664 -200 -458 -198 -974 145 -74 60 -416 -547 683 -643 1240 -1094 15 -20 1173 -94 43 -476 111 664 -760 743 683 -582 736 637 733 -22 -956 -269 -504 -345 -243 -164 -580 615 741 549 -77 -80 420 -897 -208 1209 104 1074 -256 881 -442 71 150 89 -67 849 -183 306 -572 64 -59 418 308 585 215 876 -197 -188 -320 -121 227 395 904 733 517 -383 -632 602 -1056 574 -498 147 203 -1106 656 -191 -522 -284 806 14 -321 295 -10 291 -656 64 248 1252 460 -135 621 329 203 303 768 -258 990 176 144 -727 -771 -182 -84 -320 -277 695 258 ]
[793 -779 -56 170 301 772 26 504 271 828 -727 -299 -55 971 -477 546 -1003 -783 -328 454 -65 -542 101 -191 703 54 -1046 -467 -295 600 674 228 -510 814 -525 -682 316 -409 -1101 -1028 27 1244 -307 -148 -336 -1255 23 282 480 -173 -504 451 -456 531 457 -611 -962 -203 -180 -380 496 -191 226 -615 -76 -239 -259 -50 -131 470 4 -169 140 -424 -405 -539 -664 491 -698 -779 429 -134 -73 -393 -229 384 -28 429 743 -249 -1062 -376 523 -412 1106 -782 -237 924 -256 285 154 -121 -136 -448 -346 -359 668 -203 -2 342 -475 -88 -760 -248 111 -829 551 -379 126 448 551 680 -188 37 -670 947 -512 -359 ]
[-703 -963 834 459 -170 642 346 215 242 -990 779 877 465 1056 -298 427 -412 -25 632 -393 154 430 -21 -18 603 118 -435 267 -17 -231 -312 -50 -557 376 353 500 450 -613 -15 354 259 -192 954 1140 -396 -572 1005 513 1127 -227 -614 303 559 281 -994 -12 255 -400 154 -143 643 -54 77 489 1451 -1114 619 -940 434 -124 -293 -220 -28 -207 356 79 380 220 756 82 -482 -708 -299 -833 -385 163 226 -296 -762 -587 797 -196 414 783 -67 -40 -599 534 283 964 45 102 107 -475 -958 32 885 402 1499 155 61 -40 -173 331 -622 -101 -851 351 418 -591 97 -712 47 532 68 628 -527 1066 ]
[-832 -228 434 360 -705 257 498 -368 -690 489 -369 106 139 673 -314 818 -307 127 911 660 1032 -686 201 371 1479 225 766 -714 -60 659 -248 186 -819 523 240 -333 359 -1271 -393 -36 -65 -50 815 979 1265 -35 381 -418 711 -1007 -910 616 469 -171 202 679 -680 48 807 -270 581 462 -465 -211 805 -1098 -493 -445 295 506 20 -68 139 326 -1006 -360 -138 -539 394 361 539 -431 353 -562 -518 289 -16 -247 -1478 125 154 -95 -85 -86 689 437 -764 -78 382 -175 -154 341 225 221 -782 -513 478 -345 -971 -486 -462 -293 -103 -626 -118 253 -560 258 970 444 -306 268 -138 -82 438 162 288 820 ]
[555 294 -92 748 51 -184 -553 -447 -528 -151 -1035 -918 -474 -496 -103 383 787 205 -182 -278 245 -262 -185 -433 -515 -115 -486 -436 -458 -432 -30 299 -28 565 -153 -24 -61 -86 -202 -376 307 148 -314 -61 -63 546 17 150 -196 48 112 1296 177 -234 728 587 553 408 364 254 840 -604 238 767 958 213 -419 12 27 -161 -631 42 -327 -208 315 -630 199 702 1110 75 478 463 342 -247 156 -32 -61 -394 -151 404 -395 177 -257 -420 102 53 868 -468 -1425 -801 -43 -166 146 -333 -211 -332 -1502 169 -295 -387 347 -305 248 358 -350 217 -601 164 1325 14 51 146 656 -217 -17 584 -103 281 ]
[254 605 607 1194 -291 -39 -648 391 -111 195 309 -202 -371 159 261 -936 489 -40 -47 -394 1058 520 440 599 -452 454 173 380 -396 454 556 729 -11 -603 390 -651 -558 805 37 802 -1287 -9 -142 671 -586 47 342 -1183 -449 1030 33 410 475 -185 -458 -115 843 182 939 -631 157 -913 -247 -340 -560 -330 246 152 234 -332 -212 -249 -9 510 880 -324 145 -229 93 355 829 -992 633 -234 -102 -85 379 -813 -750 -1348 -570 208 159 -147 -541 -332 746 535 780 29 344 -429 8 -656 -18 -102 709 246 -192 -508 -342 -208 439 -400 -375 -314 -279 906 249 72 69 -303 1274 -283 -744 -45 377 778 ]
[70 -335 1246 16 -328 -628 -969 -333 -41 1022 582 1064 388 218 389 -268 -441 362 -738 -171 1434 -745 292 420 -203 255 -543 108 -185 123 688 638 375 286 -601 -58 -313 33 -700 445 -776 853 -689 1384 348 -506 193 194 -231 714 -424 -182 226 887 -136 201 -1123 102 534 -422 -441 -602 -609 214 -198 -148 547 -200 -24 15 906 504 360 -197 666 314 -504 797 -392 245 233 -253 484 418 -232 289 458 -214 -319 -828 -1217 97 219 -738 114 9 -34 997 907 -476 -140 -207 543 -652 -412 -522 527 748 -109 958 563 627 423 -486 -135 -596 80 -39 453 -149 494 -556 -496 -164 -265 506 -10 69 ]
[181 -150 -559 -63 341 735 -493 495 209 -192 -810 -437 440 -284 -167 -552 120 -569 1367 -86 -677 -569 -858 -673 458 202 -474 -67 -378 334 413 -433 398 -1182 201 -468 -438 316 -59 -689 -1181 202 -796 76 -499 161 -1369 -300 -973 365 782 -548 -544 461 -203 145 412 495 50 57 -1084 837 373 -373 -1411 175 -203 -91 -5 542 -451 119 -214 -1320 -595 -211 949 94 143 442 629 228 198 257 -1154 -24 -826 614 32 204 685 -325 -665 84 -959 25 -661 -137 -304 8 -428 503 -728 -403 400 76 981 -980 -839 287 -797 -738 -681 182 666 -1120 -519 -614 -490 -211 135 -124 -265 -65 -67 -275 1498 -932 ]
[641 48 -1128 26 224 -270 1290 -247 650 -598 516 -415 -27 -60 -1471 -244 467 -225 93 -521 -187 1078 -596 -457 -1008 31 368 543 -562 -411 -491 -64 719 -271 867 -779 -475 949 -262 182 -818 -505 -469 -146 -858 465 -709 -78 -467 322 -219 476 925 -577 -835 686 972 267 690 -26 75 -93 286 -171 394 545 1343 -537 427 -1284 -940 -425 620 578 -748 -811 1175 -454 -35 -57 810 906 -411 -53 1176 193 -583 -975 -104 -149 967 -143 -123 27 -741 -791 599 -998 48 357 300 336 -305 -16 740 -477 -266 248 839 -598 -476 -347 76 -28 769 108 -16 260 164 -646 -440 263 518 -273 -464 -176 -1056 276 ]
[-744 -126 -449 -1124 285 -141 22 -259 -127 -666 48 -1612 -435 199 488 660 136 234 -368 -57 -1418 456 60 -1356 -418 282 -65 247 677 -105 557 841 344 745 1378 568 -609 213 521 1339 -720 -51 -162 -1979 -942 -112 -470 -163 -539 361 142 316 -13 2 129 380 -1562 988 -34 -406 -684 -1117 502 48 711 680 102 128 376 -327 -612 63 -760 -174 -401 -1063 535 -55 -711 -367 -674 -220 321 -186 370 6 -388 -281 412 956 -389 1100 -935 730 -430 -62 1235 -153 -264 156 117 -47 -653 -270 313 273 -1762 896 9 -8 166 -398 -326 115 -165 -810 35 -85 -216 470 765 -221 724 168 -604 516 -1494 628 ]
[123 550 29 -374 -337 222 469 474 1056 905 -498 -117 -419 934 564 -423 -647 -919 -919 -75 -1243 971 256 728 -324 560 166 -692 527 279 634 -239 -462 1211 462 -817 289 743 -419 351 482 -1189 -80 -1099 -367 -120 282 -920 217 788 -757 -396 195 -635 250 -1098 -112 -890 -452 928 -13 213 481 -641 155 525 -11 328 -52 -433 894 -429 -194 751 20 -65 -708 -487 -1711 -239 -597 -845 -356 -685 881 39 981 -420 772 -824 -481 -533 1312 -393 704 -313 250 419 415 1318 1192 -325 -248 -102 879 -201 386 629 1077 -247 167 643 -1323 -633 267 -515 638 -348 -1091 -18 119 907 331 64 -747 -384 -987 -34 ]
[83 -2 -871 -785 265 694 927 -849 1160 1 991 -277 -119 -173 -83 796 -121 -197 609 39 -388 20 193 -1369 -89 -74 117 -529 135 -254 -139 -1164 11 581 142 244 40 -575 10 -531 -629 -890 -290 -152 -204 398 -301 -263 -103 -231 -208 -327 715 204 663 669 -73 123 -1183 139 -1693 427 -445 486 442 387 386 429 -491 -402 251 -322 -300 660 -67 -235 -297 -227 -909 -260 -592 585 -31 -675 583 -327 -20 126 423 513 777 408 -181 -63 403 86 -91 -662 208 -189 -290 206 -916 924 -337 74 -6 -889 -1085 -111 -841 -945 -628 -60 971 -113 277 -175 -1497 -218 46 411 -636 -181 -226 -877 -1223 -134 ]
[-115 42 -4 -524 -341 -708 -83 72 -43 822 30 818 -707 836 -55 15 -1738 -282 -376 152 962 -1049 734 629 -330 -93 170 -184 87 139 -601 762 -503 -261 -1151 253 313 -248 -1 487 -65 1112 -344 -13 -81 -380 452 -184 -641 -208 -134 325 -708 584 798 -642 -627 270 369 -578 403 -324 -98 -637 -710 90 -340 158 209 428 95 87 281 -293 42 490 167 -126 -330 791 -321 173 360 -63 -1056 501 -178 848 -463 430 -644 277 -122 -219 624 -443 -539 210 402 -320 108 62 945 -53 274 130 478 447 -178 990 871 488 595 170 -259 131 694 405 953 42 -113 -130 -496 -173 297 710 518 -512 ]
[254 -939 152 -541 913 631 444 -39 260 370 -969 133 377 1620 184 394 -1126 -267 1410 651 813 -212 -287 -158 454 -597 -751 367 -217 385 -1568 -16 -332 -90 -551 220 276 -223 645 -1 584 312 399 -713 192 -187 -133 898 153 85 512 -5 -985 322 -662 -532 -26 -29 -628 -707 504 1273 639 -1102 -890 -1092 133 887 341 843 -983 -250 -159 -830 -138 602 663 -25 12 -40 30 794 -502 -552 -1183 967 -352 1454 533 -42 1424 -250 37 -595 -70 43 -1023 -471 229 -50 -259 412 893 527 535 644 736 -120 892 218 797 777 -51 745 366 569 -203 -90 -478 531 -320 -115 -1197 493 -370 274 1658 -470 ]
[292 659 870 75 -162 -947 -410 -923 699 615 -536 8 -823 796 390 101 -742 -1000 -682 -352 -439 63 -54 208 -684 348 -627 -711 -120 659 960 -221 -239 541 -146 -15 34 787 -200 611 -1475 -1111 -1084 100 721 -59 -696 -316 217 639 -198 862 1309 682 1412 883 -298 -143 649 586 -367 -13 -1050 984 1577 198 -241 -81 -58 -277 1389 -542 -48 -450 105 -1204 347 649 -1267 -90 -392 -151 1042 -764 389 615 349 -854 231 -966 -687 117 193 -552 382 73 197 -245 -45 -843 129 -564 32 -25 -1093 -277 -233 1039 -506 342 -161 454 -239 -1129 591 -354 415 70 -77 282 463 519 24 -1052 -629 -96 -632 443 ]
[333 -117 185 -951 220 -458 184 -680 216 -1541 -892 -979 182 1060 -8 32 -467 -670 -1092 81 -2070 1102 -126 -526 -918 -116 -202 548 479 -607 -37 -261 919 202 645 227 -721 1445 237 131 -73 -749 -1071 -1756 342 -239 -1014 1007 368 1112 515 209 -420 230 96 370 -147 237 -638 529 47 -463 503 -350 632 698 -240 776 394 -411 850 347 -51 -330 -1120 -1125 454 -306 -1080 -651 -797 1436 -61 -356 424 30 -247 109 1615 363 184 81 422 -292 -804 417 881 -242 -651 -432 208 -437 -792 -588 852 39 -425 1134 360 66 -107 710 -222 -13 613 -81 282 -5 -1059 764 96 230 152 576 -209 242 -345 -608 ]
[1127 337 -841 256 -383 -465 243 105 909 704 520 197 24 -254 54 -110 -338 -717 179 -617 -506 314 352 -412 -1437 63 190 -450 780 -283 883 -253 706 -565 -326 428 -3 1315 271 -9 347 143 -574 -322 -664 492 -760 -515 -366 -182 452 -212 -184 -507 390 623 498 -242 -748 655 -591 -93 -426 -441 -871 464 377 560 -351 -1162 123 -102 1134 682 635 355 -202 70 113 187 -400 632 -786 -218 204 33 338 744 144 390 -27 158 70 -266 -234 -6 -397 -221 -542 -377 679 559 -770 150 1536 -787 325 -534 -714 -207 -398 -683 183 272 739 203 236 194 -181 -555 -156 -276 252 -697 478 -819 705 -871 ]
[343 66 237 491 -731 414 861 -39 -534 950 -221 -655 -510 724 -439 -220 -351 -347 419 534 42 217 -431 217 342 -272 1462 -334 -199 -92 -986 -992 41 564 -68 -1329 941 -163 -175 -223 1083 -703 1098 -533 243 -11 729 1383 7 -1119 -801 399 68 -849 857 91 418 -118 148 719 461 858 -3 -1517 217 -328 -79 642 -45 -415 -292 -293 -408 1025 -573 -703 18 -333 -271 466 167 655 -211 -542 -1247 -735 85 1259 -698 -466 923 -326 543 262 778 -675 353 -273 -403 108 93 40 732 429 -113 429 37 -530 -344 -511 10 111 505 -235 -269 736 98 -28 529 40 -64 588 22 -4 -124 207 -24 733 ]
[229 389 238 311 566 688 307 -745 6 290 -276 391 102 -372 -242 -343 319 -267 -964 -319 1310 -166 857 649 -1093 189 1146 53 -76 734 368 -311 -16 -186 -148 -1081 -67 354 -452 294 -580 180 31 572 342 953 -190 -452 -544 864 249 -167 369 186 44 -120 1408 -161 -453 -1038 349 505 -497 -96 -741 540 529 -474 -262 137 -58 -529 159 1319 104 556 -1087 43 -619 105 721 571 -37 308 -625 -952 294 189 619 126 -242 -439 736 -365 -391 -110 1168 263 51 -241 -296 150 265 112 -70 132 -17 -686 5 -663 1117 697 1630 287 306 258 563 -11 -531 -324 -598 605 -509 -381 -815 560 -369 -867 ]
[-746 773 -656 -761 405 124 -430 -669 505 99 848 496 733 333 1116 1245 -183 500 194 -218 -10 -518 625 -688 207 -10 -349 -728 -280 -851 730 1147 -730 371 -3 756 63 -203 39 -154 -449 -13 322 429 -432 92 170 189 -163 354 -17 131 75 291 97 736 -901 -570 -720 1009 -517 -253 -248 1392 1145 -394 -1145 -629 94 280 -283 -396 226 -848 889 95 -78 280 76 -156 -628 -650 3 -653 406 -169 679 -277 163 958 -34 1487 -138 -273 -359 779 741 745 424 88 335 329 -1553 -304 135 10 28 913 -459 -646 594 -958 190 963 344 146 -337 -281 -456 -578 278 330 246 291 1016 -400 16 40 ]
[390 -848 -350 234 -281 509 370 -7 311 -1761 -12 -293 350 -491 -322 299 -75 -318 -313 -404 -1731 1693 -101 -403 -220 -407 -43 624 1202 109 769 -362 953 117 447 -157 -217 204 -135 204 69 187 -70 -1372 -249 -361 -202 495 903 29 255 173 -603 -14 -338 120 -742 200 -90 -430 -753 -891 233 -167 801 -124 593 643 -5 -959 334 155 367 392 -882 -521 -225 275 -951 -921 359 829 287 721 576 226 -131 -307 1342 -469 -327 -26 497 515 157 370 397 -200 -1287 426 -434 -204 -279 -795 75 -356 -1252 530 206 236 -630 341 -30 -868 211 -394 353 455 300 571 -6 -610 385 522 -601 291 -501 -443 ]
[40 84 -676 175 -499 166 -130 -215 -414 -879 -1252 715 36 471 44 1055 920 299 374 206 -340 -200 -378 -816 481 383 -1052 -1218 -91 9 951 -4 5 21 -345 -562 -318 -374 -165 -1294 25 686 -50 -71 722 936 -394 408 -476 768 808 -196 338 -226 -485 -495 -406 -24 257 300 -5 -85 233 35 -15 128 -81 -57 613 1323 -350 -441 -576 -424 486 -322 -302 94 888 -520 574 -303 -374 -391 1145 164 1246 -1449 -44 545 446 140 812 -76 222 760 -500 -351 220 -483 656 -308 -340 -899 815 -358 883 1055 -602 -1166 164 312 -1194 589 233 282 -56 -444 447 1209 -290 1311 361 1340 1118 -1108 531 -685 ]
[-1122 -899 -49 128 193 786 998 249 587 -864 -389 299 46 692 -258 563 -921 549 -260 244 183 448 530 -58 387 272 704 -133 637 455 -376 -41 -434 551 -34 -736 -34 -367 -52 416 -251 -164 788 -639 307 -310 182 -260 618 699 -637 -295 -501 442 425 -219 -928 -209 13 -408 400 -274 830 -694 -49 -543 465 -284 367 -45 -300 260 181 584 -1228 267 -980 -521 -769 545 713 784 568 -226 -387 -110 831 -393 -348 339 -779 -1040 868 -118 929 533 408 35 84 123 214 390 567 -714 -21 -616 -159 206 228 -287 692 351 189 -113 469 -610 429 -12 324 148 -1344 -57 -176 755 213 792 -774 -977 ]
[-217 553 -48 -292 715 1332 82 99 491 -228 -1401 -441 -559 -51 462 3 312 -315 310 -1079 -21 254 -145 55 72 -437 -213 16 150 47 55 -262 -263 306 413 -194 -95 -546 -585 -240 -756 -107 -384 257 -1058 -11 -313 -1683 -495 823 774 51 -220 426 539 -1012 1600 -82 -324 -727 383 328 557 1188 -977 218 -879 77 -569 662 -308 -213 -649 325 -680 67 -341 -5 -894 -193 947 888 129 217 -1141 -299 -89 -81 650 -923 468 108 816 -646 -217 239 984 -307 -724 159 194 55 -29 -503 -549 729 -539 -238 374 -4 124 -176 486 301 284 -75 106 555 -512 57 22 241 -83 412 -535 -252 -407 -871 ]
[-106 714 -494 -87 -284 106 200 -21 187 1136 -586 -719 -1399 995 495 201 -197 -429 317 207 -336 -351 -543 193 -701 -643 -560 -1108 -575 -399 -302 252 -347 735 290 -77 119 -347 -160 -668 -107 -976 -71 -880 -157 -414 1014 727 -372 -444 -73 166 411 -421 1239 -53 864 -298 -687 1253 55 114 -91 203 280 173 -595 38 -208 362 107 -1153 -1294 51 -13 -842 218 336 -653 -7 -670 -86 401 -556 623 -217 -412 -370 -188 -153 204 -81 225 -50 392 143 155 -502 91 550 248 -713 -420 521 -243 559 -3 171 -164 -818 -344 -381 -707 -232 -322 -83 -39 111 -623 129 595 1238 380 -585 -213 -419 -695 358 ]
[-309 -809 1405 596 131 -371 -129 -333 379 905 -109 1209 732 813 779 800 -1618 29 -694 -426 312 -128 72 -146 52 574 209 376 364 -621 -49 -1140 -727 812 -1059 219 473 -322 -149 127 1164 87 540 1908 762 -497 244 644 387 -151 -997 -265 648 661 164 6 -525 -42 -1452 12 340 935 -1046 -130 1219 -734 994 251 82 323 1257 1470 165 175 746 1559 -628 271 32 207 -576 218 81 -651 -1050 404 -21 536 -579 -774 -761 -367 1227 -173 409 -638 -498 459 179 -257 -644 -161 741 -416 -328 -74 525 144 1251 897 456 260 493 7 -84 169 -671 37 485 -774 37 -315 -904 268 487 402 -6 613 ]
[591 1119 1208 719 -279 -285 -634 -178 -47 482 -1315 -749 -1114 316 189 152 905 -37 -1032 -336 -947 342 80 498 -777 -115 -1058 -59 392 633 572 530 -613 69 148 420 -296 277 -284 -218 922 -70 -946 -666 501 -400 -341 -918 333 1008 739 747 -642 -139 668 -335 395 -99 16 565 814 -256 196 550 -593 1021 -1378 1030 -582 229 10 51 68 608 -212 -448 -1532 110 -571 -499 328 -742 -834 -351 492 619 1097 -300 294 443 -664 918 295 -504 474 452 961 276 -828 -710 1451 -706 -44 21 607 -228 -558 61 -689 -766 75 437 -363 -401 -425 280 450 66 -558 1215 292 1034 918 -237 175 -296 129 -809 ]
[629 26 166 -26 20 194 686 -134 784 208 872 -1336 -207 786 796 210 -400 -808 759 963 -105 -252 -42 49 -89 -1714 -315 -79 -440 -1394 -372 -604 219 846 351 456 215 -59 -108 449 1547 -489 590 -523 -507 -208 1033 695 567 -953 -493 1428 615 -133 -13 865 1064 253 -840 537 125 205 81 -439 1564 -24 308 297 -559 -1207 -453 338 354 194 326 215 -100 540 428 243 -407 683 -264 -310 124 -312 -219 142 225 25 458 85 208 220 -458 -774 233 -497 -1088 308 164 -151 276 371 -892 81 -753 -953 927 -129 -745 676 216 221 -214 -130 -422 65 -839 -997 -41 -241 -122 90 -338 1021 -319 1203 ]
[597 -85 185 818 404 1050 -681 272 -556 -2218 -552 519 588 267 -568 -265 836 -250 46 -646 -957 160 -447 -632 -159 543 -1510 1226 -655 285 248 -185 410 -1195 157 93 -702 39 -433 -870 -626 -277 -992 655 -328 -745 -514 328 280 192 727 -82 -31 899 -787 124 236 630 129 -321 232 51 -355 -161 366 53 -21 -252 -97 671 -103 304 -22 91 639 -880 -113 130 -49 -649 -22 -647 -13 375 -1041 109 -196 1042 243 -1348 892 909 90 392 -1150 734 425 488 -130 297 -471 -1021 -705 -1492 320 -485 474 -43 -260 -409 -217 -335 210 277 -360 -591 -719 277 545 651 1216 -442 541 460 539 267 806 -184 ]
[125 -249 -240 1923 234 -568 135 57 -53 -316 1278 -619 596 -546 362 328 -167 -54 311 374 -141 239 652 91 368 537 297 1140 381 -488 -28 -407 -76 -405 -706 -923 -311 641 176 -435 505 55 217 1433 -108 526 -18 196 -602 -616 -874 730 -695 -276 872 1162 -152 721 -589 -4 -590 -150 -286 -86 1093 -336 -807 943 -189 -108 -59 1187 815 786 78 -102 -201 442 426 268 1263 366 1083 -281 148 178 209 -323 -383 257 -456 404 -139 -266 156 -212 657 178 -70 -968 -359 -74 -334 -497 843 194 -274 -417 -542 -385 -452 -1064 501 -471 90 -345 -543 528 -32 -128 -196 -55 1028 23 292 218 -197 597 ]
[-694 267 775 696 614 -176 -254 -26 -232 -848 -712 -765 264 841 277 -453 313 -476 122 -82 -291 -422 80 294 387 511 92 42 -54 44 886 880 690 -1000 624 -261 -1145 758 -209 300 -1011 362 -477 310 -103 92 -832 -103 -55 402 651 858 -81 -317 -219 624 735 680 768 -396 622 -595 548 447 -376 -246 -634 -1347 369 340 -604 -407 12 -1109 -1258 -1448 803 -231 545 209 217 -539 515 -281 -774 141 -961 -555 40 53 172 614 -559 579 -1832 1210 785 113 607 -217 153 567 -1077 -803 -371 402 89 740 -216 -792 169 -617 -274 178 -237 -1498 -719 177 -122 504 174 -420 1137 -107 348 221 505 -304 ]
[-279 -331 342 -1304 1302 -138 -392 -252 425 641 611 -537 55 -51 1593 351 -939 -648 -157 105 -129 -789 637 -579 1474 241 145 -106 403 -43 653 -533 -19 448 -99 556 499 297 788 962 -1089 -297 107 132 -107 -692 -826 -399 51 147 -878 -229 346 402 842 247 -714 -11 -162 66 -165 -816 -201 1102 855 -308 -620 484 -450 561 456 739 75 -1302 378 -830 535 -283 -90 -892 -1045 448 976 -737 -917 252 27 249 1081 -447 -614 627 -265 237 124 -683 -336 798 416 -718 -366 304 -547 144 -709 767 138 164 10 1196 -534 -689 -169 348 447 244 368 519 -1142 -144 378 116 -151 503 343 -269 273 966 ]
[524 979 -886 309 -129 335 201 -37 1026 -1185 386 255 -83 556 -788 206 447 -172 669 840 722 -223 278 200 -127 277 -698 -476 -1226 397 -797 721 -95 -385 -516 -787 4 566 98 -163 5 -717 -434 -76 593 1001 264 -389 -111 845 209 944 -148 362 -163 114 -55 -6 952 446 638 -260 357 -692 48 362 -592 639 -286 440 -1019 -519 1147 -81 886 -742 -50 -572 86 -96 824 -504 244 -448 1569 619 608 -788 52 330 666 350 -100 -500 208 -511 -71 -512 -119 -369 908 -372 -203 -811 1472 -973 882 141 -271 -1106 255 691 -766 325 802 361 278 -146 -298 404 -1053 1075 579 420 464 119 1693 -187 ]
[-1117 668 582 -399 -267 -49 636 -758 261 602 -798 741 -876 1596 366 1006 -642 -835 948 429 -690 -441 -88 737 -342 127 -748 -1190 719 30 -591 433 -1216 719 624 762 239 -597 50 568 580 -1318 10 820 331 872 467 -263 -219 -640 -67 866 901 153 773 940 25 219 -57 438 -93 872 -565 796 845 7 -892 71 -288 411 -93 -179 -278 397 796 302 -508 397 -614 349 -682 -947 78 -826 415 484 -247 -120 -75 926 1019 527 -244 29 215 324 -679 -371 -581 440 634 1 207 1040 -427 168 -620 72 962 176 834 137 -616 -360 -226 -1 -359 135 40 -2 365 423 -475 -296 -57 293 -309 445 ]
[367 -171 647 270 -521 -1201 -185 -1114 -246 377 -31 -313 -876 458 -79 252 -22 373 -452 -1305 -24 651 200 -276 -539 130 409 -139 803 -224 -231 32 -71 631 160 68 461 11 739 722 398 -91 298 -638 -216 95 199 501 -43 527 -315 -50 266 -697 -486 -271 637 -357 -140 683 531 -156 -98 508 488 625 129 471 151 -525 -95 -688 -650 79 -168 -586 875 -107 681 -37 -660 -249 -1109 -1188 -270 553 90 -503 -511 208 102 300 -301 99 210 -971 320 -288 -362 -330 693 51 128 156 861 961 335 936 491 50 697 -369 93 765 -651 1327 -150 193 -70 110 631 135 583 -478 149 -1114 -987 621 ]
[-181 1296 -27 -439 498 -700 170 658 678 -148 445 -105 -780 -32 198 192 57 -546 -241 167 -1209 212 168 769 -644 -842 -59 183 303 219 49 793 24 -1010 130 120 265 619 302 44 624 504 244 -1151 -1271 -254 431 -1174 1 842 579 -76 -686 -378 -74 -714 1510 -304 410 64 686 -441 207 783 265 605 -869 300 340 172 -525 -232 328 -264 97 832 671 298 -88 525 -425 -134 -72 5 907 -543 672 -600 997 763 -89 751 366 708 -478 78 -90 526 -40 908 481 -144 -843 501 341 449 -303 151 928 259 194 246 233 846 -282 797 476 509 -1079 -104 -1072 582 813 -141 372 -501 3 -562 ]
[56 177 -412 -405 -578 595 -89 -225 -393 -418 -158 -1 -185 -322 -235 -917 246 98 282 -662 -851 497 -667 649 -527 -4 786 398 295 -362 -411 -928 29 -172 1455 -144 -229 -97 -171 -482 -1190 -1653 -455 411 -398 -221 261 -657 -548 -72 41 -1288 131 -195 -493 -378 1027 316 -470 662 -1304 780 -193 -147 -490 400 210 649 -248 -653 1062 268 -880 436 -191 59 845 -811 -980 26 -437 -24 -242 410 112 -671 -343 454 500 -1132 886 -195 -191 -104 -1022 188 -140 225 428 1316 -395 -545 -726 385 -156 -271 1009 -938 -958 30 -1767 -711 -699 -596 -185 -195 -200 907 -542 -8 435 93 -122 109 -467 -1172 -606 655 ]
[81 903 -1229 420 281 755 -80 128 -284 -1330 389 252 435 195 594 280 841 1060 500 113 1102 -640 326 -385 488 -493 74 363 -965 -291 257 228 392 -438 237 745 -420 -961 699 -37 -207 560 780 -131 -304 374 130 -850 -181 -190 899 47 -390 -404 -998 -418 706 531 -285 -416 560 135 264 176 -370 -327 73 -380 -532 367 -1071 -413 -247 30 482 -647 -71 -1346 1178 -444 89 -871 53 155 9 515 224 -477 -340 -605 1027 1197 -146 882 -969 884 537 -649 1059 167 -238 49 -137 -391 -224 550 262 13 -819 -2009 -648 -494 2 708 -323 115 -167 1051 75 520 196 500 567 728 1517 -934 631 218 ]
[654 61 450 -430 -921 -505 -117 -180 406 280 -990 591 142 192 151 205 1014 -431 -751 -1080 74 -54 -55 883 -1275 418 -1869 -812 640 473 132 51 186 423 -189 373 -125 234 257 125 51 -176 -843 160 60 1299 421 -619 -384 161 443 -184 415 -1014 -85 -480 952 20 214 660 491 -199 671 1181 337 1020 -310 -393 -500 321 744 299 -603 -274 564 257 -163 862 762 511 -1094 -520 -681 -197 988 47 936 -862 541 -200 191 -98 145 35 -703 387 -1075 -82 -640 391 462 -634 -376 -259 1189 133 -413 713 1147 -83 1098 1134 -907 -432 -1046 -545 -19 -54 20 -106 920 387 426 -635 296 -190 -511 180 ]
[-435 -753 -126 -1103 -503 576 169 -940 -691 702 259 -1250 387 494 -789 533 67 562 -581 425 253 40 11 -1427 766 377 746 -492 319 -233 447 -393 -109 1126 840 311 429 -469 133 527 192 489 81 397 180 943 -349 404 31 -381 401 39 159 538 311 -711 -1033 63 -591 -86 -112 336 294 -551 -916 105 365 303 99 -30 685 132 -497 118 -269 -358 -716 -597 -289 105 -183 262 -1118 -168 -512 -673 -135 508 -387 848 -159 -55 -594 -340 1220 -606 560 267 -772 -996 165 687 91 491 -480 436 64 -234 -944 288 -398 -253 -183 124 82 198 678 -784 298 227 480 -216 -845 -27 -678 135 -1519 331 ]
[-317 -779 865 474 395 1172 788 125 -22 -925 -691 347 1041 779 -332 1138 -424 2 599 93 -857 80 613 -81 1516 419 -157 457 691 449 -5 -264 -483 843 147 -609 90 -719 -522 -617 -183 296 476 1021 -389 -636 -858 -1069 824 -81 -1071 -695 -340 416 -241 -50 -772 155 -626 -720 -119 180 215 15 702 -696 -294 231 -142 116 792 568 133 587 -1283 498 -392 -551 -405 -110 575 224 295 -460 -1044 396 45 745 452 -479 -662 2 757 -576 363 125 -387 1065 390 344 -313 320 -467 -218 -165 -134 532 -291 15 434 -74 -1114 -333 -56 563 -691 -619 297 365 485 427 -558 -89 1085 421 14 -1520 -574 ]
[1484 688 -307 935 556 -129 -192 104 699 -411 -439 -1170 -290 413 -745 -591 217 -872 -359 7 141 1265 -311 -172 -178 116 460 166 -447 299 273 -44 -855 -214 889 -455 -91 1328 -29 -102 -514 502 -34 473 -1104 -102 89 -1317 143 584 279 890 -817 -430 -907 -230 550 -145 778 -1275 1100 -90 304 327 -56 76 -755 197 -91 -739 -730 -453 282 -274 -927 -771 1649 6 -160 -331 1373 222 746 -627 469 630 -666 -1379 501 -1156 -219 277 -286 -450 -273 -375 702 -81 444 -229 -9 172 -159 -873 -350 -97 346 783 428 476 -503 229 -554 -418 306 -423 -946 264 363 226 -462 37 781 279 -1814 165 105 535 ]
[-329 -29 -5 -111 422 292 118 872 -248 -429 117 56 -1422 -235 169 -14 -464 -619 91 12 -1636 -138 3 192 -297 433 248 138 1794 343 898 -364 -375 -49 1036 579 186 364 127 613 789 389 238 -1064 -1108 -434 -609 -1113 70 -363 588 -177 -1 764 456 -147 93 -258 458 -906 213 -269 -353 301 -364 -378 9 433 -151 -305 -1178 -376 993 797 1031 -226 -253 387 -397 -150 -447 -921 280 163 239 -447 484 287 318 992 -180 -835 -428 610 717 609 -1 144 -993 298 1181 762 422 456 -547 -501 -617 -540 807 719 -700 362 -133 333 589 557 933 935 315 286 32 -391 -313 357 -599 852 -553 -372 ]
[-17 117 -489 -245 701 -1501 604 -524 290 -456 400 5 -261 -445 -758 130 516 649 -256 938 -487 364 436 116 506 -596 -396 -4 576 553 -186 578 944 -1232 -580 -1143 -28 685 826 55 -742 -1058 -503 -748 1056 132 -1300 -144 1261 76 -62 -458 484 -530 -671 -59 -474 -215 606 878 176 -1057 7 112 378 259 163 198 372 534 327 74 636 -466 -1162 -304 465 -804 557 -672 -11 41 -1012 198 871 956 339 -661 670 -362 336 676 -607 78 439 -45 -803 -788 1229 -710 -301 67 -422 187 304 -705 438 899 -1005 -1059 160 -110 -711 -15 338 424 1108 134 -283 52 -904 492 932 -248 1836 -1254 55 -817 ]
[540 -680 -535 -533 -167 48 777 -589 -726 -90 -961 1095 -472 847 -655 452 25 -448 -866 -775 -743 -206 -582 -357 -859 1105 -939 96 568 153 56 -513 -396 -473 350 800 -243 -608 153 407 719 789 342 295 -384 93 -492 573 -1058 -130 649 -935 155 -184 -671 -185 216 108 438 -647 35 1278 -376 -450 -993 416 943 -276 403 -234 -661 455 -569 893 1652 801 -637 213 -149 301 -408 203 -1026 -242 -576 -240 428 277 -39 804 631 93 -231 450 -304 783 -512 422 -832 346 676 337 719 428 1155 440 97 -76 1302 430 1035 402 500 754 -716 315 385 -455 1118 748 750 -530 -606 6 -89 -925 -366 27 ]
[101 -734 -909 -166 -197 554 1075 -829 -86 -739 99 -97 -514 -675 -1315 508 707 -558 -96 -17 -333 -491 -29 -875 223 374 -588 -858 -5 -153 752 -809 1591 -228 -2 -886 -438 -827 -460 -1147 -960 310 -1156 269 -734 1214 -751 516 -535 386 105 300 950 55 259 -331 858 1111 969 -82 -524 -866 302 -116 182 609 1249 -314 55 -184 -213 -588 -161 -275 -132 -1374 -529 -197 40 8 122 372 -313 -30 839 -469 616 -502 533 382 540 451 116 680 421 -346 -536 -207 -536 -628 23 337 -774 148 -549 -407 267 109 -841 101 -832 -767 -1002 191 101 -295 675 61 243 463 -364 406 -179 400 482 -471 -1134 -242 ]
[-549 -937 58 222 555 383 -646 530 -59 187 467 183 297 -188 -485 6 -184 444 94 363 178 144 881 -874 891 -357 1072 173 644 5 -125 276 -305 -320 -169 -227 390 -289 592 -537 741 495 514 -293 -353 -215 1120 482 599 66 -615 41 -912 -188 -219 295 -803 -12 -355 -268 161 -1311 573 -569 317 -213 591 866 461 -9 -921 326 394 -812 -631 -41 -186 -200 1088 -43 -807 -515 135 -88 55 -667 320 576 394 924 -278 546 484 712 387 -362 110 615 492 315 -269 -271 -550 83 49 -476 -446 -1203 -191 -214 -280 -723 -630 -73 -245 -51 -594 331 -242 -70 -1092 156 533 966 683 1252 559 -341 ]
[240 78 306 -50 -584 164 -687 133 -96 -1072 -1224 413 367 -239 1256 287 -654 -204 -174 -606 -562 130 69 1147 -267 441 574 774 169 -176 57 145 678 968 376 613 -144 -230 -252 -225 825 -422 -218 -858 591 187 372 161 475 988 -256 1242 -536 498 719 1126 611 247 -110 646 411 111 142 -252 1025 -86 -149 476 158 -506 354 312 510 505 388 578 -1090 314 -151 -432 293 468 685 297 122 218 4 -271 753 543 -704 -1209 1278 -199 -437 458 1271 297 -1930 421 398 -791 -2 -333 159 -224 -1096 -613 384 -34 -234 112 1447 77 195 515 -125 430 -804 379 -344 442 -267 -253 -120 197 463 41 ]
[1066 365 -196 512 462 -890 267 -455 94 1356 1034 -44 221 -717 98 -488 466 439 -689 -127 413 304 -75 -131 -441 95 778 350 31 -1452 -920 394 67 22 -294 -886 -77 654 -741 -386 1128 460 -154 471 -2 55 335 1363 -1322 31 -962 271 -507 -990 77 538 342 149 -101 951 -824 -143 395 189 -129 327 -100 1111 115 -325 -497 624 645 -2 -150 47 -120 351 109 366 1532 1404 175 358 973 -253 -54 -641 333 663 -195 -71 191 -721 -43 103 1122 440 87 -431 393 469 -308 555 1652 427 -750 545 916 668 698 -358 288 -53 600 916 -78 -286 -86 -764 -411 6 262 372 183 -88 202 -315 ]
[-301 -1147 234 -943 -187 1200 91 -217 869 -925 1101 42 740 777 392 119 -511 -450 578 -295 -598 103 -1008 -202 32 -52 -178 845 239 -759 625 -280 -241 449 721 392 -540 502 -54 1106 -184 -374 253 -183 -846 -926 520 1412 -429 30 -188 36 123 1030 -843 598 -742 184 -668 486 -1184 8 531 -287 749 371 921 -810 95 -532 -93 460 540 63 -240 157 435 734 -879 25 -1 666 399 623 -195 97 -173 -293 -323 318 283 -307 267 597 -931 132 505 603 -329 988 99 63 -285 -1123 509 -37 541 495 731 730 -289 1462 592 -270 711 -978 -602 -397 -374 -1337 330 -515 -881 980 -848 1254 -8 599 ]
[955 -553 -1451 -1145 1011 93 -102 -263 314 558 -589 105 678 77 307 8 -492 -299 -1424 -548 60 -246 870 -1153 -163 -511 -1319 -477 -299 -52 290 -416 779 -331 -799 16 -25 206 487 -91 -1621 -113 -1033 -599 -200 -16 -1311 -414 251 807 442 -912 341 363 -291 -576 -511 -70 -822 56 -213 -233 -41 -5 -174 524 644 27 -208 332 286 -46 -146 -1375 -416 19 94 -622 206 -490 -1272 468 -790 -133 -475 117 -59 965 1770 -796 -147 715 386 -500 -44 -333 -873 -429 267 -891 -745 59 -599 -634 106 -67 -146 99 -555 129 324 -72 -508 327 432 -690 598 -614 -218 87 351 186 159 -245 1169 -133 212 -1388 ]
[-241 -389 -397 -336 -327 110 90 -1245 -420 84 -79 622 92 -519 -804 519 -136 -536 230 54 -191 -1012 807 -66 708 -421 845 -1725 631 341 210 -796 63 187 -583 -741 1274 -597 -187 -1080 -455 743 -182 141 83 863 -313 371 -395 -734 -74 809 86 -276 532 177 221 -98 684 -548 -28 -108 -193 1028 922 129 -1313 104 -157 131 -149 -541 -139 -534 -593 -1069 159 18 -252 -253 -285 93 513 -315 228 -702 102 440 1008 1427 878 587 -365 476 470 -312 -892 -220 -845 -774 -507 556 -276 865 -1470 605 -12 -296 -1136 210 -413 -468 -36 230 -264 828 664 214 527 781 -75 1311 -67 -84 -27 -267 30 -253 ]
[295 168 -364 144 457 -265 412 89 -381 294 284 -237 170 -584 342 -410 -119 -1080 856 979 -592 -103 -280 541 1108 221 905 359 703 226 1056 -829 1310 -75 121 -214 69 162 -537 -835 1170 501 -426 -484 692 285 -535 -142 302 -231 -70 398 -800 -389 -234 170 168 -48 168 -898 373 246 -248 -344 -635 -2 -464 542 -758 -576 -50 -428 1492 1203 -827 -1456 -416 -7 -209 -1747 357 -284 -484 79 511 452 -701 909 825 9 1020 -505 118 53 357 434 -254 34 -278 -620 646 774 -481 317 132 -498 455 -1277 -1046 638 -1828 296 -489 -189 722 990 755 253 -1468 1087 188 702 -509 -199 -1121 -641 713 -485 ]
[884 536 -12 539 118 -875 -616 465 -102 1404 144 -759 -296 196 78 -1447 -151 -69 -352 723 1337 296 470 749 -230 -777 64 220 -545 -180 -252 709 -1068 -133 49 -77 62 497 -21 405 856 945 52 -379 -604 -141 303 480 -511 232 -9 460 -1148 -693 -647 -307 -423 -56 3 44 -66 187 773 -815 -1264 39 193 200 -340 -219 -989 -302 -163 -813 -188 -374 -15 220 214 -488 1036 -317 -895 486 267 1264 723 19 216 -495 -350 222 -246 -1194 256 -1038 416 342 613 545 453 -28 868 584 750 495 -370 575 529 67 454 727 -309 -120 164 139 -2 -369 -88 -46 48 439 -496 183 -540 871 555 -416 ]
[-1018 497 1197 445 457 494 -43 117 -135 -902 500 925 899 51 -10 -209 1253 414 99 -504 582 2 408 617 579 956 916 544 287 -173 -521 245 -352 -613 638 -136 -158 103 -129 348 259 -424 891 1352 209 303 -15 -1528 321 136 -96 -791 504 -428 -1998 -418 704 186 364 -792 696 359 37 371 140 -750 307 -767 572 380 -399 -114 551 166 230 1480 439 -881 567 721 -708 -1621 81 193 -139 -871 127 383 -351 -650 4 303 -31 -383 -1887 778 467 738 1572 1034 184 21 -746 -318 292 -666 285 -199 401 -894 331 167 16 644 -501 -242 -1379 114 335 -33 -421 -1111 497 1034 659 -209 787 152 ]
[-1280 -357 -357 -497 599 189 577 409 -18 1199 1458 -309 161 718 837 335 -598 177 1276 491 827 -872 -260 -301 643 -590 -179 -174 -132 -270 -379 -274 903 -491 -53 -488 464 -404 -152 745 -333 -418 341 77 -909 405 522 143 -443 -69 -452 -907 73 210 -681 -316 -216 243 -38 810 -442 540 -407 -147 -602 -249 868 -352 438 80 -1318 295 -4 -492 747 228 227 485 436 1222 -718 -430 -471 -533 -1455 -155 58 1066 -955 209 674 261 -444 303 -54 -216 -531 372 605 685 -54 867 219 169 432 93 -48 -551 206 244 205 -240 -389 1273 -814 -197 -199 -105 -315 -1127 83 -217 -248 252 684 -215 140 186 ]
[119 -813 592 -35 539 -314 -468 -432 -861 362 -1303 -168 -596 121 452 90 -109 -699 -461 463 -594 -747 -485 -138 43 -83 -1378 -569 -49 882 768 287 206 864 -596 579 -369 -220 329 603 403 167 -126 -1311 1118 -520 -485 1111 -100 358 213 50 -48 489 867 640 -288 114 101 119 66 430 57 175 685 646 309 171 -214 293 -22 -213 -157 -1155 822 -709 -244 1222 344 -426 -760 44 474 0 650 -280 647 74 938 1307 -551 -790 -78 124 80 158 -617 282 -1538 -733 -13 -155 780 121 -79 -240 -990 -279 556 276 690 1486 -281 189 -101 -187 606 -852 -418 567 9 33 -606 -496 -678 737 280 79 ]
[156 -574 170 458 476 -78 118 -510 -285 -1227 -646 1473 130 689 -334 75 -736 418 -805 -245 -397 32 142 842 237 272 -807 380 780 -56 -422 -849 -968 -1090 -516 386 -311 474 936 -309 -164 -717 -277 1294 565 50 -1297 156 505 -659 366 -666 -60 -75 -151 -287 139 150 -367 1347 523 1013 -160 533 -362 57 -361 -884 -184 390 641 753 167 -133 222 420 -291 -526 225 81 -60 109 -615 -481 -1393 1084 964 -109 116 -133 181 -102 -102 -475 -106 546 -936 207 277 -530 251 406 655 -7 515 -15 529 517 -4 -420 766 -211 -272 181 -360 231 358 463 1033 -623 221 165 -1023 609 1540 -682 -202 -639 ]
[1075 -88 99 646 -10 -739 -445 334 569 1754 40 -1265 -875 -977 370 -246 523 5 -400 -240 132 -88 594 -878 410 413 333 -249 310 -285 -136 -370 208 671 -454 -44 560 -317 -512 -266 946 914 -66 -382 -41 106 239 -228 -249 -714 -323 612 -399 -1320 642 -298 -345 114 92 -108 172 -753 569 -469 -514 391 -317 1187 -459 -573 -299 -20 746 -144 -439 -773 -301 47 642 -173 -320 -1086 -863 -622 780 -41 -241 277 215 374 -709 70 -336 -141 621 -729 271 -122 -364 -888 1198 -14 -600 -89 287 -276 -351 -737 -922 71 -277 -611 -906 36 209 42 74 -798 -358 782 -26 -88 931 -251 -352 -406 -236 8 ]
[256 352 -667 -618 -569 39 102 -221 67 655 -631 -131 -674 190 269 131 987 2 -161 -255 -1132 450 56 -566 -171 390 -1650 -598 988 -412 1106 109 -375 98 1135 -495 -580 82 -229 -570 -955 -117 -1174 -5 -433 -278 -1376 -1359 -1041 139 154 -660 92 -381 -650 44 -368 -4 -47 -115 -704 -182 -248 923 -1176 136 -626 -58 -452 -187 86 -205 -331 207 -759 -172 -588 3 -887 -214 337 -525 -462 -407 695 777 199 -547 -170 -163 -6 229 -139 -1059 348 509 -563 275 437 173 774 278 -389 -204 541 -200 42 832 172 -468 -416 -344 -1147 -930 515 -1029 365 -87 1 -54 1673 726 783 -37 -338 -1070 -1307 -801 ]
[-38 935 -1062 -460 216 7 1074 -808 36 288 -477 -23 -343 33 -408 151 775 -247 -815 126 -953 634 212 -344 -1667 250 -171 -92 -603 -440 -710 280 -703 370 420 -247 -173 158 366 43 93 -1472 -507 -1452 622 667 -185 521 -379 945 -253 691 441 -475 50 493 580 -60 -154 1064 304 -131 752 -50 276 933 -165 195 232 -810 -499 -293 -670 834 255 -580 -787 -723 -76 -876 -557 -182 -780 -978 672 -152 127 302 123 1262 702 14 255 171 325 111 1521 33 -858 -121 671 -451 -1086 359 536 -391 -279 -486 73 -854 410 48 15 -274 -302 491 314 -770 -572 -421 368 1322 703 1 136 202 -334 -658 ]
[309 -245 563 668 1041 226 -494 -415 -116 962 -425 -822 561 -671 905 65 -155 -116 831 -355 646 674 500 699 -21 -780 -526 544 340 -413 -928 302 -1282 702 -2 419 246 -441 493 25 592 242 130 492 -420 92 -247 -984 -121 65 -414 424 -1339 -858 -1087 -512 1710 -568 -749 -503 1154 -187 1370 1292 771 -1162 -1424 303 -517 179 -292 -187 44 -400 -420 180 787 31 1073 -112 301 -264 -158 -388 -116 1056 -456 -98 335 -259 83 -182 -502 -1331 -157 -31 27 -733 -334 -208 7 571 -217 349 837 703 266 30 1210 306 266 -357 -154 303 -145 833 -1184 559 -57 -197 414 -637 118 160 -866 200 242 303 ]
[1146 -705 -913 460 240 297 432 -498 389 153 277 -407 306 460 -260 -127 913 -854 526 -88 36 47 -508 -782 -795 450 -307 -375 -580 125 -573 -1820 603 191 -256 -984 -462 818 219 -1517 362 -358 -323 -98 -849 824 -317 960 -969 -206 801 -1167 -10 -789 -274 139 1394 42 -1521 403 -267 893 -114 -823 -1181 1086 743 691 -274 -440 -785 -69 208 103 710 -798 1 25 69 32 -796 392 -523 -732 663 -451 243 509 191 689 1175 -972 -38 -10 -362 -493 -862 -119 393 -165 591 454 -446 202 1770 74 1322 -639 412 -293 -450 -228 -949 1089 520 -110 -71 -953 -1327 63 276 739 -383 63 -508 -1122 454 -204 ]
[349 -214 -605 -563 626 -974 278 324 300 1355 484 129 -267 332 134 -29 -911 -82 328 857 475 -1093 -467 -508 444 418 -117 206 -778 -474 -1002 745 966 -207 -106 137 -352 -181 -1350 -409 -598 375 -1030 -334 -81 -228 -14 -763 -740 -32 -713 145 512 23 272 -197 -525 1579 346 299 -1048 391 -30 -965 -406 333 1095 91 559 -169 568 811 355 -670 569 1034 326 -189 -617 840 372 312 579 760 772 601 -896 -397 -279 104 -1534 -544 -299 -214 -44 -229 -737 71 884 416 -269 -103 -50 1183 374 -496 -489 -562 -233 1372 -1075 -832 -573 130 -136 -764 287 -447 19 464 -298 -458 -153 -319 595 -714 -210 -224 ]
[489 45 -423 -391 -558 1297 35 -12 -36 329 484 -443 258 -186 545 -149 915 -1088 316 170 -600 572 -164 -1345 376 418 267 -844 262 92 772 -935 1337 -47 -290 -344 414 822 296 -103 887 -504 127 -1328 543 789 -122 627 378 776 474 25 25 -597 117 499 494 -652 -1091 29 -470 150 -67 2 -226 167 8 585 -307 -194 -166 -1065 184 673 541 -280 -330 -273 78 -1208 -830 322 -194 -325 954 -232 857 757 679 323 1157 346 936 -121 290 991 -205 -121 -295 -562 -22 -21 -763 211 419 329 -493 63 -989 -1352 -5 645 -134 -313 226 -75 134 -389 -1060 330 -455 1283 861 -639 -122 -958 1406 -338 ]
[164 229 -680 -225 -780 254 -362 -463 -169 -306 238 -168 439 -130 479 69 971 405 236 -11 429 92 -434 -112 208 -462 -956 -863 -591 -858 125 163 11 -148 163 -111 331 -98 564 -450 116 -430 -117 634 770 315 392 1355 -31 -98 280 -114 -876 157 -620 -191 259 -529 67 1076 294 -572 336 1065 205 -608 -962 -459 -891 604 -109 -387 -348 -1187 290 -479 -141 632 1003 -351 245 763 283 641 555 -314 112 -917 -470 -61 6 573 169 -516 -192 897 317 190 -568 -863 299 -129 -625 -1107 151 380 28 324 -318 -676 -160 527 -301 462 -309 -79 -126 -1071 179 68 611 457 521 503 461 -895 379 234 ]
[954 251 -601 -458 -268 75 -460 186 -371 -557 -455 -641 236 -1466 85 -685 65 -396 -1436 -820 -598 1092 350 596 -179 -481 829 -96 523 -23 424 -1173 -56 271 -12 -707 -273 -69 -92 -922 -510 183 166 -162 -253 -94 -1022 -909 -347 10 154 -1048 -905 -1098 562 -1070 592 -242 -362 95 -265 -220 396 779 -75 1218 -895 504 57 987 801 685 -1457 181 -1287 352 -30 -385 -365 -646 692 1455 -143 639 -1055 -541 398 -914 1648 -343 -93 16 632 -554 -201 -1028 430 -992 -274 442 -913 -232 -168 -333 591 1264 -150 39 -313 -265 419 -745 -52 -515 -283 -249 549 214 -290 -626 -237 309 -11 599 233 -615 -486 -289 ]
[-1025 434 393 412 -758 -554 146 182 -439 364 -812 -336 -908 859 151 -538 264 -716 227 -1236 -1019 1037 -957 52 -357 78 738 152 875 416 469 -328 241 -237 1473 97 419 490 386 1647 174 -942 109 -26 -553 351 132 -203 -302 511 628 264 -87 -121 121 -122 1369 -210 472 214 602 1049 -63 50 -669 -27 -244 -431 405 70 -241 -264 -615 644 -785 -240 335 23 226 422 -606 96 -1120 -429 -1440 -739 -274 164 -977 -453 731 280 562 645 -774 686 946 420 -530 -50 916 233 -99 -531 -327 446 -140 216 227 113 45 641 744 332 -742 724 -152 -57 -580 273 284 26 370 -395 -330 -472 -408 -288 ]
[280 -640 327 851 227 310 -60 -27 -732 -892 -1757 -632 116 1140 -53 -935 -1368 -354 2 221 739 -277 452 811 322 37 375 -583 -54 423 112 783 549 275 262 -692 -318 619 -37 654 -1324 577 186 -518 -441 -684 -949 268 796 936 -206 722 -700 -187 -613 -672 -95 668 839 -610 1302 -808 1311 -940 -444 -827 410 -147 669 246 -116 -612 -610 -772 -497 -977 266 38 -417 -20 1513 308 570 371 -1196 849 152 -181 253 -1053 -16 -975 -22 -269 -178 -213 282 165 -9 298 -498 -124 953 -487 -1038 -13 199 1236 -129 -401 53 -41 322 508 -520 -701 -445 718 2071 1056 -578 -3 121 -183 -718 590 522 222 ]
[77 86 -51 -494 144 652 435 648 1019 971 -137 -195 -380 107 1513 851 -848 -140 -96 -19 -289 665 -253 181 200 151 -399 159 1408 339 162 -911 -998 1361 286 267 407 -403 549 850 1296 -634 853 -943 75 -140 372 -1879 27 -58 90 214 -717 132 479 -1178 -511 -7 -1184 -318 57 1130 -14 256 -86 -587 -463 392 -776 191 -59 633 336 629 -71 1074 -998 279 -814 -120 -434 -386 -316 -570 506 283 1458 -223 362 -75 43 -537 902 187 854 -212 -633 -230 -548 547 700 628 1005 132 252 -171 -557 242 1598 45 -205 1819 -538 -553 549 -125 673 270 -953 -478 -316 796 -674 -5 -923 555 -377 429 ]
[473 -894 -930 417 -225 167 440 166 -484 -351 545 1349 95 -608 -771 -572 207 -459 584 -71 -713 347 -885 -4 -228 -72 1106 301 406 852 550 -766 936 -1155 1123 -427 -301 206 144 -208 -390 347 403 -20 -32 -331 -447 828 -490 -649 -241 -614 -131 76 -472 586 -236 -268 688 -616 -268 165 -884 -805 -445 562 1088 -369 40 -570 -717 -69 776 458 -988 -85 -780 -202 -339 -852 571 580 398 1584 -44 -328 -1046 -714 35 175 156 -263 22 1519 -564 -254 -327 -404 -20 300 -42 275 157 158 429 -424 432 -506 11 -270 -557 -445 609 -599 386 38 209 -110 348 -62 -557 109 -39 374 677 -200 619 -316 ]
[657 591 -393 -316 208 -993 280 -337 267 1294 278 -263 -268 -115 66 -434 660 -443 97 170 546 -55 -153 115 431 -750 691 -176 -834 -86 272 124 135 322 698 -1143 -328 -52 -1275 82 -768 569 194 -463 123 -1 -422 -724 -551 80 -581 93 1099 -1033 55 712 589 -603 684 -488 -264 665 -725 94 121 244 411 -410 130 -1423 -330 -655 724 -215 -1148 -50 307 -234 -101 -12 571 -60 -521 66 -14 -532 -907 -738 214 -136 -476 -655 31 -523 -413 -1210 523 -200 327 432 973 468 -73 637 195 182 -307 -510 667 222 -361 -405 548 -204 745 455 888 -430 -1186 -523 190 22 265 -479 -774 -228 -898 -21 ]
[-603 252 205 -417 -617 -259 -107 717 166 435 663 -207 35 1037 -975 665 862 346 651 1119 -57 -836 -776 -1174 1753 -673 -1528 -1029 -760 -1172 -1030 803 -350 338 -48 544 599 -612 -569 -1092 828 46 -124 970 186 -856 357 180 235 -527 223 127 -391 55 -524 -247 -868 -204 398 918 679 154 596 378 -625 -346 -425 326 -397 546 -570 127 338 -1552 -192 222 -119 -689 1007 -79 177 -612 -1185 -206 1090 307 343 3 -983 676 564 1031 -232 -226 1034 -328 -941 558 517 -627 1344 76 -471 318 -633 31 743 -139 112 -328 -651 -625 -1510 531 -406 -79 500 -1012 413 -63 164 705 350 996 1362 -985 -277 -183 ]
[346 -787 -766 -512 -116 78 -142 196 -489 -248 -1538 -38 -28 -862 -792 -511 925 -241 -324 -744 -300 -464 -619 100 -1495 540 -754 483 -348 451 -409 168 320 122 1488 969 -850 833 34 65 -586 -502 -1501 -248 406 452 -1106 -942 -412 -20 -262 -613 233 -155 -321 -270 403 -108 550 55 1439 530 -25 90 179 426 450 -867 248 -129 145 -148 238 781 -189 118 483 -136 -100 -384 -187 400 39 887 -3 822 -1172 -296 -828 34 -347 -862 -644 -1072 -678 760 -430 -1073 -738 61 421 -241 52 -253 1880 -1093 -916 -365 1188 -540 660 35 -512 -187 -224 499 -846 -67 766 -373 694 -33 -783 -276 -319 248 66 177 ]
[71 -195 382 688 685 458 1011 205 180 -2034 1450 -296 781 -462 -960 -81 1372 -87 -391 202 -652 569 -693 40 -944 -464 506 673 -464 354 578 -420 380 -1042 1029 24 -958 966 266 -270 578 -397 706 144 698 -320 -92 1082 1100 -232 686 -26 784 297 -109 756 537 199 284 392 322 601 -163 -799 -250 784 1053 -969 283 -385 -902 -457 765 918 -471 -231 -883 -261 -426 -45 695 384 -534 543 307 -957 794 -591 17 417 749 -244 -280 1346 -1448 -42 819 -258 409 175 528 -214 -3 118 511 -249 434 -1379 765 -1390 -240 -311 44 308 -42 -73 29 -526 -1111 -92 -753 -86 59 -128 182 136 200 417 ]
[-976 -370 -16 -215 538 -500 -130 701 -649 35 -217 273 35 -130 672 -912 23 849 978 652 1113 311 -569 -34 377 702 356 1719 -2 -184 -1490 966 122 -77 426 685 18 -30 367 749 -173 -980 380 198 -9 412 514 270 -348 370 -53 -782 -1178 7 -512 107 -143 317 244 98 -669 1508 569 -653 -1258 -871 652 275 174 691 -316 341 -257 -87 766 1189 529 -603 187 165 1119 60 698 479 -44 872 -150 142 -775 -457 313 -555 -260 70 -331 515 689 -20 1094 252 -417 -115 680 48 154 923 77 -212 1126 144 242 416 380 304 -145 307 -237 23 -864 286 -102 -528 -192 769 135 -408 89 140 ]
[-1211 357 -31 -1188 -223 -676 -421 -642 -712 -655 -351 1594 -542 -327 -352 517 -72 388 -1074 -120 -368 -697 -661 312 -675 -463 -67 -1133 -111 -387 296 188 622 69 -49 168 -86 -592 -669 -683 -56 343 -711 585 -115 84 -444 -341 402 11 1498 -788 408 883 1152 -956 -501 -201 614 285 895 -530 -851 1100 -754 615 475 -1080 -61 492 332 -366 -60 -241 712 -323 -142 -461 -662 -723 -478 -37 -227 1177 129 374 -480 27 38 -218 565 147 337 347 1352 943 -777 -662 -220 279 324 463 688 66 -118 -519 -84 1211 171 930 640 -474 -419 1130 212 785 909 262 1936 292 39 309 -600 258 1235 -934 -112 -1047 ]
[253 1282 52 -875 -324 -483 -902 1359 -855 1503 -545 -507 269 -593 1129 -670 899 -369 -85 984 -928 -30 28 -49 960 979 -246 -146 447 469 1791 609 382 465 450 594 303 861 -59 90 895 638 -695 -425 -498 523 -722 -1322 -198 -407 18 299 -676 -57 597 -255 -616 -90 994 131 639 -522 202 137 -974 224 -1779 497 -86 1179 874 1022 197 -146 474 101 -1438 338 72 -609 41 -826 -60 861 45 -356 859 514 93 -7 -662 767 309 -429 818 413 920 1065 -574 -448 496 160 -663 120 223 -354 -142 84 -682 617 -249 -127 88 -769 198 -47 397 -552 -288 257 905 196 407 -218 425 -92 570 -48 ]
[664 -284 421 348 92 855 326 306 1360 771 739 -891 891 335 -333 -633 -64 -555 -222 57 510 -67 102 -24 -50 -804 -435 -382 -682 -1054 -8 -810 0 155 -224 -896 -666 125 -560 -1149 -331 820 -259 221 -913 -701 460 685 -287 782 -234 321 -808 -188 -13 221 101 -397 -1067 -255 -613 -894 867 -125 -916 205 181 -684 -819 -867 -421 550 -425 -459 -1668 -920 -679 608 -419 -298 144 1017 -11 -353 185 -849 48 141 389 -66 192 -226 760 -537 -283 83 293 401 159 -692 541 238 -889 -26 324 -202 783 -404 -319 35 -842 638 -890 -472 297 -1435 -655 -713 -1322 -398 370 663 50 40 -821 1320 -345 -298 ]
[-899 -920 649 76 38 -424 -429 -980 -1064 728 109 -123 533 51 -108 150 -749 620 -886 957 571 562 509 736 -67 -116 1367 1055 98 556 -789 -269 -1535 -296 -672 -955 97 175 76 -336 -269 -111 162 1150 1534 -744 -377 1379 -445 -805 -228 -624 -311 232 613 525 -1251 17 -341 -11 -734 721 -1046 -1306 -11 -181 13 647 253 643 923 810 224 -368 -1086 545 -617 -319 -1529 145 1577 1380 550 810 -944 -278 -127 221 -785 475 -911 -71 110 -874 611 -960 25 -19 253 -631 -832 -157 717 319 730 866 -508 -316 132 71 245 -25 1531 -1036 611 701 755 -682 538 -20 -289 141 -1103 543 -61 378 148 267 ]
[-242 1333 -114 1117 84 216 -581 474 252 -720 449 -1100 197 -868 1183 -820 432 -474 611 285 467 373 -634 507 1124 -95 518 271 -1090 -289 515 -691 1138 268 56 -270 -183 9 -552 61 -953 -1046 123 351 -561 753 242 -1421 51 478 558 1033 -650 -229 754 -44 1305 875 422 -1 290 265 495 1130 -318 -528 -571 82 -565 70 18 -161 -66 207 -126 -1380 215 -227 109 -421 527 -1099 869 -51 35 133 -335 -235 253 -1889 537 61 471 255 -83 327 1326 -369 -3 56 -775 -192 -423 -837 -1613 360 -137 -500 -1540 -631 -1859 -253 -106 -159 9 -289 14 1079 -1396 174 -328 500 830 -437 -704 -224 50 -25 ]
[617 -405 -928 132 -80 279 748 -518 -126 136 850 -827 -379 -116 -795 1029 514 -326 431 284 547 538 0 -1586 471 418 -466 -30 96 241 -664 -494 293 393 -610 -600 140 -224 200 -1090 -1065 300 367 -34 137 408 -421 850 -282 -922 42 -306 -407 -542 1042 274 -30 173 -409 -127 -285 230 -15 588 -147 -703 -952 1049 -314 767 -363 -1270 -61 8 235 -826 567 435 75 -490 20 870 828 -628 315 -76 340 -364 -186 303 -182 -28 -396 -534 1435 482 17 -74 218 -1324 -352 50 -631 -177 -180 595 41 429 -1529 -790 -598 -868 -208 -437 -126 220 576 224 -189 726 615 508 604 203 -93 -705 -654 -41 ]
[-68 719 -128 -853 -243 -612 -329 462 -557 475 -711 -601 483 371 1281 400 637 105 407 403 -419 -213 -525 -578 1375 564 -387 -20 -576 -731 -144 261 -377 768 407 1120 76 27 242 124 81 -167 236 226 295 615 -588 -533 -556 106 229 290 333 74 -481 309 -67 -141 63 807 -61 1182 218 294 -62 -119 -1229 -137 140 254 541 562 -221 -1425 155 576 516 -900 1538 41 -96 -616 -543 -1137 48 164 -153 -591 -530 897 -40 -333 -502 29 -240 -391 -329 96 -237 -883 668 502 -354 199 -776 694 960 502 754 516 -254 33 -63 221 72 479 -468 -974 -1057 -272 683 -195 -412 410 683 -852 -296 631 ]
[1208 991 -436 -516 212 219 -160 412 1005 -456 636 -192 484 -831 282 -747 882 -235 399 813 -841 271 -242 -72 -892 103 -18 764 -830 -870 -800 -754 1057 -166 -239 -574 -547 708 122 -1270 1611 21 -1086 -893 -461 1265 1021 441 -588 915 389 889 -607 -175 499 -310 858 238 -6 227 63 -986 1236 -670 -38 910 -239 1867 -285 -51 -740 944 323 28 1286 -570 -921 -168 162 -174 -370 -31 -22 94 1356 -518 263 19 1177 339 1250 298 457 468 -93 -319 1222 -446 -252 98 466 -751 -534 -176 1445 -112 -371 -388 431 256 -22 370 -682 362 429 253 428 -351 -1632 -139 -480 572 650 1024 386 235 1178 195 ]
[65 93 -1380 310 100 -424 -265 888 -663 968 -834 -532 -786 372 -255 -568 143 -553 112 961 428 -79 -40 -339 -102 -11 -360 -793 -100 409 342 313 -811 -660 74 -1198 -273 925 88 -45 -1056 -44 -500 -548 236 360 35 -1034 -1369 319 -369 -622 145 -363 221 -73 838 -132 648 491 402 617 384 -1040 -681 145 -676 -988 602 180 -44 -218 -222 -319 -317 65 139 -650 576 1062 964 232 374 -167 -499 -427 554 -470 -1093 -226 -1269 -830 -439 -1018 336 -514 43 -236 79 66 543 81 361 -480 1240 -355 868 168 -19 -282 -92 -374 -16 88 -267 43 194 -377 510 -605 -278 250 419 -478 1 -181 753 -468 ]
[966 -366 674 225 -595 401 -848 296 -321 -790 -346 -386 16 238 -523 -393 -43 -1486 393 -1000 -1083 -374 -771 187 -76 -153 -145 757 -158 376 111 -980 768 292 -9 -117 -209 367 -833 -429 557 723 -560 -536 -743 -11 264 -440 -809 -447 642 527 -508 -77 513 -88 705 722 431 89 281 661 -112 29 168 1679 -423 11 -74 -591 161 185 486 -379 -725 -1293 586 141 -478 362 -543 -48 421 174 -783 -105 -671 469 464 710 546 505 281 854 -941 -811 88 -362 -1477 883 211 -272 -241 -482 928 513 -521 -911 526 627 -421 -157 -128 -217 -706 -498 -314 205 256 35 885 257 136 71 -223 315 482 239 ]
[375 -566 -16 488 192 40 851 317 971 -595 -157 192 -802 854 -556 -347 172 -92 290 482 -197 321 -194 166 -660 89 -1190 101 355 70 -409 -646 253 -752 -525 -132 -16 1044 -129 236 852 -877 -413 -740 1579 561 191 381 50 125 196 -270 412 -99 3 -1298 417 -506 -405 195 97 383 632 -1132 -547 267 834 -297 -379 -228 385 -559 924 396 60 381 -638 -276 20 340 146 452 -997 -59 1525 495 187 -397 778 225 -158 -601 171 -119 17 138 -655 -700 -341 192 973 -353 561 228 1424 -515 423 -210 320 -770 175 1418 -1091 -207 696 -545 1175 -142 -608 597 -801 141 428 293 -156 170 -226 -1310 ]
[470 -188 -72 -313 387 -379 397 -444 -983 -163 -1263 -819 -1221 432 -32 -653 -525 -481 -1430 -77 -867 308 -504 165 587 -156 1033 -164 299 -761 -564 -532 95 428 1123 446 -473 -457 89 -617 -136 101 72 -837 -31 -950 -683 -47 833 -285 329 -70 165 -707 45 -339 1382 -221 -608 -204 926 296 321 576 -268 -80 -286 142 -320 -482 -96 -701 -839 2 -1113 -1510 449 -892 -146 -1135 -94 320 244 -607 231 266 -833 -881 799 -535 86 -1249 -485 217 206 477 394 -448 489 -702 -109 233 383 639 -1264 912 -93 1175 307 2 -747 -286 -394 197 -613 321 333 932 -691 419 146 397 -283 191 -244 -518 -1131 378 ]
[1093 -68 99 245 376 1137 24 827 1024 701 481 577 362 -122 -181 -790 -182 -803 -345 -468 173 500 -538 820 -325 -252 -629 878 -1036 629 334 -222 -200 -442 -1178 -1432 -621 263 -1078 -901 -1068 563 -949 279 -957 -1087 -252 -196 -200 3 -14 -255 245 735 1008 -211 457 -81 243 153 -886 155 657 -361 -665 308 809 -550 106 -561 393 44 243 -99 -116 1044 -505 665 -1555 864 875 314 1092 927 -978 -58 295 111 585 -1597 -1178 -712 451 -969 303 102 462 617 228 860 -592 -699 127 -156 -235 -546 228 -974 -349 387 280 -59 969 -1416 125 -1783 678 -231 338 -1136 303 -467 -428 -513 -652 316 -266 -1179 ]
[621 -257 -179 -80 537 -47 -791 -917 731 -11 799 988 604 -96 260 -400 -282 459 -227 -1171 610 -437 696 -253 -157 389 106 -274 225 -270 971 -315 -210 -88 1 -330 449 632 451 265 -983 196 429 1385 -1221 349 -267 -6 -565 618 -386 -894 -235 229 -237 766 -39 -880 -247 957 -1177 14 -288 1257 302 -210 -53 -114 284 -763 306 251 -60 -1069 1211 -161 745 955 172 251 364 877 187 -442 -938 -415 1559 -612 419 -864 148 5 393 -860 -280 319 577 1022 773 -290 354 570 -38 -303 -15 152 744 728 556 501 601 -890 278 600 525 163 -406 -115 -145 -1388 -105 -823 -726 397 345 -408 -41 258 ]
[688 267 152 1024 -616 56 729 -952 82 -660 806 330 541 -653 -1059 182 -54 -761 -1927 -918 212 1527 1261 -250 -804 321 892 246 428 282 669 -810 -817 -807 -799 -928 381 -69 -339 202 324 469 688 -96 562 534 -283 -144 1 -322 203 -230 -56 -961 -367 78 312 -492 -1129 -859 -176 805 -1214 408 1245 56 220 -820 -559 -733 470 172 201 527 -428 -11 -395 -342 -507 -110 -186 -9 -408 -479 -508 -68 990 170 -74 416 281 71 778 441 163 -298 238 -106 -237 227 -516 307 -176 344 175 809 -265 154 700 -1278 679 663 1110 -972 -508 -453 832 -47 549 -1260 284 612 560 -533 13 712 -1139 -105 ]
[-681 -472 406 -869 183 -151 443 346 -200 -171 -263 -414 -401 547 707 784 -673 285 -687 1392 -859 -454 136 412 412 -353 -985 665 221 -131 42 -27 -497 428 -10 849 -729 -883 -509 187 459 -268 -409 -820 1154 -938 421 -350 922 -394 -254 -79 823 439 415 -550 -1482 1086 -159 -310 -258 -30 -342 -1186 1131 -268 609 872 535 260 788 1315 164 312 616 855 -1371 -307 -1506 -179 -598 -891 -124 310 633 399 658 273 151 -560 -880 205 36 126 722 -371 -290 -112 716 359 -19 -1108 1035 -70 -496 -1248 -457 -234 -203 479 -1221 1130 -455 -521 -608 -624 1170 385 -275 1080 106 -271 -509 704 35 486 -139 1012 ]
[195 996 492 468 -680 687 -90 -277 -784 -34 75 -441 341 421 -299 -446 1191 483 -187 -349 504 761 -205 -156 408 911 1744 -670 -232 -320 534 256 615 249 583 -1462 -390 239 -116 -48 -643 -142 586 -70 -631 189 -82 42 -94 830 442 472 1105 -339 -1620 -102 265 554 748 255 -16 -253 -239 -626 -1465 -172 564 111 513 -175 -851 -780 -1064 703 337 -581 -261 -350 126 -74 890 -1312 320 -150 -211 -822 -128 -443 -416 -411 231 26 404 339 -952 -905 1379 484 -331 680 -495 -62 -1049 -97 -104 721 230 304 -574 -785 -103 -142 460 341 -522 468 -830 -66 69 191 579 457 749 243 -396 -760 237 510 ]
[-146 647 -603 -285 -275 -646 -149 -132 54 -215 796 -202 -59 115 269 462 744 597 831 498 -200 653 -1020 -538 -1120 -1277 -441 321 -662 -215 435 -72 352 -114 913 1725 -131 -496 281 452 -76 205 711 -58 -215 863 373 -8 48 -430 1378 -604 468 509 -607 954 237 -110 -99 641 -290 1219 -792 600 -261 507 694 -872 -444 -568 -82 259 -409 -167 1301 1226 93 741 757 351 -149 365 -351 607 387 260 -785 -909 -810 495 79 53 -641 458 -630 224 112 -1147 -1124 281 -456 -44 106 228 -866 245 -386 -1071 -244 -157 -514 -148 633 214 -577 -247 -326 -868 -327 -287 387 -697 121 -1034 471 -750 -100 123 ]
[221 -561 808 -145 -39 -682 -373 -767 -257 -1290 610 103 932 -707 -134 -403 657 822 -2124 -323 -10 300 450 -480 296 285 -598 355 334 -725 50 -865 120 -249 -70 100 -565 121 707 -99 -450 154 -182 613 1 -437 -351 767 107 742 -515 -965 -1010 -67 -909 1 -841 123 -256 -254 -213 -848 451 468 256 195 -274 -201 -207 140 490 906 -494 -321 -869 -590 -694 -186 168 -812 -496 47 -179 111 94 -359 898 103 345 -628 123 515 98 -358 -253 783 280 851 904 -509 -489 -412 -15 -661 -153 -108 442 1650 -147 135 646 599 -313 -435 -345 -477 -398 -262 -258 11 479 96 -212 874 386 75 -995 -66 ]
[1238 -25 952 -119 548 -279 -811 63 199 -635 662 1183 741 -455 825 -447 1018 -555 -1185 -135 143 -61 510 565 114 184 16 294 19 393 917 -401 599 -79 -372 153 752 1349 311 -48 610 -80 -85 -535 615 196 392 997 1058 401 313 199 696 -7 -218 144 160 -1137 169 14 764 -310 -361 2 1032 196 -23 251 -451 -876 395 -102 1199 -409 1164 -446 -354 687 310 -1460 -1077 -517 -469 -140 813 -227 1266 645 1522 -862 290 -730 562 619 -238 -46 -480 1209 351 -937 776 -311 413 -7 -228 -468 812 893 818 528 397 1467 955 309 226 698 848 -256 -866 229 415 303 452 64 -171 248 1235 512 ]
[-358 924 172 426 -631 -290 -94 787 468 496 -217 -8 -372 782 176 -382 -673 -902 -100 891 -1220 757 -6 25 839 -608 540 226 -519 -192 468 -529 183 -30 -71 -773 284 -237 -681 -122 633 -637 -741 -384 2 -301 312 -194 172 -256 -483 619 -527 -700 214 -128 1235 289 635 512 56 667 49 -714 42 -331 -320 705 -160 -765 1318 532 -169 225 -406 -877 -378 -729 -775 216 -204 -572 165 -138 -314 74 -122 481 -400 -943 -106 -236 1171 452 479 -253 188 668 -199 1187 13 -528 -198 -552 -453 314 0 12 562 346 -1173 267 -597 -981 -216 -150 438 34 -681 476 500 552 670 479 -156 -701 -458 -60 ]
[-1152 -195 -345 -478 312 -646 466 -823 -15 428 -714 -1140 -369 -530 -842 391 644 614 -421 -299 23 279 262 -43 -704 -247 688 16 324 -117 153 244 -912 101 629 -448 -550 -134 372 460 -865 -413 -619 647 160 638 -278 -732 -929 -73 236 -134 106 208 331 916 147 171 -578 -490 109 -497 -125 633 -682 1042 269 -487 -127 -568 85 324 -104 221 -1754 -33 -287 94 -24 -43 484 1256 -185 699 309 228 -1246 -8 -350 1092 224 -51 -534 -738 113 64 663 -213 -783 -217 161 381 -450 264 673 -330 -577 -606 -470 86 150 -942 975 -250 812 -755 -86 -342 437 -877 -489 227 -22 -1137 -922 -126 -1178 -205 ]
[889 519 -409 -179 -988 -606 -187 -508 630 -92 969 549 -246 57 -725 -454 -1446 -158 -142 762 245 61 -460 1003 -915 -995 595 -362 -794 -773 -832 447 1205 -539 -107 -413 368 31 -685 -161 231 190 -1036 -259 -169 -307 304 1459 601 -370 500 293 -1171 751 -299 -383 932 56 383 702 108 -336 -198 -225 -965 -390 -303 832 -554 -593 578 -951 464 -811 520 -441 801 418 -983 442 15 178 293 1075 844 259 -1287 -299 328 -551 -426 -512 -403 -246 690 326 -255 -25 -107 262 -626 -167 -254 291 -624 -588 1057 650 -215 887 -782 759 -69 -359 306 528 570 508 31 323 -246 -140 -815 -442 -300 -254 713 -625 ]
[853 -871 1261 -195 966 417 -517 -76 -533 -109 -1022 -554 56 411 810 -1125 264 -134 308 -127 1425 39 41 197 -283 -107 -496 668 -535 821 -112 -113 754 -459 -341 -422 -1584 1044 -152 100 -1636 655 -501 -560 157 576 -342 390 -514 939 1163 -316 616 311 -123 -344 504 683 -20 -1098 -147 -109 547 -1109 -1703 591 1258 214 146 -94 92 -283 -254 -292 305 269 -63 711 -430 276 531 429 247 624 -1406 -598 33 240 1141 -1093 -608 -700 308 -548 -1278 -404 198 127 21 -141 -17 -627 558 -420 604 429 5 199 30 374 1265 459 1075 575 372 -850 478 -212 -338 618 -9 -1197 -445 -52 -1043 576 429 -664 ]
[-775 694 1128 -175 -96 -241 -1035 -421 -464 -29 -1772 -135 -346 1308 546 292 70 -567 -317 -362 -335 -239 -244 240 -717 904 503 -532 359 666 187 847 -557 254 1674 598 119 -113 280 645 419 -768 -412 -268 231 -444 567 -1799 -283 777 356 217 -32 -323 -168 480 1097 393 263 -344 1574 351 -540 -468 1092 -52 -560 436 315 81 483 411 -374 -56 501 -930 483 -321 159 553 -861 -1052 756 -852 26 -89 72 -217 -639 308 581 -763 181 750 -588 1045 -612 578 -341 519 643 244 -47 164 464 -864 532 -284 1099 442 -315 -357 -556 219 -587 195 -905 653 273 268 404 149 298 -442 -1017 -222 1048 1241 ]
[-89 -660 -86 397 -592 -120 118 -205 768 595 481 1450 951 641 54 -437 -237 -1085 45 -142 -695 203 -486 742 -670 -405 -633 -311 -41 -45 891 -207 -366 -101 279 149 -44 152 34 -198 1046 -12 33 711 719 -379 828 1846 313 -224 -35 395 445 -151 -1 207 277 -802 -1195 458 205 -37 5 -963 991 -86 1272 -287 400 256 766 366 482 -107 -158 411 -1007 1110 -515 205 -565 295 -35 574 323 -272 290 -426 -747 134 631 -893 1212 344 -190 297 -1225 627 -63 50 171 -649 51 -491 643 -773 1003 194 1635 43 -231 1145 294 -649 -58 -190 -484 -847 213 -659 -36 -3 -335 -409 -514 913 1788 305 ]
[348 -527 -277 -286 70 835 680 -12 -508 -1459 466 209 1003 668 -253 514 211 -10 124 -77 632 -386 510 -323 277 -400 -1862 356 -1036 50 -490 134 162 -381 -860 1588 -289 -579 -108 -225 -323 930 -140 79 429 764 183 -222 674 -719 773 955 380 784 5 -425 913 65 181 -244 223 654 -202 880 442 -507 -352 -1177 690 -85 -82 -892 277 -614 914 195 -173 191 581 499 -356 69 -42 -713 96 136 -155 133 -76 784 900 -456 -394 -245 -512 1519 -743 -296 -635 -513 126 519 995 481 -296 385 -527 328 -45 -99 83 1016 86 692 -494 24 421 -226 311 205 167 -1130 41 -217 328 546 -83 214 ]
[-1562 -806 194 249 -93 -226 466 -79 178 754 172 -307 135 1135 -831 -1 -940 -548 599 520 186 577 -169 -749 -311 -326 257 590 263 271 208 126 1379 -265 1046 -764 -9 -49 -1263 460 -602 217 -184 495 526 -240 438 -72 -319 719 -104 -325 264 770 -656 377 -12 393 -343 -802 -399 976 -903 -1008 -640 -155 1046 352 403 -653 451 624 583 377 -1582 -83 -320 123 -1313 378 1116 596 -364 -41 135 297 -1089 -107 -1034 -202 156 -651 354 88 134 -361 -159 315 -225 403 -560 286 71 -225 -679 -389 502 -1082 237 276 -1260 -205 20 -841 69 -786 -65 -298 -634 -235 -484 68 -150 -658 -972 -46 -91 -164 ]
[80 -862 472 -75 17 283 -195 -568 -57 667 745 361 144 -786 -940 535 457 289 -854 -116 556 94 207 -932 -1313 530 -447 -164 -65 1355 -2 791 524 1591 263 -219 121 53 100 422 -203 547 -194 -236 -83 -143 -383 990 126 504 -1062 11 638 -157 338 693 -1312 -184 526 -481 -71 -1410 425 -117 1077 -192 1118 -583 165 -674 455 30 -38 368 507 -616 -351 451 -455 -168 -592 229 50 334 394 -87 1270 70 -64 -322 -1201 -122 -853 -337 884 -920 -23 444 583 160 -258 379 -76 184 173 -1186 -633 790 778 251 1040 -444 148 -716 -125 -273 460 -414 1151 -415 633 -340 -1048 -815 -845 1255 -1112 299 ]
[-310 694 -771 1077 -426 -615 701 587 1286 853 820 998 500 427 -355 307 -300 1088 402 -316 1197 -147 746 406 -1018 -980 -907 -242 -1510 41 -923 875 -739 -374 -1697 -56 994 -730 40 635 836 -14 381 -100 481 -93 428 479 412 -748 -89 626 414 65 -302 -810 -788 357 -64 1002 411 167 -49 -750 179 -94 553 -901 175 516 -561 -484 41 -434 -324 403 -592 10 241 802 100 -982 -1068 383 -247 913 13 592 -1873 -304 123 1024 540 399 607 -987 -871 -1087 -51 535 -291 -276 35 -413 939 -305 36 -303 91 -1055 735 325 51 433 -294 407 -386 -745 899 -141 323 306 343 -954 1675 862 853 -1106 ]
[548 69 -785 -340 294 378 47 -190 136 -1177 843 512 -757 92 1014 1 -709 -596 1003 -220 487 -433 689 -549 481 -738 -1273 107 -239 -325 27 -150 174 -359 -637 472 -49 -344 323 231 -886 -507 -305 -627 -260 82 643 271 18 206 -292 915 -67 292 -154 -546 727 -299 -284 17 -377 -414 -251 1100 670 -876 -380 -185 -355 -58 -167 -1221 -226 -267 1388 -410 452 382 514 -884 -1239 -432 -466 -661 -417 352 350 366 683 -1053 963 1387 86 -198 -399 524 606 -95 251 496 302 -509 -296 -277 -499 648 -110 704 -554 -254 -69 351 75 996 -282 1120 384 839 -480 361 273 76 186 608 334 -879 -84 123 ]
[-910 374 234 -146 -241 -1514 501 -1154 -1078 828 -705 -847 779 307 -799 712 282 557 128 964 338 -637 470 -50 895 -144 1019 -777 21 12 -465 1275 622 1085 422 -141 455 -119 -396 -193 266 -184 164 972 1224 1649 -791 602 586 -741 -378 1166 439 -1155 161 1087 -1198 162 492 460 122 -151 275 848 899 -288 -790 -117 577 371 -253 142 -166 -123 -449 -1050 939 -206 1526 -64 -217 -160 -277 -711 619 74 -998 -67 -49 862 462 737 -1032 -619 4 -125 901 -334 330 -501 -584 413 -396 219 -840 138 -1675 498 -657 -1141 649 -446 -846 219 -214 281 -772 -337 645 525 -146 432 120 272 894 568 -233 -110 ]
[214 823 -538 86 90 -1105 451 473 514 371 425 -868 242 -683 926 -770 -206 -482 604 519 -495 -112 -534 613 -671 -556 411 171 -680 -52 439 -653 857 339 247 -27 -327 710 13 18 -48 -739 -239 -840 -512 651 -724 -1246 -299 915 -427 -46 -206 57 477 146 1075 347 -742 251 -420 970 -383 -630 -47 734 363 -63 45 -625 993 -258 189 541 -442 778 -17 297 -626 177 362 178 58 360 502 -118 -470 80 -198 -392 48 -1476 459 -356 -950 -523 -70 -440 390 -321 -156 249 182 508 316 -307 623 -910 -187 339 -1420 223 590 270 822 298 -234 -567 -2264 -445 -751 118 -294 -1262 -590 -303 -489 34 ]
[-358 -161 1 773 -100 -65 1009 607 -457 381 -762 370 257 -20 -457 -211 1331 -258 -489 -122 -1232 438 -1304 506 -1507 147 -442 -982 67 413 505 -340 1379 -371 294 -869 -390 793 -2 -374 530 -497 -90 -327 72 479 -438 1136 547 257 1145 -1381 679 7 -692 -197 409 -593 -45 140 828 7 -39 -979 -513 335 1100 -388 -288 -596 -684 96 768 198 456 156 -1570 254 70 -43 -113 -440 -431 731 1110 -1178 -298 302 113 65 -40 -1535 331 1307 -292 -146 -828 -205 -790 -132 367 531 69 -498 -360 -1095 299 140 1620 -372 265 899 -49 70 -29 -773 504 -832 223 -159 19 -85 61 -602 69 381 558 -961 ]
[195 1125 -261 -28 -832 60 361 409 184 575 -186 -5 503 -765 700 42 -505 -475 188 551 682 340 864 621 16 -376 20 149 -922 490 69 -632 -128 -723 -1652 -404 747 -285 -707 -607 692 -181 -519 -97 1746 1003 -51 -254 280 49 -123 548 -336 -180 540 -738 613 33 -627 1199 -113 816 -375 -349 268 175 -1225 58 -73 1406 1240 78 309 382 59 874 -1152 -114 101 129 334 -43 -448 -189 -179 655 803 363 -268 365 42 29 947 -363 859 -711 -419 -575 11 -238 -286 -863 -177 -37 324 -135 954 -918 -1722 -634 -304 360 580 -417 -263 898 353 -364 -1259 112 -778 1608 -358 -254 428 -487 1235 -577 ]
[-169 -161 -713 272 -9 247 285 853 -208 -1095 -800 -270 -368 -582 -390 -71 1873 520 1254 -267 262 -640 -1320 80 -277 288 -618 -455 -453 -190 -870 -856 -98 653 498 -56 226 -886 469 -232 229 -908 447 -326 265 231 792 -263 -427 -717 2 -53 -60 43 -142 88 850 351 949 393 1142 -172 650 475 564 496 755 -1140 -181 309 -1220 0 -555 -655 -414 -320 189 841 2347 361 -161 404 111 492 214 -355 -534 -214 -1133 510 1269 -1659 -537 1140 -287 843 -1238 -950 -1304 250 342 200 951 -191 150 -686 -389 -1205 384 5 -448 471 -695 602 -340 -186 -751 -484 1043 -671 205 -27 220 -207 65 418 -61 843 ]
[156 90 -352 -410 -967 -587 551 102 685 -606 1108 34 127 -724 -73 -532 296 237 526 -334 -39 465 -185 815 -609 -862 -395 -266 -450 -1350 -572 -119 844 -111 -353 218 -28 529 599 151 761 -1571 -383 -1096 -202 22 -262 371 939 196 9 146 -357 63 -490 -3 845 -269 308 1641 -560 -747 406 144 -27 -8 395 121 -83 -1676 80 -247 232 -254 -126 249 565 -287 716 460 -703 296 -1085 -286 1402 380 87 428 -148 248 1426 -443 144 -121 -703 368 -1350 -717 1 260 586 561 -168 967 658 -673 893 -716 234 -244 -540 111 -1250 -151 401 69 91 119 -936 -1115 -591 -465 83 -536 351 -460 -363 -152 ]
[546 -269 -1560 -518 336 1065 324 333 281 -975 -508 722 100 1543 199 218 -852 -301 259 -120 221 83 33 -331 979 -559 -428 -948 -510 -61 -549 -210 -20 453 -434 -413 -52 -486 -911 -754 -1472 -116 56 -571 17 -480 16 -1059 389 278 2 108 152 -1 -123 -300 -262 -336 51 -92 303 -137 -209 193 179 -260 -385 -550 329 288 -373 -356 320 -323 -699 -703 361 -865 -312 -681 339 326 812 -1054 -433 401 -115 -293 806 -912 255 -974 904 -697 -149 -159 -504 -536 436 372 1 110 -166 -1305 -285 -614 461 601 -457 -381 -343 233 -838 45 217 -486 731 607 103 -43 -477 617 415 801 244 531 488 -949 ]
[107 350 -1128 -35 -398 21 -5 127 672 -542 -679 -21 143 215 -2131 -693 -376 -960 344 788 -387 241 -1040 149 -1465 305 1100 -550 -1151 712 -776 345 142 29 275 -148 640 465 11 -51 -196 -1256 -836 -445 342 826 159 1192 11 -36 403 933 -372 324 258 328 1045 -238 1405 429 1165 359 285 -1525 12 -44 585 -69 395 -73 109 -667 489 -841 -500 -749 611 -1219 -283 436 -387 473 108 460 910 -275 -1509 571 213 193 692 -609 -158 155 -675 -266 72 -754 -869 608 -8 -71 -757 58 261 -1142 425 -221 -173 415 -570 75 -84 -2 780 803 568 -276 693 163 -1002 186 -445 -1026 -535 351 1107 -105 ]
[-513 -313 398 -64 -611 -224 844 -971 155 2121 248 61 -392 424 729 314 -561 201 722 -81 750 -999 946 297 -553 -630 324 -1172 681 439 268 -231 259 173 -498 -231 911 -82 76 1016 -468 -1008 33 354 1365 619 -653 1129 285 -1161 232 -1126 1002 212 930 -218 -479 -383 -679 981 -1399 190 -215 -364 -683 -578 1015 781 -376 953 1228 -919 -368 331 760 221 -532 72 -606 1101 -291 792 -599 501 -933 40 798 1148 -199 33 -103 137 -240 -147 999 -606 -866 -420 456 -486 -558 -295 628 1002 -630 303 215 -687 -1490 -762 459 -328 458 -94 620 259 783 -309 277 624 -133 53 -811 -424 791 -741 -263 -718 ]
[-22 -469 -801 -281 20 886 1098 -142 -228 -682 -271 104 -1069 -184 -1065 -163 41 542 725 -1057 -87 -278 -603 -907 -304 787 -966 -337 -179 109 -346 689 399 -868 742 711 -387 -187 -545 1030 -1462 -475 -1208 180 401 -317 -1439 600 41 -592 276 369 2561 715 -119 118 -341 342 466 727 -704 77 100 -406 -877 -481 1423 -750 299 437 -150 -809 145 51 705 -201 318 -157 -311 465 643 133 -436 1055 -185 303 -890 -388 -1150 -177 -31 -468 -1424 -520 -246 -97 261 -520 -543 -324 39 -319 -209 -22 -31 -825 -896 269 -847 -549 -89 -397 181 135 545 53 526 445 1529 139 653 -771 -341 -304 939 -112 -672 -353 ]
[126 -13 708 1378 241 463 -7 1403 621 -560 -1164 261 1118 205 403 -272 -157 -448 137 -824 -1495 -109 -333 358 1066 1606 -743 -97 71 391 459 -79 191 -574 -1016 -543 98 845 -227 -565 163 -158 512 276 631 -345 -1112 454 408 1073 -462 476 -369 34 101 -674 308 -335 -248 935 243 101 1411 363 -162 -666 -943 -283 244 400 136 288 330 -1840 -473 -171 -89 934 633 802 497 -562 680 -186 -327 -274 633 -5 196 176 -199 -1273 610 828 -759 -203 450 1003 -637 -57 282 80 -880 -1574 -439 425 334 286 769 -90 -130 60 -353 -134 140 -2007 -710 -1033 -236 -30 -611 -170 1172 324 667 803 1420 -812 ]
[1158 115 632 424 390 -357 -816 -368 121 111 689 119 477 460 433 -282 69 -1 -795 566 910 787 1093 -146 -269 -137 -334 969 98 485 94 -65 1398 -490 -591 187 -256 536 -589 50 -247 285 -490 -10 809 -307 389 11 -584 432 534 -227 -619 -685 -696 -123 354 443 -868 -419 -871 659 -537 -349 -1009 861 178 387 -439 -17 504 53 -496 277 444 351 -363 -115 -229 -661 411 546 -272 -431 -95 746 -229 102 1535 -845 -443 -11 62 173 -328 -233 435 459 770 212 -934 -336 234 17 -117 1210 -232 -237 -310 -291 146 579 -37 -272 -821 -990 615 -29 -1859 391 616 249 250 -172 -520 -1018 232 -601 ]
[-282 -573 -648 -525 345 181 777 -618 -35 713 147 -1406 -683 68 194 656 -517 -433 586 175 559 -109 1217 -1603 1201 111 1059 -232 710 -233 482 -447 -882 -83 722 314 -153 -492 720 585 153 570 704 541 -230 -29 -274 -591 -777 -787 -754 360 125 -981 415 382 -338 219 -203 -1278 -379 -471 172 -183 94 -402 -505 401 594 435 -642 233 181 213 -1722 -774 77 -884 616 276 42 1205 -643 -1011 -579 -175 515 -650 -761 1120 736 1077 -98 53 -46 -414 135 -283 1086 -682 617 543 -480 447 -39 720 10 -436 -538 -800 -442 -992 -369 -502 965 73 -598 399 -448 -22 -814 500 144 463 -170 434 -387 785 ]
]
