[[559 17 -392 -486 -327 -292 431 -368 -164 -309 154 784 -332 -379 -521 214 -618 -414 -302 -97 -198 -458 680 -240 267 -299 326 -374 -599 41 -461 655 -207 209 494 280 656 405 -79 55 -62 -29 -403 298 223 -680 -206 94 -3 47 94 -398 -362 113 -142 -2 651 943 0 -40 -577 -556 -159 828 -10 -411 -711 -40 -211 -9 -574 -570 235 311 -498 226 -518 -817 67 17 -137 -357 395 424 516 219 206 -22 -408 253 125 809 567 817 666 94 426 132 -325 473 -1010 502 -170 -1461 -144 9 305 -115 -624 220 640 335 -612 -425 781 306 -981 180 -5 -267 -260 -235 193 -429 -105 -123 -916 -542 ]
[-217 -686 93 609 -180 1262 -494 244 708 -720 -850 503 532 197 29 -104 662 -360 1098 137 -249 1262 125 -623 -279 669 -236 123 998 82 -126 -560 286 342 4 -50 47 262 -676 388 -703 728 -597 -185 -371 735 24 51 349 543 371 -219 428 265 -1172 -18 96 -775 540 -704 -625 -97 -318 -869 254 -23 301 -372 591 -662 -737 601 -127 203 57 41 -490 457 279 -710 238 -48 575 -197 147 -190 -120 661 449 -108 -298 -444 -494 -362 -260 -342 340 -316 -237 9 849 556 348 177 -219 -392 -102 -143 -620 -716 -93 -685 -211 493 45 491 207 -449 -159 325 -291 52 -168 403 15 187 -178 -746 ]
[-450 595 -450 406 117 -405 201 -64 522 305 143 -555 437 437 -877 -15 547 354 -775 -607 202 -389 317 395 -59 -35 -415 581 -391 -314 501 -76 -470 -66 343 581 133 -334 207 -388 796 -585 -188 -436 18 -134 -564 851 368 787 -628 -47 1155 413 848 -624 -440 -157 -375 227 400 433 316 -136 -491 37 -889 -265 -870 896 220 90 -533 121 184 -203 155 264 -101 441 -758 399 289 110 -191 454 399 -267 -260 367 533 -83 805 81 -257 -135 60 555 215 -761 55 -736 -123 235 -97 -1220 -142 297 452 -40 330 516 -731 -193 -741 -488 89 689 -534 516 849 1071 156 -704 359 424 341 26 ]
[93 -586 -173 -623 -308 306 614 398 -545 -602 -801 107 -124 -565 431 -85 -220 -311 870 -35 465 1464 -696 -219 -674 33 -439 -240 1826 -125 -793 340 -77 -1139 429 -433 241 -106 -489 538 -1233 10 555 101 -467 426 311 -670 -432 -783 527 -108 407 -276 -252 -84 -131 -449 -142 -871 360 -315 -286 -686 207 -110 363 -268 679 -88 -645 -520 343 21 513 -68 -295 609 301 -472 370 -364 -236 -360 187 -682 -684 220 1015 59 -439 -505 -570 -713 -155 288 740 102 -549 -24 461 836 134 543 -560 1 211 -543 -4 87 30 -220 140 -70 -23 391 894 -1476 -1207 -80 -702 -199 -402 1 -66 -445 -390 149 ]
[-950 282 -170 95 -228 -105 460 -143 289 -672 -904 690 10 -1224 -817 -246 134 -399 883 -384 -125 632 -478 59 -876 110 -834 -227 1160 -336 402 -585 229 272 481 661 453 123 402 -30 -1237 -36 -399 139 717 394 -580 1055 -236 469 -171 -276 348 -214 130 -659 -264 -212 697 -74 -407 -480 40 -403 -506 396 -1129 -51 66 -167 -494 639 -343 259 46 -679 -337 1247 377 -2 -542 -124 35 -39 -197 351 419 786 689 -189 -66 -976 -131 601 -251 431 243 34 474 -231 235 899 33 566 47 -1033 -763 -402 99 438 -887 -174 -453 -88 -731 -312 483 -149 -697 529 377 388 386 21 178 447 379 -476 ]
[368 -338 -678 -91 -471 -340 -159 78 592 423 593 455 -743 0 4 109 -623 -116 -296 116 148 -1045 1093 -532 528 184 362 -621 -803 -284 -764 -105 830 583 -161 -1025 47 -507 83 -81 -292 972 -269 156 146 -4 -903 -233 36 -871 -274 -89 156 -130 -381 974 -126 361 113 645 -579 -616 149 381 515 -395 -94 172 88 -786 119 -587 -194 -296 -805 502 -662 -683 270 -545 262 195 587 -337 292 -422 660 734 -373 248 643 547 -45 106 396 -41 -1271 -246 -836 516 -78 -557 -14 421 -290 -273 455 -234 -594 365 444 57 -667 547 462 437 -1150 238 546 -896 -828 -318 -278 -182 -412 238 -820 -366 ]
[649 -157 1240 285 -444 365 -229 501 52 449 -255 -325 1248 211 -134 65 968 208 -908 60 496 148 42 42 -746 162 14 -663 181 807 -615 272 -588 -190 521 70 468 289 36 805 928 -1239 -65 -504 -381 -86 170 -604 575 1385 18 -481 -512 201 -170 -903 529 -472 88 81 910 55 -267 33 -19 -233 416 -17 -482 34 -270 285 -969 754 627 333 -242 -252 210 421 578 163 871 158 -331 156 -434 -211 -20 -25 -503 367 156 -138 124 315 1158 831 299 200 291 -44 441 -187 469 90 -532 176 91 -729 215 -415 216 255 -156 -115 429 817 -114 -651 -95 566 132 -949 226 559 -139 324 ]
[305 515 -148 -146 557 402 -603 164 828 -706 1231 277 -510 -290 -806 805 231 154 -130 -218 -486 -764 -333 -167 -144 670 218 181 -1550 -196 1308 179 -478 217 -383 1333 846 47 87 -322 593 298 -297 889 814 -82 -42 417 383 449 -89 -477 -371 340 -331 -393 1017 -513 195 -646 -670 128 -57 779 -600 75 399 -450 -957 253 -218 41 -644 -56 83 924 -158 -43 -68 322 -535 -299 -175 69 35 784 1215 -144 245 -121 -242 515 959 373 321 -1075 443 -204 13 730 -1001 -554 -271 -1033 -218 -598 -102 985 -415 -51 103 -587 -752 -45 837 -106 -1080 516 527 303 474 -213 607 -820 231 471 -554 -208 ]
[339 59 -566 -314 274 -40 -394 158 484 -1057 -155 -193 -399 -95 -1083 490 301 221 -62 -966 1183 -269 144 5 -393 27 -580 -145 -61 -558 -218 0 192 387 -177 -815 1280 -691 -893 112 -285 312 -543 473 -39 422 -66 561 158 76 -217 390 974 551 230 131 -509 -977 -421 -56 -180 226 -138 -442 364 -732 591 -348 -473 20 -556 -302 -683 59 -479 -210 324 -641 778 -378 -642 -42 -600 -472 423 -455 126 -202 557 267 8 951 277 -56 274 -293 1165 -226 -1034 357 339 -1111 -205 -145 -1463 -602 -331 660 -379 53 933 -455 -1183 -163 140 284 -877 321 -436 -102 -971 173 -57 -1060 -181 -329 -615 -712 ]
[-799 274 535 373 124 -1534 -303 -548 -103 267 -967 -303 300 -1453 -282 -315 239 1313 -160 -1333 316 -257 -143 1379 -364 -648 -685 -145 533 -491 347 351 -2 -56 1060 -365 426 154 754 313 680 -640 -426 -566 281 471 255 445 -675 304 -504 -98 -257 381 170 -229 -363 411 287 637 714 580 -273 663 229 684 -536 -1 -118 914 -110 798 264 822 -275 -680 576 114 -329 -99 -551 511 -212 88 102 -315 -778 -642 666 -211 168 244 515 1186 418 417 989 526 719 -358 786 -83 -83 128 343 -161 -1095 347 99 674 -99 -182 304 151 -612 -434 760 636 -264 -341 -2 855 -469 -547 -216 -224 1001 287 ]
[-180 -1207 263 343 -350 34 -126 -25 491 -454 -878 717 489 -588 527 -228 646 287 -3 -448 -88 542 348 226 150 68 -448 -114 312 -751 347 9 -201 -493 210 1205 -165 471 385 291 -472 576 -57 -465 317 572 110 -182 442 524 286 -427 112 -52 -1084 104 603 504 -382 -88 134 -333 436 788 652 522 -1092 366 1055 -641 -413 913 887 103 -748 -246 -205 621 569 -245 184 -396 1100 1001 -424 -438 -117 -40 -667 -212 -7 -109 242 537 399 49 -328 1035 451 -761 868 792 359 800 1300 -151 -177 -538 -536 7 -727 10 373 912 -83 56 955 -127 -354 318 -87 -180 -201 225 553 133 304 -394 ]
[-384 127 -615 120 661 519 -932 -574 458 -756 -185 883 -1563 -886 -176 12 -101 -91 1244 136 -730 -470 -403 106 -242 224 598 -168 -453 -82 360 -185 173 515 -318 -1249 354 -311 -47 -1379 258 592 -298 819 661 355 364 -156 280 -330 490 436 -559 -52 -930 167 414 67 1243 283 -1319 47 -450 -106 -444 169 810 -726 183 -43 -635 66 375 -380 -103 132 -291 -634 -861 -649 -313 -11 -371 -385 720 9 715 675 783 -441 211 -45 -95 41 552 -1123 38 -1467 -46 428 -942 853 125 -901 0 420 576 417 -1145 77 -581 -290 -916 -277 1265 235 -872 -323 947 -253 -759 43 -268 435 -1080 -201 -89 -1389 ]
[-189 184 -429 -185 68 -1387 -395 -381 211 -158 1281 -728 -344 5 1124 64 181 386 -341 180 -1191 -127 378 -35 373 301 335 -28 -500 -228 335 -473 507 345 -80 -9 -1201 -129 564 -160 -929 535 -211 -634 747 278 -997 130 -496 -1555 -614 366 -785 -777 653 734 -445 456 -405 832 -27 -162 455 1050 -114 392 -815 1075 80 -1007 1903 -32 1040 -525 -1147 98 538 540 508 -396 -385 -134 486 846 -213 96 -56 355 -350 -79 390 -490 10 738 -78 616 -866 171 265 -160 630 -553 -143 910 351 -975 134 -73 787 753 -254 -163 338 19 -614 110 606 71 582 239 627 -1017 -112 1155 -67 416 636 748 ]
[312 -290 1093 -170 106 -217 -294 264 -31 87 -629 585 -144 414 1047 -266 1051 -412 -827 720 -754 -693 -744 -662 -622 -200 517 -576 30 234 -634 -524 -608 569 -919 108 -76 1226 285 -118 -796 -473 392 -726 306 -233 377 -328 1055 515 817 173 -1429 -881 491 -1196 -97 779 702 487 150 -1121 656 -232 291 -172 -454 1071 549 -733 323 1063 788 195 -133 -466 38 110 1196 361 719 -1035 676 496 -372 48 647 143 -447 -627 -656 -342 -561 180 -167 1082 -834 196 853 -524 -529 1397 1054 214 1250 748 -341 -1085 158 -807 -1806 685 354 888 127 47 1255 -14 254 61 99 45 28 1024 -62 287 701 -8 ]
[-26 -503 268 867 252 638 -1480 -550 507 -862 62 -595 1816 591 124 -1 753 664 258 282 22 943 1155 20 -161 769 654 858 -263 -177 1268 -148 -116 -109 203 940 -135 -158 -857 85 472 242 -1015 -635 -224 668 1049 595 -186 413 321 165 -533 989 -1067 461 637 -1095 -905 -185 776 1528 -458 645 5 362 1000 -372 311 -599 620 876 -28 562 -1381 211 671 -597 -85 -176 -213 278 731 1620 -370 -645 -540 -983 -396 -9 275 883 -457 519 229 -149 572 -67 -117 577 1978 -535 -589 45 -329 442 -675 923 -196 338 663 -599 186 146 199 236 597 218 828 1078 168 -470 -86 -398 474 -145 512 -556 ]
[-637 -443 578 890 276 404 589 -493 370 -180 433 -142 -40 -791 -18 627 -211 532 152 -933 300 569 -197 1118 572 -50 -895 349 391 9 750 433 -143 234 387 1242 369 282 -646 428 62 537 291 920 180 838 150 789 -478 1005 -77 82 610 331 -817 270 197 296 -635 -922 -713 1101 -4 890 -189 281 522 312 138 243 -175 306 291 -680 -185 837 222 332 -309 -286 -139 -32 -606 50 611 620 -740 190 46 -28 23 458 328 22 -186 -699 205 66 484 -591 556 -72 -332 -663 -46 647 -328 559 295 290 127 -410 1267 -352 -823 434 -822 -151 -141 489 875 -728 -148 824 197 318 -183 -353 ]
[239 -94 145 -123 -639 831 61 356 55 -253 575 137 -267 181 172 234 -410 -685 -1187 333 42 491 -144 -1125 28 193 419 -473 24 -245 -778 -35 110 601 -16 -422 -292 -6 -827 386 -723 179 206 -32 -111 187 211 -13 106 -364 -454 -9 381 -304 -485 342 -44 -151 -865 236 -669 -84 67 260 53 -916 525 811 571 -373 65 -169 -86 -310 -181 1025 118 -64 345 -433 551 -199 -436 -249 -459 90 -135 704 -158 -49 -1117 -1 -916 -543 -122 69 -229 -533 498 427 483 -815 419 740 -377 641 237 -200 -36 696 311 484 1331 -571 -1100 459 -908 -104 559 -35 -311 -1398 185 514 348 68 -742 -590 ]
[-1239 350 -349 1159 -6 255 634 -50 394 840 357 179 -761 501 -402 -562 -778 -223 -1002 -102 -589 -1265 -341 223 888 -438 -182 696 -114 -269 -134 145 -40 969 760 -214 -746 352 604 68 398 10 556 -275 128 -986 -953 794 21 308 -1101 123 1125 -32 400 722 -436 860 530 609 -781 -467 601 -594 -504 -579 -1226 537 368 1255 -21 -92 273 -885 -108 783 -234 278 -523 140 -589 -135 -59 -1215 114 728 756 556 -435 62 296 -220 143 710 -236 -1018 -1807 14 998 -460 -363 -251 850 199 -327 -774 687 -722 34 28 546 1240 -235 15 -788 545 -1176 270 815 501 540 599 -499 330 -403 458 -451 -34 ]
[-51 -95 581 106 272 -441 84 157 -609 253 -397 92 -575 389 1767 -647 -24 -214 859 318 170 -440 -1010 866 -172 -833 -531 -231 1086 634 -390 -419 78 -116 -188 -653 -195 -335 -574 109 -669 -199 515 461 235 442 199 -396 166 -279 370 490 -101 -1022 1012 463 -1087 -366 805 971 167 -149 361 -1086 152 400 202 854 629 -428 947 442 216 -1014 -171 -882 495 668 514 -20 85 -153 -1245 -632 195 -12 -810 1232 299 -141 617 -424 -314 317 -41 237 -1118 -471 443 -55 -212 888 820 462 179 -42 77 -398 -82 -640 -909 -6 -677 1100 -35 15 348 -62 292 149 -524 630 -658 283 -719 624 207 277 ]
[-465 -139 -910 276 -190 741 229 -116 381 -1079 142 109 467 229 -873 -21 966 -584 1228 88 -168 342 401 62 628 369 -165 83 -38 320 -121 -524 401 616 546 -9 -1015 180 1058 -672 -127 80 -491 -858 -48 -301 -1748 847 295 698 292 -677 1151 309 430 237 607 368 -111 240 -600 -627 604 -895 43 -162 -990 -6 217 -1225 194 -292 616 90 -123 -424 -354 -331 317 -88 -145 56 2146 278 -164 205 -12 -174 -1087 146 368 -845 -115 303 294 305 64 44 -930 -812 -153 890 -36 104 149 -1129 861 -625 -283 -583 910 -220 -672 -854 279 599 245 -134 -74 214 -253 17 189 400 303 319 -131 -143 ]
[751 -539 276 -35 -788 573 218 1159 714 -1212 -222 -306 286 662 274 3 489 -154 -218 -1197 523 75 -162 218 -291 138 -703 -79 592 -871 -1262 -235 -198 -394 1126 -825 779 -254 -1573 1013 -511 -270 153 -1258 -509 488 179 549 675 680 777 3 1780 115 462 -215 -1078 -524 -751 404 389 -250 413 -765 505 -938 -236 -224 723 -122 -215 309 372 -86 -444 751 263 -319 981 -634 253 274 824 173 -187 -428 -528 -121 852 1222 -30 341 -158 -21 382 -416 674 -289 -273 -219 1257 -471 423 629 -396 -1065 -7 77 -710 -429 937 625 -599 384 -610 447 -593 -52 -562 452 -1308 442 -827 -996 33 548 -477 -844 ]
[201 685 -447 -402 -186 -347 130 -271 -495 -696 228 137 331 942 -480 -203 -53 -844 736 46 67 -1058 910 272 -146 -400 -480 730 -661 -169 496 -1103 -1 -135 -440 1111 456 -320 220 -641 -449 -666 -840 358 822 -1077 470 1286 123 587 952 238 379 -62 998 69 -453 -265 -432 1322 48 -111 655 128 470 -158 -957 47 -464 -496 377 1056 -481 -328 -636 -1775 692 -171 491 304 -891 494 154 1263 -691 221 367 -63 -513 661 -112 -41 -174 1102 510 185 -3 -467 44 118 -389 6 -242 -279 746 182 -490 652 -313 99 -757 177 -456 84 53 -1170 278 1046 204 522 -723 974 1094 -552 846 909 497 -674 ]
[544 63 493 -510 -704 579 505 325 772 285 690 -530 -171 -426 -45 1244 -176 1141 -934 -1076 304 45 -687 868 563 531 159 -326 -1634 -684 774 685 129 -643 182 1203 -71 118 816 -113 926 -586 751 -279 170 256 -461 -366 527 385 -241 -638 465 41 -122 -127 938 33 -490 -606 532 804 42 472 -529 764 185 349 59 203 -39 -78 226 469 651 914 82 -148 -237 111 443 263 313 168 -1575 447 74 -892 -774 31 -902 -379 810 -48 -75 -65 430 183 537 -211 -176 -1181 -801 513 301 633 440 277 466 339 2 319 982 -367 -161 -232 -331 268 -153 435 579 -828 -149 -485 1128 -308 -65 469 ]
[706 -26 -525 -573 679 146 218 72 -240 -879 -276 6 790 -63 -79 172 -122 -195 704 -676 306 461 -480 -605 287 67 8 1217 4 -285 212 787 -714 191 244 -128 539 206 -1288 643 -35 1219 -403 -372 -824 252 186 235 -197 240 562 -1425 -260 975 763 -489 227 14 -388 -1275 -333 -157 88 -539 851 19 -263 -1109 -139 337 -172 -279 72 1175 -6 172 -72 -871 -81 295 276 241 -616 -345 1102 -110 -386 -1062 805 -86 508 914 479 -71 515 136 1238 -194 -861 -169 -444 669 -316 -1417 -1044 -926 -229 217 -941 -425 1071 -289 -990 60 1453 640 -140 -547 -1515 196 -103 458 -25 -804 363 -1075 -648 298 ]
[-893 -1197 -211 581 206 -204 -525 136 445 -433 -255 276 -275 -1035 65 -535 -363 -3 728 223 197 513 249 456 -668 804 -727 -181 1070 -763 487 -156 494 -314 483 478 -626 -639 432 357 -1087 1220 754 307 569 555 -306 136 -1482 -465 520 1261 -209 -199 -1703 428 -91 -312 151 -890 592 -567 98 209 -412 1167 -183 -395 413 -1036 -623 639 885 -578 -594 367 -510 856 -24 -348 -475 -1014 1258 1065 676 -1036 889 175 1238 452 520 -425 -857 -69 -419 -778 -987 599 -67 157 1929 641 -276 1126 240 -430 -195 -575 150 305 -527 -541 478 759 -513 -44 1539 -726 119 575 132 -377 -918 306 -351 762 463 -313 ]
[164 -63 -601 707 59 -284 -1458 124 1115 28 -315 329 835 1201 117 -265 1112 -781 -125 315 -867 45 1756 -1113 690 604 581 192 -509 -546 -802 -225 -82 841 348 62 -1474 236 -600 428 48 130 -1186 -1471 -257 799 -374 377 385 -239 -19 -811 877 601 -394 -338 -403 552 -264 795 -457 -3 -217 762 958 391 -734 -168 -468 -237 128 844 750 459 -422 -21 -523 -26 420 -899 235 669 1667 633 355 -353 209 617 -185 904 156 42 44 397 371 333 26 -370 -46 222 701 -568 872 905 927 -1335 424 407 -1505 -273 709 190 -402 799 -1631 -76 497 103 475 331 -264 729 -449 190 674 1189 184 -659 ]
[449 -44 536 -1126 101 817 -698 725 771 -793 -54 -53 -1014 150 532 766 141 -361 721 -45 364 110 -76 65 -568 294 -362 -342 404 -551 -1395 -163 407 -97 -615 -340 769 3 -800 1631 -1167 -134 560 1354 251 250 676 -1108 87 219 511 1239 -269 -215 -477 299 -771 -1533 682 -748 298 -355 -35 -496 111 -341 1031 -34 373 -152 -1277 145 -515 -887 505 -40 -122 -22 817 -392 -588 -770 -708 -562 231 -624 413 323 886 613 -939 407 -650 -247 -717 -529 678 -495 -505 1433 11 -424 167 283 -837 829 240 -50 -345 -877 152 -554 19 1137 -274 414 -375 -409 -54 434 -1280 -66 -666 253 111 119 -485 -137 ]
[-223 -594 -425 35 742 -584 52 -626 674 115 -1291 -1070 198 -215 -51 837 811 747 289 -1167 -743 316 630 1134 168 23 -11 630 62 -307 -1019 19 -243 -601 -255 128 219 210 637 -326 150 -86 394 -638 -425 -207 131 -793 1155 291 39 198 -136 -208 832 -345 -140 542 169 320 332 548 295 106 770 -5 -1376 -532 160 702 -135 -6 658 68 -26 -684 -168 -799 242 79 -634 -19 892 297 -179 -224 -169 -348 -93 242 646 134 771 86 -393 369 1338 299 112 -1334 -146 382 587 -25 -122 -56 317 -286 -186 47 -947 -72 -882 534 325 259 1002 -608 -1635 522 104 1142 -528 1017 222 -575 619 433 ]
[1014 50 384 -491 -654 -36 484 545 -261 112 1178 -197 -423 1399 1639 265 -326 64 48 585 144 -540 32 -247 511 192 191 29 -1048 -430 823 -615 830 -243 -2094 -294 -263 -1125 -159 -298 -758 -34 -77 -8 635 578 45 -815 789 -1412 201 944 -557 -543 877 967 -780 -323 -121 344 129 27 -181 180 438 491 561 856 -147 -279 1322 -186 579 -1401 -351 74 610 71 297 -88 1023 936 -470 418 -845 592 60 71 -971 -134 310 373 12 -684 -87 71 -848 -536 -10 -200 -347 -1360 -501 599 788 413 505 837 651 -228 -841 -4 266 -92 -60 -929 -578 -122 516 123 489 -673 549 1126 -99 -591 832 355 ]
[15 -430 -127 -784 912 -720 -876 -55 -476 321 -927 -357 -216 48 -379 -273 570 455 -844 -359 391 160 -107 163 -50 -42 -259 165 418 -815 -121 1019 -1107 -376 194 569 -356 -337 866 569 354 -241 -254 -66 -528 -220 768 -1199 21 -45 -1321 -308 -72 269 -291 -34 -206 -654 -535 492 1165 698 491 843 674 -2 -487 -163 -143 1435 -1116 678 -535 79 197 -774 520 276 125 97 -773 -265 -374 -377 -147 -753 -248 -465 150 36 -813 -316 270 277 101 -343 1122 1542 601 132 1107 -779 1228 680 180 -292 112 286 -680 352 -413 -307 35 594 -366 -710 1238 841 -951 -187 -609 479 -115 -460 966 -21 -336 736 ]
[473 119 -484 -89 -106 -591 779 -617 83 1406 312 -304 -376 145 -16 546 -1059 -687 -285 -41 210 -810 960 497 376 -232 -132 -388 -495 167 -1688 378 628 355 -16 -456 -65 -703 -57 339 -126 5 306 36 -102 -636 -1350 -865 71 -59 -310 419 -246 -668 1006 -283 -1608 447 265 109 398 -116 68 -814 97 -10 -1207 264 -1193 442 -48 -633 -704 -307 621 -45 -271 -1114 -215 464 581 117 450 215 73 284 481 709 -201 1019 1122 17 559 -135 -991 374 -600 428 41 -457 -551 -577 -357 -885 -315 -336 743 -914 207 -324 -885 587 -771 -336 -302 -110 -953 537 -1088 -339 1141 225 -287 917 -171 193 44 244 ]
[-62 -1040 5 -522 -46 19 383 -444 -970 732 -1096 1150 -359 269 376 -360 -553 185 128 837 758 563 248 561 -35 -438 320 -976 -202 16 750 301 296 -679 -543 1087 -952 -512 761 -1187 -42 -671 -173 -278 -455 415 623 -224 552 -596 -246 116 108 -433 -267 -83 -10 423 566 929 446 389 67 -105 -252 1543 -310 119 488 -652 38 58 123 -122 -132 -1658 -301 73 91 451 694 -91 78 710 -1200 -160 -349 262 -1824 -31 1080 -1075 -501 -123 332 1344 -1453 -566 444 -353 -374 559 352 1270 819 705 480 -988 -331 1108 -1054 971 -287 556 294 -1809 824 80 32 872 531 -159 -144 -280 1192 -110 525 -425 ]
[438 590 -138 -57 1041 -648 213 -176 -96 -433 817 -545 -569 572 -33 -197 424 596 -162 -367 659 -614 -642 495 -722 -224 -357 370 242 397 784 935 -691 -47 579 -167 -58 -75 -801 -120 -206 -557 -401 234 145 368 162 750 -633 50 -357 287 1 218 1239 -366 -634 213 62 10 -421 1030 -285 108 -246 399 303 -183 -1169 1023 438 -196 517 -458 -421 -280 121 245 498 -444 -238 475 -849 -205 1342 501 221 -665 1166 487 559 770 417 615 611 -660 949 -223 -38 164 -119 -338 744 -927 221 -708 -443 1386 -109 -82 647 199 -598 245 -378 -813 -49 171 -821 304 173 919 179 -888 -206 628 -191 80 ]
[-345 821 639 597 412 230 -186 200 138 -141 -70 -396 -375 -107 -333 241 188 1045 401 -1521 395 -574 -1235 1501 765 -62 -418 407 -1442 -267 2116 -150 163 127 60 -1142 79 -427 313 -881 1405 -696 333 -404 784 595 87 794 271 496 -169 142 507 383 1136 432 275 -2 534 311 -246 412 -190 199 -633 1020 622 -252 -359 474 217 456 -143 -282 611 883 712 -118 -1631 -93 -775 1553 -1137 -230 64 539 -313 -495 248 -749 217 -370 941 -533 543 -1143 1051 -1002 760 -494 -670 -818 -935 203 331 -764 -52 2194 -114 -171 368 -627 1 -1555 97 -378 -995 917 1077 -382 156 432 95 -826 -774 -58 1071 -388 ]
[186 -119 29 -300 180 81 237 359 37 782 -84 -204 139 -190 34 -351 430 613 -955 -118 227 -613 -310 -24 -353 -76 -262 514 95 -156 976 725 -863 -1234 379 -26 295 -68 555 445 717 -188 1404 -226 201 -546 139 150 -344 989 -6 5 -202 3 648 -697 429 -103 128 -1192 868 -818 245 418 -679 -1 114 -399 260 143 -117 -492 -936 17 634 1063 -294 546 -793 935 -213 -347 183 -111 115 -680 1040 -1085 80 -538 1112 -107 587 -714 64 -617 -431 1344 -22 -1027 -280 433 88 745 855 -1018 -175 -651 997 4 334 301 -741 704 977 -59 611 256 -588 -4 851 847 -40 -1497 -131 -89 438 615 ]
[276 527 -635 -44 280 -753 72 368 -330 -456 1253 -220 -306 251 -204 -117 53 -816 -479 168 -878 -451 -116 -31 261 -31 -150 -11 -728 553 1123 -493 -431 -603 198 1929 -594 299 92 -367 -248 -346 778 -222 1246 -458 -126 2022 -288 -16 54 -672 275 -414 886 -149 470 354 -696 78 294 -382 489 1880 -671 313 -453 519 -166 -722 1242 -82 383 -383 -1179 565 240 1007 530 803 -818 -482 -133 1119 -392 224 500 -75 -920 0 190 -515 383 512 731 968 -624 7 146 309 -395 -16 365 1374 552 -1280 -33 586 578 1217 168 275 -720 -783 -1013 -110 -78 48 1203 853 211 -634 441 -837 419 1198 -169 -147 ]
[316 -352 143 -903 -601 -297 1291 44 1 87 -798 291 535 87 -1211 -497 84 34 -894 -847 528 93 86 142 -245 -32 -108 -913 -658 -1 -539 -306 -181 111 41 131 138 -486 -22 -651 43 -154 -92 -274 130 -555 -189 -387 1535 1274 -1105 539 140 -297 487 -160 -215 392 -422 1142 200 -116 988 493 -677 -568 -1872 -113 187 143 -554 -920 -451 342 -945 -580 38 37 330 798 -202 368 323 255 -255 752 359 -257 -869 758 -151 247 388 -45 -242 249 645 945 492 -170 140 259 41 270 1118 158 -270 472 137 -240 -595 1083 -551 -298 37 -405 -1037 766 -1028 339 -527 -410 472 32 -240 -826 -485 -394 ]
[-536 -621 763 164 -354 389 -540 484 601 503 -1488 424 877 1344 -76 0 261 483 310 -371 1215 -552 -37 -161 652 689 542 117 -304 -99 85 -871 1053 1019 -1370 -1366 116 3 74 -520 62 1022 -233 -824 -742 288 -83 292 994 707 222 650 284 87 558 958 -744 -513 627 -18 -437 -170 516 -1080 680 -338 856 31 584 -983 341 554 -293 102 -589 653 292 -1136 402 13 480 898 496 -868 -189 -285 -42 78 -807 -724 76 316 -1181 -1256 -625 177 -969 -882 -589 -866 1193 31 -462 1043 -751 1352 -476 147 108 -663 32 -332 101 434 866 703 266 50 81 -441 -152 45 -494 410 -765 -1149 485 120 ]
[11 -750 645 463 331 803 34 -52 -59 35 111 -5 622 537 778 -497 857 -325 261 774 -970 224 310 535 -110 73 244 -80 -121 -200 206 -17 -471 -856 -414 616 -566 268 -228 776 900 -704 255 -606 693 233 888 -682 1481 693 469 563 -1205 428 -341 -290 -315 -94 505 176 1197 -330 307 406 -656 537 -376 -550 615 91 -130 -319 129 -439 -117 -386 298 179 -727 787 148 -654 971 1014 207 653 97 -122 -744 190 760 488 262 215 150 -304 -423 349 737 -158 -598 311 19 451 1602 -784 271 -64 -295 -652 -347 894 -1287 97 -290 -617 -256 -492 820 1440 491 -45 -828 681 199 -167 1029 -198 ]
[-639 -513 -635 508 -486 303 1007 -16 105 645 -265 -592 1212 654 213 356 -957 451 545 -800 870 1192 604 324 1071 -626 -719 944 214 -1160 56 435 565 -1407 263 736 -1428 -294 691 -119 455 -13 0 -1212 -481 48 -336 -439 446 -943 -96 -813 2461 363 417 1226 289 426 -1370 -644 219 1010 -129 -1037 1368 987 -1255 569 237 448 -63 -296 283 303 581 -683 418 400 -767 -511 175 764 644 266 -789 -265 -243 -469 -396 827 142 -651 395 -676 -535 -425 178 466 349 -1005 -61 -927 207 849 164 -307 586 -117 -385 296 491 773 1141 -101 -1190 -171 157 -369 -1287 914 692 75 -604 331 910 -519 551 1116 ]
[-653 353 1075 282 -359 31 807 -125 609 173 355 211 444 -442 -541 -132 -157 375 250 296 1108 -428 -585 497 -1168 -18 -406 -775 -378 -42 846 -235 46 -20 375 418 70 47 11 307 -37 -1473 649 624 1087 412 -73 23 -258 838 597 591 -106 -89 143 -41 208 -749 470 777 688 201 74 -669 -1175 606 181 557 -127 -745 207 158 -1653 -131 367 -33 -410 540 -160 683 -154 337 -782 359 -489 -298 929 120 848 443 -44 335 -512 55 -456 411 -421 -4 556 1096 178 301 -1122 825 372 668 -1113 870 493 -58 -610 205 613 501 -568 202 -157 408 470 -69 -188 -63 421 -1103 -66 740 799 -209 ]
[-577 -291 400 849 354 -1070 137 179 -102 904 488 238 -1247 -1157 -1084 -655 -501 865 -219 902 550 -1150 -129 87 -880 -280 497 -1241 404 -411 496 612 511 1060 -251 -427 316 -485 1217 -252 633 416 61 796 -81 -18 566 -454 -1038 -365 -470 1333 -1497 90 -641 649 491 455 951 679 375 -255 -383 734 -212 155 586 42 -157 924 -183 561 45 -518 -150 523 -683 -459 -86 27 198 -417 -201 -265 1004 -142 670 -412 749 -14 550 1303 -808 301 -54 -312 -1019 -111 69 919 653 -206 -176 -490 -605 1097 -623 -230 -64 922 -438 222 822 110 239 -665 -225 -110 285 -861 206 -165 161 -360 -709 148 336 532 ]
[808 -300 -648 -131 -1148 -410 769 478 19 78 1620 209 -623 943 233 99 419 122 -1179 -225 -187 -983 567 -1332 -225 178 -57 -148 -598 -4 342 -334 191 831 -1526 -177 587 -207 524 331 -519 693 -701 -275 756 -458 -819 306 -12 340 -88 -499 -500 -193 177 930 1216 -519 95 34 -780 -747 479 959 1084 -704 242 1131 -278 -1118 1215 322 99 303 -800 353 -207 -334 713 -300 225 325 510 -97 -4 332 232 -235 -589 -572 -549 847 109 -19 699 991 309 384 -491 -121 29 -553 652 -510 216 248 231 554 544 -74 -211 -840 447 535 616 545 7 763 375 -587 -585 -470 542 267 142 -32 -586 389 ]
[630 -545 1638 -621 141 112 346 779 -498 -82 -95 264 887 336 1066 -412 719 -133 -734 702 424 58 -469 -490 -833 -696 939 128 688 -578 -503 255 -1336 -823 -686 -932 -291 -172 -1655 61 -256 -1325 1104 -618 -1041 783 2473 -804 1186 104 980 1128 -375 -91 559 -839 -1386 155 -249 477 1210 -280 451 258 -202 -181 1013 49 758 600 476 -614 190 -538 408 371 78 -563 -110 384 1144 -247 -753 592 427 -101 -253 -562 -291 312 366 725 -1196 -1568 -610 916 -697 -933 512 -413 -460 388 56 979 735 1281 -382 167 190 -264 68 1824 1161 210 -100 -822 -288 -1084 -243 755 -128 -71 13 82 167 -360 1094 -80 ]
[254 609 -207 -1189 143 -582 664 361 334 -839 -677 -338 615 464 -907 521 337 -254 -1392 -343 -494 92 -1056 -412 88 787 673 -128 4 -796 351 186 -769 -294 -900 858 410 864 -799 19 -884 -1048 -227 -839 415 265 -90 685 1016 -737 -210 484 410 -57 1503 -1517 -872 -326 -408 -569 394 639 -308 50 -1066 -536 -564 -243 -768 882 513 -567 109 812 172 -156 -33 516 1077 465 -369 -474 -637 -250 -758 779 359 -365 213 44 -1227 -259 744 -84 -951 1014 1201 877 301 -59 158 -1338 -416 139 41 -135 -676 675 1540 144 -373 636 -573 -1357 -1226 -341 585 -627 -1207 1280 1267 -756 244 400 119 -875 260 368 ]
[354 707 583 -1044 -841 -435 370 664 -136 244 -599 -678 1037 106 127 -136 -279 -363 558 197 456 27 -369 290 -243 177 225 -436 387 709 -972 -167 600 4 604 -1519 -859 -650 521 156 138 -1304 814 -961 -366 18 -692 -218 189 18 147 -172 7 -622 1352 492 -1101 -555 1011 427 846 -208 86 -1375 -338 647 -330 66 118 -112 660 -469 281 219 63 335 82 -1034 -33 363 20 949 871 -403 -689 -313 25 -247 420 828 292 -317 -610 -354 -486 1477 728 -679 -199 421 607 445 -233 1533 -461 -36 422 305 460 -145 830 260 -333 193 -659 43 895 -316 -82 356 -584 1233 18 -1266 -44 -428 519 1022 ]
[-19 -307 491 -436 96 -1 293 453 -396 -938 -134 102 -728 -687 -858 -307 30 123 745 -837 810 -386 -1008 681 455 -136 -1485 128 687 -1008 1148 -33 -93 469 760 784 1135 260 276 414 -1121 -76 716 295 290 727 401 1580 -1308 -10 648 -584 1126 509 -380 139 -398 245 -580 -219 -300 -389 159 241 403 -261 234 -9 796 447 -1431 645 626 -673 -426 591 441 865 555 -488 -707 -223 -229 -170 312 -904 275 -165 1205 232 -626 37 -66 650 624 -400 153 173 -321 315 891 396 261 692 -394 -931 -472 593 -1173 283 293 -294 81 -96 -688 584 -67 -472 536 -78 -1405 -2 455 -875 148 721 -428 -638 ]
[-118 -723 127 617 554 1281 -651 950 17 -549 -890 -718 425 -413 -1527 125 783 -418 -619 541 1255 864 -585 -31 -1128 680 -339 -416 1099 498 -709 -167 -543 -333 -165 -372 442 -644 -911 -224 552 321 875 689 -1499 411 395 272 713 1036 -149 410 978 423 -812 -1059 -326 -1258 -581 -490 643 157 382 -590 -866 -818 1754 -1299 -168 -5 -715 -495 -1367 -539 279 205 7 -248 686 411 -265 -1001 548 -795 46 -18 -392 -14 -189 -46 -216 220 -719 -1891 -218 -473 77 -72 -747 24 1308 -547 100 1283 -869 -71 -268 -346 560 -166 644 -488 -838 -835 -1392 -254 471 -307 -646 499 -84 522 132 -1140 526 314 -427 -755 ]
[1028 -398 1096 -573 65 1136 -1197 491 691 -1083 983 -573 -324 329 1964 328 1518 586 -86 -263 800 -9 -1136 2 -861 470 -35 -276 -266 -643 123 -169 -372 465 -422 -1753 705 -420 -1183 185 -121 -42 716 -30 -432 1672 470 -396 248 891 1112 392 -356 96 469 -269 -360 -1112 -188 -579 -761 226 184 -1031 -225 293 1657 -411 861 -1499 485 323 166 -849 -148 996 451 -715 375 -157 221 -254 -13 5 490 -250 116 -22 920 -191 717 1117 -556 -1101 126 -801 357 -1255 -14 -169 -154 195 365 -258 160 32 -38 -299 -315 -1366 429 -206 -173 748 592 164 222 217 -111 680 -448 -23 -450 -1 -402 416 223 -633 ]
[-306 302 -365 717 -1163 -506 -655 499 390 192 344 218 229 450 561 -367 684 -672 294 431 544 -400 814 -686 259 -509 -358 177 504 -209 -672 -251 139 -130 -45 -777 -512 -387 503 731 692 -370 -635 -57 -151 -214 -1120 -895 576 793 -160 -443 1075 284 -646 758 -558 -662 -215 288 368 -414 -56 85 721 -17 -37 658 44 147 -49 399 -484 -633 304 -2 315 246 295 -555 -333 204 725 -434 82 -212 -455 613 -1295 -183 -207 -6 307 -34 -139 -81 -287 113 -502 -107 -129 -788 -319 638 89 -830 640 -726 66 -1115 979 -426 -279 -304 -784 587 -28 505 19 -411 -321 639 -470 -61 -27 444 56 -328 ]
[177 570 -546 -199 378 416 -742 -489 -68 -436 82 -285 428 1088 -506 -401 259 -603 229 563 -435 859 -237 -809 -612 -70 -108 1232 752 398 -1117 347 -650 529 640 381 -589 909 -790 556 -265 -649 -1001 -517 -1364 -705 424 596 -313 427 -155 -71 37 369 -366 -479 -1064 -215 7 -228 -140 -247 -682 -796 113 -787 -404 -217 -444 1117 -418 271 -674 473 26 -924 -19 76 658 14 33 -110 -248 73 302 98 -466 80 -54 139 -1514 -505 -703 505 -43 423 106 -145 17 485 833 22 1066 -783 -743 -860 -89 -109 -601 -340 733 620 -502 7 -793 320 204 518 -251 121 -284 337 245 -59 1028 280 -504 -248 ]
[7 82 -161 -185 909 -116 318 -806 -485 -827 -586 -393 114 -465 54 -467 1049 27 -25 -521 -218 432 -622 513 888 -268 -666 -274 392 -25 546 295 -852 519 -474 420 780 -92 -220 -201 -562 -138 288 680 349 308 -351 690 -342 83 -806 455 133 -526 779 -567 606 521 -685 105 -557 -460 160 384 -279 -351 -211 -138 481 -98 415 -133 719 -395 -381 -595 621 900 99 409 -844 -615 -978 -23 445 12 -588 -117 -264 -763 549 82 1131 640 389 154 403 1443 88 -723 -362 1026 148 -716 714 -954 396 -399 393 -226 -473 -495 -1313 -375 160 349 197 -57 511 978 291 -682 591 821 -824 -366 -50 -84 ]
[157 123 -944 -592 154 -214 673 -233 207 625 1401 -19 -950 -32 -183 318 -616 -258 -935 -603 -1037 -1222 100 -451 474 502 1043 -2 -1209 -187 -455 183 320 1100 399 210 -713 520 556 -565 -992 343 22 -537 490 -415 -964 723 -398 -1179 -546 -569 -712 -509 1184 352 303 857 86 997 -758 -540 1208 758 -980 -191 -1312 565 -533 -496 1053 -211 694 202 -403 124 -776 -315 -132 -472 -363 254 852 -184 195 1220 1003 1314 120 852 -430 -396 -106 1086 -92 753 -607 -1068 1190 1081 -708 -69 877 442 328 34 977 28 -633 630 -237 823 469 -110 -181 62 -17 -193 12 862 -286 -376 -197 106 592 1157 -909 421 ]
[-378 396 141 -7 -457 -935 -321 -539 840 516 370 460 -857 -1514 -752 -881 60 308 -4 -778 -22 -1048 -219 531 -65 -316 114 -1017 282 -143 -181 38 492 529 538 -622 -348 405 356 1189 125 -685 279 347 997 158 -602 352 -1039 385 -341 692 -476 -329 -832 69 -288 937 647 888 50 -827 -243 1036 -1101 -737 -135 50 316 -131 77 -463 -23 -275 -470 121 -259 342 -398 165 -63 191 -94 -358 -383 -11 518 240 67 164 543 98 -305 977 569 413 -406 66 150 548 310 496 195 840 819 175 -234 52 609 783 700 -44 167 375 -495 566 -1044 -22 1199 -350 -784 -476 -88 -790 -584 20 682 678 ]
[424 -195 -212 -1280 -617 299 950 -219 -1354 500 -279 392 -306 15 -14 143 -1286 -182 565 -96 -5 932 -175 -308 94 -283 -385 239 436 77 421 438 -185 -860 298 659 -294 -134 -448 940 90 -387 -550 344 -371 -729 13 -624 -922 -195 -251 -378 51 -370 -918 -485 -468 -493 396 -329 -287 179 130 76 -524 322 143 -450 -582 656 -568 -419 -1506 626 1664 -173 383 550 -819 23 96 48 -1036 -265 -338 266 -578 44 600 665 -715 -1022 749 -387 -278 -384 1207 -48 -174 393 -439 -322 -929 -1090 346 -26 199 34 76 -251 -133 -351 294 -207 187 -711 271 277 -1276 138 628 137 145 -502 1354 -3 48 504 ]
[250 381 -389 -62 -97 -627 -798 541 933 -623 968 -509 -1109 468 620 1018 808 729 327 -938 -1025 -416 437 62 -104 117 -999 178 -977 107 360 -1084 451 359 -230 589 445 -1308 -652 -729 82 301 -756 209 553 796 280 1011 368 -400 -11 983 768 276 269 -432 -867 -950 532 103 -20 439 1 226 -202 350 674 372 -1258 -258 325 5 663 -561 -153 -8 684 379 808 -453 395 69 221 235 -436 326 196 642 686 869 -175 -93 829 505 -187 -169 436 -706 -206 -768 10 -1062 -114 302 -100 -789 171 955 294 -357 -122 -25 -520 987 174 -499 -71 695 246 386 310 684 -288 -22 -61 670 317 -573 ]
[-116 -145 -115 -155 958 414 450 52 -318 -948 -963 -747 80 854 -348 -113 199 -556 -166 -70 174 188 -486 397 -510 -224 -199 827 -74 -25 350 -1211 555 685 -1677 -221 -485 -358 -737 -787 -67 -221 248 -959 504 -303 818 660 600 511 760 2511 -891 -558 1028 -533 -523 -4 188 777 369 -63 173 -810 226 -4 -479 -717 -375 245 829 612 619 32 -581 -1171 143 -958 668 1286 -8 236 -468 989 -693 191 552 -1328 -436 55 883 664 -574 -518 203 738 447 -65 26 -960 660 44 897 221 130 905 -751 -95 876 419 -1231 561 -341 -255 -296 -842 812 -281 -451 1034 334 601 60 901 -84 -1267 1480 151 ]
[826 -659 1082 411 338 -680 -327 -245 -550 518 -382 -489 1279 -48 -11 133 678 267 -715 -684 465 -651 538 -7 1241 -507 -687 -444 -817 239 272 324 33 1111 -359 63 -377 611 266 281 493 276 -808 -187 -678 -51 414 -278 -24 221 -25 -33 -982 274 29 273 -26 650 -697 611 728 -369 408 951 1126 253 419 744 -1049 -338 96 756 -94 752 -427 -918 881 -863 432 -164 658 -22 -70 766 521 19 -1152 -564 -1061 -211 -672 1145 772 747 501 899 420 1306 176 -343 487 -1333 -729 -479 1361 504 -913 718 -168 -539 -468 -585 875 -990 -253 -598 208 1474 201 -997 -233 -333 206 -115 470 267 398 503 ]
[542 193 -391 80 -781 -976 -452 -309 -70 375 -751 141 315 415 -838 -271 740 206 339 543 226 592 1798 -492 154 -324 479 -1080 329 1040 -445 -251 283 419 373 -408 398 154 550 -286 377 -278 -1481 -958 -925 150 -417 568 17 1107 -392 -730 486 710 353 -301 -37 283 1 693 -65 762 -314 444 -128 -898 -295 -127 -580 -1163 -202 -418 -553 436 -1074 -375 28 -689 510 212 132 97 961 610 -219 -287 -1015 251 -885 -56 879 -14 -23 -45 222 1224 1129 800 -1286 -331 566 422 -209 -1029 -692 -645 -269 95 -145 -30 1158 -574 -1240 -1318 380 594 -300 1460 -220 -1463 388 -129 938 -206 -641 -3 -28 -463 ]
[-532 919 925 897 -56 -1027 229 459 -593 1446 -872 -531 1066 725 81 -719 -370 156 -81 338 536 -284 372 77 -147 -1170 -490 65 508 1116 126 -880 612 675 -492 -524 -18 -85 -25 790 107 -1590 -847 -1075 550 -456 171 1325 -410 -77 -817 416 42 299 1102 10 -136 -312 642 1018 1564 -106 -130 -249 221 477 -16 520 -486 116 985 497 -1374 1043 -261 -1198 206 720 13 792 -429 632 -380 -58 -112 -394 -293 -174 -368 -673 354 -183 -62 741 -263 1117 -532 454 106 792 154 -288 -160 523 113 -477 -1181 351 1491 -260 459 -408 -504 514 -758 -71 176 1296 1045 46 382 1065 98 -486 -735 -126 792 334 ]
[-339 162 -21 1250 -312 -373 -557 -800 -114 1291 -481 -433 330 920 458 -159 37 1117 70 312 -27 445 1220 114 -155 -708 392 -163 -245 388 853 -176 630 501 34 -892 -342 -1061 -511 -118 455 -1538 -1335 -1172 288 579 514 363 345 -791 -997 1262 -79 786 -198 204 -749 -348 523 942 961 964 -1305 433 -512 162 796 1379 -152 288 830 85 -530 159 -467 -498 982 -170 -808 -402 568 1057 -161 644 -925 -447 -1201 384 -977 -326 686 -290 412 774 -294 595 574 -300 706 -346 387 -1063 -479 577 280 -450 164 615 870 179 396 241 -150 -568 -243 520 -612 958 1194 177 1403 -4 -365 145 -653 -780 1656 -1180 ]
[447 -111 39 206 167 792 241 63 -739 -304 417 -1631 277 1271 826 -282 527 672 166 -216 -919 -96 85 543 1249 -367 -618 1725 295 515 808 -836 82 -266 -672 319 -450 236 394 -234 918 493 327 -1166 -285 -53 1014 884 407 158 405 62 485 501 188 -40 -759 143 -662 334 -22 516 350 -820 1163 -497 -322 485 475 549 843 696 1403 -308 -250 -1000 1254 -221 -386 436 365 -15 -427 1 -1159 315 -895 -1074 -472 -233 -164 -141 -102 -132 133 -132 -84 -300 315 -1542 299 -180 1038 17 -181 184 27 -202 -52 281 262 334 167 255 334 -804 309 -140 282 1037 246 464 658 1016 724 -691 836 620 ]
[546 743 1113 257 -386 422 1071 935 -357 91 535 -339 389 -124 611 262 -335 -934 377 341 1591 -1139 -1349 682 -1119 273 168 311 530 518 539 -92 89 -242 -565 221 456 -610 -398 -382 2 -880 954 749 987 8 120 307 143 1170 1289 -238 -136 -200 702 -751 -423 -477 -51 102 1051 661 476 -695 137 581 1469 -67 -141 -332 220 1067 445 166 291 -244 497 -369 131 -70 1226 515 -535 -207 -584 1027 -9 329 535 -184 -1108 -270 -1282 44 226 413 99 -818 1122 -473 -80 193 -389 665 793 1892 -507 633 530 302 -1536 95 693 -424 -237 -950 295 -641 -195 284 -254 397 2 -323 266 164 175 -370 ]
[735 100 1254 275 -994 1048 555 613 91 583 253 881 -297 1212 1636 468 -192 -230 -1100 211 -262 -488 34 -428 262 -70 -93 -963 -852 -140 -701 112 122 -690 216 68 711 1504 -684 925 -570 109 42 100 248 -118 495 -787 851 -410 677 -813 38 -824 -540 -310 159 545 360 -399 -715 -679 1 18 1042 -360 637 660 600 -632 -662 624 347 -37 1020 368 -625 292 572 -1495 1214 251 777 -433 -339 -38 77 633 -106 -77 -1038 246 -72 52 564 -770 -1392 -226 132 29 -1042 -347 -129 251 824 829 -153 -287 -427 -828 -776 703 1223 1334 221 -650 -226 174 326 -1009 -248 138 155 -145 278 913 -173 -306 ]
[-129 536 786 -486 -304 -843 823 -269 -560 -330 483 -223 3 183 886 -139 363 -379 -62 -201 459 -83 -813 -252 -99 -565 111 377 522 22 -140 -569 -117 666 -362 -50 -1182 424 485 399 -1078 -396 -672 -324 589 351 -314 -330 516 -173 -25 -921 -472 -56 567 258 -790 210 -892 768 570 869 1174 458 1072 -110 -590 1359 340 -200 581 464 946 -130 -646 -814 1152 -148 1099 22 520 499 26 -245 -414 216 -397 -227 -352 -720 -728 60 -899 768 171 742 200 240 -122 -838 44 12 245 886 76 931 -911 190 550 272 -673 392 1731 -164 -847 181 384 7 -935 -386 -522 -804 495 1687 792 -745 597 887 ]
[36 4 201 -261 874 -358 -472 -210 26 -197 -660 -78 -424 22 323 47 1236 1437 -945 -2217 -273 -346 -739 1368 -133 -100 -701 694 -591 -357 1259 -677 -90 -441 -1035 -831 683 -144 -362 -991 -293 -609 66 -821 520 744 675 901 722 310 -686 1368 -443 -65 566 -424 -1630 -272 83 -89 -173 46 169 44 14 379 -869 320 -516 1172 795 514 739 -218 -145 -577 640 312 14 294 -526 272 -1438 481 -276 533 -47 -575 -119 -816 -199 -366 1495 -236 -215 -380 727 -290 903 -1548 -444 -730 528 316 897 -632 -564 1126 754 -729 -801 265 -188 94 -54 -1198 -56 597 55 361 835 588 242 332 -437 -662 1460 -514 ]
[450 -1228 -36 -311 151 1806 1385 763 -70 -738 -213 60 -239 58 -312 772 -792 -638 456 -155 831 1301 239 -389 201 100 -698 457 531 -719 -578 -637 206 -297 -1101 -30 20 -1181 -922 674 -1614 902 143 582 192 498 953 -18 1319 -145 799 598 1216 155 -523 538 192 -280 -772 -124 -589 -556 705 375 900 -284 308 -164 652 -374 -888 254 -823 -1077 228 235 -370 15 -285 -474 252 596 234 -303 301 -31 562 244 -194 507 -13 205 -580 -1561 -85 -767 215 -510 -609 -28 47 -977 237 1120 285 278 260 294 -434 438 -169 81 867 -206 -592 -657 -898 -1053 -1270 604 -655 -104 227 395 1692 220 -519 -688 ]
[-88 868 -1208 -337 -67 -134 334 -341 123 516 394 -343 225 597 -899 206 -314 -606 -665 1063 83 -41 971 -799 73 401 219 1301 -185 863 -518 526 -542 -145 59 -566 507 -632 -464 -19 553 -639 484 1157 372 -266 -1102 -375 261 175 -481 -374 958 539 -446 -329 413 199 -603 -106 -966 -396 -883 542 8 -1099 205 -722 -733 575 -643 -1163 -908 -1010 593 939 -718 11 -806 72 -468 469 -202 -919 608 78 865 915 -161 -24 95 318 431 -911 563 -480 202 517 -660 -124 -747 43 410 148 -428 -1218 663 567 -22 422 1202 -72 -1837 -11 -713 1040 -907 -566 470 -724 120 962 658 -955 -84 395 -1112 -579 ]
[179 -509 100 -51 -762 509 800 386 -217 396 410 -93 122 159 30 -236 -1493 316 -464 79 -823 -156 359 -527 -421 256 546 -202 -199 826 -733 -45 796 -363 1006 -157 -144 1554 79 910 -127 112 -328 -972 42 -1484 -339 670 -594 -497 145 -131 -795 -656 -1188 -47 499 799 1405 -229 -604 -579 -11 599 -77 -352 -102 103 442 -284 403 -506 157 1396 -724 330 -741 167 294 -666 -145 249 957 -81 -493 151 167 -891 23 497 -867 108 30 1031 504 177 -230 -178 76 1076 -251 350 556 -671 567 770 -486 -1136 188 199 638 -41 597 870 670 559 127 -155 127 664 -238 167 -359 -340 -184 -156 -795 49 ]
[-279 -206 -992 -160 -805 1037 379 970 962 -630 138 13 -301 339 84 -495 -406 -625 1225 -16 -388 -871 225 -476 1152 789 312 681 540 -553 37 -230 -98 -1080 37 -297 240 233 434 243 422 507 706 490 -44 -477 -146 -432 172 -163 671 -347 755 727 -1014 655 20 -321 341 -1182 147 -184 -113 -83 -122 -803 -60 -1666 1006 934 -1404 -1368 850 -1150 41 1287 -1077 -168 -132 93 -191 -138 426 -795 -219 -627 897 -158 361 148 -187 400 158 -414 270 -1138 -876 -194 -875 -198 -656 164 -485 918 332 331 1227 -263 -202 -141 1106 395 -1105 -640 823 723 -158 -1462 -68 16 -1071 636 -749 -143 -571 -706 -977 -650 ]
[636 64 19 -497 -1110 -1010 1561 -430 -324 2189 121 -313 550 -126 -303 -3 -2003 -75 -543 915 -298 -471 1727 -571 745 -179 559 -737 -369 713 -748 57 756 -42 -493 -543 486 106 900 -50 -267 82 483 416 -292 -1155 -253 -97 -1099 -840 380 251 -707 -836 -58 546 586 1161 589 -155 -49 -195 -466 292 519 -486 -364 -488 -128 -909 99 -1304 -548 98 8 480 -1574 -1185 -258 132 365 -416 792 219 -343 -679 1073 236 303 328 587 566 -232 1 -573 1225 -1440 757 -1130 -43 -720 -121 -971 -405 -227 1251 -349 -671 1200 961 -137 591 5 273 471 -590 -122 271 90 -762 382 62 1072 -348 41 519 -228 1203 ]
[433 547 -261 97 -457 387 907 266 -75 380 735 22 824 146 -1193 228 282 -594 289 -252 -51 -1667 242 -36 746 579 41 1012 -1343 -1094 1707 -84 -195 -389 -761 2204 -376 546 1042 172 439 -49 567 836 710 -793 -827 543 -787 91 949 -671 -129 357 680 -123 181 -96 -107 -404 226 -684 548 679 -544 537 -262 -768 -967 -84 180 160 -482 72 523 -237 -199 583 -211 408 -360 333 844 238 -673 664 1473 -704 -203 633 91 730 1170 698 175 -349 -378 667 -380 359 -357 -535 -1437 437 1221 -86 -649 860 412 -712 -765 -194 85 166 -436 -888 1224 -42 -267 543 497 430 1134 -883 692 467 1258 1190 ]
[276 839 -120 -787 543 -556 253 390 220 -445 1045 -925 -925 -107 -443 356 -266 949 326 -443 76 -309 -912 323 222 277 -930 149 -876 -1322 1731 -193 1094 554 -242 146 -556 -1199 1428 -604 -161 875 131 -526 137 144 -1482 371 -979 -835 -373 88 531 -597 1115 -9 -210 -93 -122 -1 99 385 -54 -893 -274 1131 449 409 -935 -254 653 160 368 125 123 -97 1215 986 -354 -294 -648 521 365 -371 -778 -333 574 -1676 326 255 643 -1272 515 -138 -67 -244 -485 239 -384 82 854 -1440 -749 316 -574 -1813 221 229 891 204 -96 -776 -236 -333 -394 -641 -169 832 720 631 967 -163 -45 -163 236 -208 469 1053 ]
[458 -1089 500 391 1199 -7 -758 822 28 -1039 -304 -419 -194 451 1387 403 1134 317 -15 -57 -499 573 -892 -495 399 99 29 -1004 483 0 128 530 -785 -1023 -71 -3 286 549 -698 228 758 -454 212 -624 -250 825 1021 -615 1001 -1119 107 44 -140 -275 95 -598 416 -195 -350 -851 77 477 -142 286 966 76 736 -179 422 282 244 445 1247 -663 646 1336 917 121 672 -256 625 -748 -359 251 543 -667 -323 -695 1453 230 165 147 1161 -917 556 -1457 1410 344 239 -1002 -455 -605 852 -209 1058 -913 121 131 -420 -139 -442 34 -110 -139 623 -43 585 -615 -264 79 656 -316 -664 -38 -617 48 639 368 ]
[-208 560 5 -221 157 -766 267 -356 -557 -862 220 690 -390 -405 285 -257 -1729 -26 -107 157 -528 -197 -225 -178 -262 -569 -258 -195 -61 -395 44 191 176 -934 345 893 375 187 598 44 -181 253 -257 -422 86 -925 504 634 -425 -1601 51 611 23 -1049 -239 257 -1 1050 -112 101 -226 -625 -201 363 283 -94 -747 -192 -672 481 275 -405 1111 -68 -795 485 431 18 213 880 -36 -473 -418 819 -523 -331 1001 -1004 1009 338 1125 835 203 944 891 -652 -698 92 -16 248 9 104 -266 -503 -387 -101 -99 -1028 -159 1782 339 695 -348 592 1116 -835 190 -457 502 7 789 -255 9 -547 -361 -1180 287 439 ]
[-14 264 -442 -790 695 -1848 -725 -668 -806 -868 397 -1 -152 -442 31 220 -31 -56 633 440 157 -474 -422 494 -520 12 -3 -679 -47 254 -466 644 -332 -480 689 -382 98 123 312 -367 -54 -1043 -383 553 -10 -450 -620 -493 -146 -600 -201 -608 -732 32 1248 120 -398 -744 185 14 690 220 199 -85 -25 701 46 641 -934 -366 564 -490 -331 399 -329 -444 517 -1113 656 535 -694 -830 -524 40 623 -621 -398 -346 178 323 18 226 558 804 -122 1037 1031 157 -543 817 -914 70 -880 -412 -814 -199 -14 196 -376 -46 4 62 -1253 -766 531 103 647 22 -890 -355 193 -397 -223 -853 -43 -12 -234 290 ]
[-15 446 -413 -1036 -544 1050 909 -453 196 -240 -417 1254 -77 -1077 -384 -148 -1316 -816 271 589 -923 932 194 -594 -306 271 1031 22 747 -135 -40 408 177 -603 536 312 61 572 679 165 -1065 3 419 959 892 -246 506 -638 -378 -803 395 -191 -534 -469 -818 1182 1037 -692 489 -625 -453 -424 -149 -519 -1185 -28 -807 209 457 -293 -1031 -508 -115 367 -75 109 -1084 473 -1252 -575 -1453 -390 -52 19 144 178 944 1104 1311 2 -639 -602 81 53 -515 -850 241 527 592 1317 -293 618 3 -716 -603 598 62 76 -725 900 396 306 742 -47 718 290 -436 -626 245 268 -433 -480 265 -314 115 -702 -1085 -112 ]
[-1172 -948 -1784 539 500 -755 -212 -154 411 -176 -884 665 131 -121 -631 -540 -11 -207 1371 -115 115 1010 -43 -519 227 728 -260 -553 640 87 387 64 645 39 -435 -182 -978 -437 917 -804 -141 1900 -902 -202 208 380 -191 38 -465 -5 -644 -73 690 1 -640 1216 -345 -808 339 -215 -137 601 764 -511 738 830 -1026 -379 -37 -684 68 754 279 -215 -537 -755 -351 799 157 -1041 -712 515 23 -18 638 -133 68 95 914 20 -223 -1498 -268 -321 -487 222 -182 -61 -298 -368 1484 383 75 1003 290 -253 86 294 -347 17 -656 -884 457 458 9 -434 1177 -308 -765 -105 -426 -163 -270 433 -38 -129 -256 -87 ]
[-13 648 631 551 -501 -61 59 -242 -485 1104 649 265 479 1084 113 -537 858 -852 -1912 512 -475 -611 249 -789 50 -1018 -154 790 -509 537 -330 369 -1242 391 549 1070 80 976 -120 1130 25 -929 74 -393 -305 -1416 925 325 152 1980 -154 -800 -655 459 1065 -397 54 801 -751 120 -81 -1135 679 477 243 -807 -878 644 154 585 -733 343 -824 -109 11 208 324 50 -33 283 -24 -529 571 643 764 692 179 210 -1254 -333 -328 302 -381 394 276 -214 -456 34 1133 -958 -1082 -89 790 -763 936 -407 -303 -618 -22 -334 472 1322 464 -185 -42 -153 -333 1229 -56 132 425 592 487 -418 1035 801 -215 -601 ]
[757 -483 824 -112 563 -74 328 -54 -1923 -349 -928 12 251 -92 129 453 -310 -164 688 6 164 -420 -51 1466 1431 -1220 -110 563 302 342 722 1015 -214 56 447 508 -385 36 303 616 516 -514 520 264 -716 -664 523 -169 -1247 381 176 -448 100 -38 861 445 641 818 341 338 -222 345 -63 147 574 1016 848 -233 336 284 -766 -543 1199 -217 286 296 209 -1106 -458 -257 -195 -806 5 -27 923 -355 -1149 -661 25 119 706 554 623 832 785 -394 1155 -137 -553 -5 -1365 184 135 -1578 -616 180 171 367 -1492 -168 1074 -308 -462 -58 538 -833 -482 310 255 705 -363 450 -134 -559 196 388 -240 747 ]
[542 684 -122 -640 500 -715 639 464 -679 -208 315 227 187 1169 -1211 420 -204 -337 -291 213 405 -242 -450 52 -745 185 111 -389 -520 -248 203 571 -35 -156 -278 776 964 212 -235 416 225 -858 -586 -791 -415 -419 467 364 -461 -259 379 -400 294 230 1348 -1570 -322 -298 -161 -596 648 -151 -884 -544 525 182 -283 -1485 -1659 1033 -492 230 -275 764 1771 341 -594 -324 477 440 -103 -122 317 382 710 79 476 -973 1814 856 -317 352 240 133 20 480 790 -341 -375 929 -560 -1109 -405 -1432 -897 -742 -276 465 -370 -125 -303 219 -362 -282 75 -1298 248 60 -1059 -190 627 21 136 -747 251 177 147 370 ]
[918 151 -507 -1035 -502 -405 664 422 -439 40 -105 1038 -351 -127 315 365 -1881 -200 797 603 -204 185 -656 -610 35 -16 255 929 -456 -1453 331 815 -74 -735 -491 1473 -300 -643 -42 30 -922 1018 76 798 -41 -621 536 -1402 -586 -1265 666 -268 84 -77 -643 910 584 75 -316 -626 -280 -33 -640 255 1155 264 -177 607 459 834 -595 767 1214 31 -296 -247 -272 602 175 -793 917 275 -962 -172 -755 -32 235 -330 -51 606 -1381 368 -38 229 21 -724 114 -117 42 706 -140 -205 27 -544 -92 736 195 804 -408 117 -669 -36 381 991 190 -675 -481 -447 -822 261 -272 88 788 -158 819 -663 -413 1035 ]
[332 21 -249 455 -64 -1053 565 -1088 -207 616 534 -275 31 383 10 -37 -549 301 -367 350 -1836 -1051 -196 551 619 -274 523 618 -790 92 606 1183 -268 190 1024 269 -755 1177 88 198 479 -584 648 -853 -26 -1214 -135 431 -1128 -577 940 21 -213 -390 -15 153 511 1449 200 -23 116 -129 -730 200 -654 -17 265 236 94 682 1011 -533 1425 661 54 922 472 -503 -943 -503 -312 -468 1205 742 540 -329 -209 -1629 236 576 -263 198 814 1693 296 3 -612 27 85 307 318 372 -1415 -1913 724 3 812 307 956 -706 132 555 336 -252 220 1271 51 -995 1476 563 427 -271 -811 -24 -608 -149 436 252 ]
[458 -505 474 -126 -308 707 -119 93 271 -420 -579 -1211 31 -310 187 51 654 19 812 -757 442 217 -275 1060 -222 982 -620 -109 149 399 589 299 593 177 701 -1774 -248 -554 287 -550 -252 -588 616 37 688 780 -479 -19 -479 -52 953 420 -281 -406 310 620 41 -48 1006 -211 304 60 -676 -524 9 1232 937 18 19 -1256 52 -93 730 -161 -207 127 -555 -815 -404 -829 -5 614 911 359 -193 -730 -551 -424 272 -188 179 -603 -658 -239 581 248 886 -154 -249 -625 1023 394 -324 881 341 31 260 800 208 153 174 -1026 -443 -143 658 6 1297 -464 420 -178 -1225 670 -82 -945 -415 506 -50 -458 ]
[91 849 -126 -286 245 1040 -487 767 82 -508 83 -51 425 -59 454 322 76 -1268 1880 1224 675 1039 298 -211 -561 -55 325 811 1013 634 398 -916 265 -801 -1686 1090 -163 -571 -379 -1142 -137 156 499 2512 102 851 1176 -664 834 172 1510 -149 735 269 -1144 658 263 -1046 -548 -1079 -16 997 -244 -887 270 1039 1478 -832 499 -145 -647 34 -137 -710 -44 -1130 242 231 -80 -149 -231 -219 -674 137 -135 122 318 919 -12 -412 -82 -384 -861 -1061 -202 -150 -562 -647 -644 567 -459 635 57 569 -415 1482 100 496 -213 -166 -330 -489 486 184 -680 -393 140 -1346 728 541 -702 410 495 254 635 -327 -279 -328 ]
[423 -125 556 -1422 -184 1388 917 418 -275 -435 -135 416 104 -319 677 363 -340 121 236 -155 729 903 -1444 -42 -67 -174 -76 73 -250 -657 188 591 -691 -1273 110 480 530 501 -162 130 -1113 -580 685 596 -31 63 352 -505 607 57 -283 -263 263 -461 897 -247 -10 -728 -9 -96 2 -547 1237 -164 -756 -332 101 -564 1059 -205 -487 -741 -509 -413 394 245 213 341 206 440 378 27 -958 -176 -1008 486 -222 139 -669 -751 -616 -565 -33 21 11 63 -438 -42 589 -487 -728 753 -456 980 464 235 257 -115 9 63 -430 630 -114 -621 726 -79 -94 -309 -747 602 126 -677 607 -256 456 -373 -473 88 ]
[-574 -875 -696 1150 882 325 -748 -328 495 302 475 534 33 1053 412 317 952 552 1305 325 -520 -630 -282 -215 -515 292 389 542 -212 155 1337 542 -435 -171 -282 470 -460 471 845 -687 564 -534 -696 -1034 -571 -97 -279 -639 161 -691 329 -1056 -121 347 -433 680 895 -854 1484 -207 213 933 -405 -905 -254 1129 681 146 -568 312 553 575 -500 213 275 -208 -1253 138 -20 -493 -92 489 912 -659 541 -580 151 20 -65 -33 426 -570 483 515 -660 411 -241 -476 135 1114 320 -86 649 -354 73 -681 624 502 -751 -934 -252 -1047 -823 1076 1060 501 621 -69 145 573 9 942 -937 -756 -106 1342 -58 28 ]
[257 738 943 290 329 -175 -343 1230 -164 -232 -1100 -955 867 1953 64 -616 687 84 -105 654 -453 -675 -354 139 -9 698 -156 -258 116 988 -331 -380 90 -82 479 -830 -281 -83 -456 -350 -414 -1306 304 -1065 31 -269 -131 763 530 -218 153 744 -202 -245 2282 -799 -790 -503 720 483 998 -954 -313 -1223 -900 831 457 123 -1173 36 991 400 -32 3 604 125 -22 159 534 336 -143 174 464 -177 313 236 191 205 304 608 -326 -294 -187 14 -181 134 -395 -457 -35 836 170 52 -187 793 -418 -1008 -94 454 423 -1380 568 625 -1683 -204 -539 -1083 1098 71 671 477 533 1703 -278 -1151 -341 1140 208 247 ]
[-583 59 -115 857 271 -600 180 119 -22 -630 741 -736 -617 -740 -347 128 -227 -250 -747 -106 -394 -249 -116 702 -847 253 -423 295 -401 -148 550 243 -583 -417 727 1641 -44 -189 286 55 -33 -349 932 937 849 -413 -359 603 -819 -578 -106 905 -527 -141 45 -432 801 1125 -302 83 84 -1029 409 1826 -948 695 -740 -249 -1333 752 255 158 799 -1464 -132 983 -442 634 -89 606 -1005 -352 131 930 267 1205 -139 609 761 338 297 781 730 668 738 -1137 325 866 1181 130 -221 188 328 -42 752 -703 300 136 -61 395 -77 -276 786 -226 -1608 -455 640 -405 41 423 1061 261 207 -224 89 917 413 -566 ]
[82 257 855 -462 168 152 462 429 -224 -52 -131 -250 1051 -91 -550 -318 3 109 1095 -29 1708 13 -1819 817 -120 -100 -878 26 57 -139 1165 -289 29 616 -347 -14 97 -817 424 -7 527 -947 35 -524 -335 193 352 466 134 660 689 514 173 649 513 -178 -183 -7 -293 101 816 -29 -175 -1105 -90 94 -64 -752 -37 431 -525 311 -886 -209 364 -797 -172 195 42 724 169 1069 -47 -361 -434 715 185 -1065 -156 517 283 7 -94 -737 -318 629 889 571 6 -191 336 4 -267 182 831 283 -611 558 606 -625 107 -613 676 -367 322 -731 -73 11 -1049 -95 -127 907 720 -1065 308 -464 888 970 ]
[95 1050 -1659 -873 273 30 -774 -282 -8 -490 1090 -573 -220 751 759 555 5 88 -173 -193 248 694 634 469 -309 108 92 566 -811 -884 886 1261 211 -1230 575 254 -682 -1102 -944 48 177 -450 -58 178 680 488 1016 -224 -309 -1212 -697 41 691 169 240 720 -691 -1235 -908 -1155 716 834 -670 339 39 847 230 -106 -332 1273 180 -1056 218 -132 132 -174 520 -472 -443 -405 -512 207 -323 1125 -293 -881 96 -438 -191 434 -193 511 160 394 718 -632 33 -291 -249 570 111 -1346 -780 999 -403 -1024 1134 708 -273 953 1179 1055 -883 -167 -1014 -617 35 -129 -32 971 209 369 -377 -1380 1114 -847 210 -331 ]
[-408 -664 -621 -375 -262 -1268 892 -443 -904 -4 -110 1460 -650 -590 -144 -466 -719 -568 -144 -89 -586 404 -322 57 396 -215 -1 -858 910 -36 -536 485 247 636 574 172 -828 51 -375 116 -878 868 -886 -40 -112 -224 -902 386 -703 -1078 -499 558 321 -581 -397 -403 118 1487 60 255 -214 -1281 628 454 -291 3 -659 124 -378 -1297 96 -998 1278 638 250 -50 -473 201 393 -58 1118 -1223 530 247 1121 281 -839 740 -120 248 148 -612 -139 197 -285 1069 -1092 842 -636 -1139 108 677 -1237 -652 202 -761 329 -1220 356 276 -241 406 -56 -495 702 -5 251 -519 -391 -259 1034 -1631 -935 994 -83 193 -590 376 ]
[713 -483 290 510 -42 109 802 344 -447 -1507 303 572 70 -795 -267 281 188 494 234 -302 -390 431 -164 101 -1009 -30 244 -736 -40 69 75 31 -557 -1111 480 1100 659 -117 -961 -1153 -327 -312 178 239 500 306 61 557 677 -425 495 -387 207 -382 1025 -388 1320 459 101 63 -14 171 -39 423 -1268 539 -87 174 171 -70 844 -880 1181 532 -216 205 -127 506 55 249 516 -199 100 732 267 754 -149 223 95 466 157 708 424 215 326 78 737 -1017 399 956 -937 864 -436 -146 300 -113 578 857 -471 -202 -186 1014 -1110 -355 339 -772 -186 -1255 -17 1225 -316 -258 215 -340 -140 150 -233 -212 ]
[282 429 399 -88 294 487 -220 -361 581 196 296 332 -263 -233 -350 316 -73 -257 159 -428 -866 -94 259 -33 901 659 981 421 214 -234 -498 154 -138 2088 -543 -426 17 902 -1265 1115 -544 419 -748 199 -201 219 -230 1504 -808 922 -250 311 -146 482 -202 -977 -837 663 301 -204 -1314 439 -240 245 30 -634 433 -747 538 187 -324 566 621 831 207 590 63 -366 -203 -517 112 45 -317 -573 804 252 332 -528 339 -55 206 -606 120 714 -896 184 146 -806 156 -210 311 -713 -1084 -1396 3 181 -295 117 626 119 256 24 669 162 -290 59 -738 -142 453 849 733 -1024 139 1753 240 -189 144 -789 ]
[739 18 580 -147 -699 -174 -40 -564 861 479 48 -216 3 -33 833 346 135 -27 113 610 -634 221 1262 779 232 337 537 -124 -450 356 -526 -777 1354 -872 174 -454 -932 96 277 -508 -144 -60 -8 491 -27 136 -637 -1449 258 -545 391 605 -428 -848 -1111 578 -168 729 -309 569 -216 788 -737 829 -430 498 42 -541 312 -753 3 -487 1191 -759 -491 -229 -366 118 88 -794 78 577 1226 224 93 187 -4 944 -689 516 791 101 39 31 -131 -1234 -59 -387 -6 72 71 -1025 -247 610 1583 58 373 294 564 54 -394 -48 49 355 -720 -716 -413 112 -190 -708 -119 -172 -354 1162 -78 275 791 -433 ]
[-184 -1019 -59 -487 837 910 -408 -591 -349 144 -2072 463 73 -817 218 318 -98 -601 1812 26 -472 1483 896 113 130 724 250 300 -269 136 504 365 250 168 -131 1054 -1140 -715 -263 -762 -363 1514 103 577 195 461 500 -1478 66 -212 57 224 -1232 -183 -621 201 481 281 567 -962 513 767 45 375 -1 1848 -311 -93 473 234 -1318 84 734 625 -169 -307 243 -150 -556 -165 377 -387 361 1342 -27 -736 -273 -225 -567 -273 357 -734 495 32 -564 -380 1061 258 224 -422 486 1280 -976 -366 562 683 363 -145 -825 -141 -1487 -685 -4 48 1194 -216 975 -938 -1225 683 441 -147 -636 1317 374 -1111 132 -1012 ]
[-291 -280 -118 487 349 95 -1031 1176 111 127 232 -1136 -258 1021 376 -338 175 484 -85 187 652 -746 426 -34 627 -64 -941 579 -643 -133 90 -834 923 585 -1145 -408 92 624 -337 928 320 1815 -15 203 -463 235 309 154 -336 -63 -52 748 -108 312 -387 513 -763 -697 -119 -30 408 -1166 759 -1242 699 -130 162 255 -21 -156 126 734 -603 -455 -588 -739 464 239 993 -250 -582 -696 -494 124 -119 -410 -118 -522 -335 131 -444 632 -86 -492 -154 -363 -1772 238 -715 265 276 -802 -396 774 -908 -531 -604 -955 -411 -1097 529 -388 8 1052 46 297 489 487 282 26 171 569 -165 -460 -124 142 302 382 ]
[-560 76 -721 238 -492 736 371 -802 -1117 -362 281 1042 -26 -768 -13 -933 -1231 -1064 410 987 -777 180 -180 -725 482 -1008 426 783 421 -19 84 -478 -179 550 -209 298 -274 802 549 -566 -235 694 -474 296 45 -565 64 911 18 -683 504 -1141 -506 127 -690 1227 963 1009 -53 304 -1153 -864 226 322 427 -774 -779 209 1433 -233 341 -403 196 -195 -786 -1081 599 -17 -559 107 -792 -226 74 148 -410 747 -682 353 -980 -1164 268 -455 -570 785 1139 398 -1384 -453 655 -159 -548 1220 973 -499 492 333 471 -802 -606 722 343 510 864 -943 -213 583 -323 -315 1454 253 -872 -637 798 822 449 -679 -245 138 ]
[-827 -393 -566 554 449 -273 -276 460 213 -322 -774 339 -100 449 571 -178 70 -143 1618 -753 651 65 -336 682 893 -806 -611 698 636 129 0 -57 854 -46 -1082 -377 -1070 626 219 -232 -590 1061 108 50 -571 373 -179 -916 58 29 145 167 383 -589 -102 1017 -668 -165 811 -520 -920 -343 -6 -1133 1749 1072 -157 79 57 457 69 720 1431 -736 539 -931 -503 -209 666 -754 -82 -160 74 -440 714 -285 27 -146 -174 -219 157 -668 82 -431 -416 -96 -927 -910 -434 -448 -75 315 787 655 424 263 766 -111 -717 -663 -341 -163 179 759 10 -56 986 -548 -354 -233 89 809 -820 601 32 2 1005 437 ]
[-209 -115 901 721 -461 1074 -1021 -89 848 250 -55 -120 -692 808 550 78 323 32 -243 373 -463 -110 -697 -609 -237 1259 1028 -251 24 -559 49 -631 332 1657 41 -1138 73 1105 -613 579 -542 685 -511 -951 -512 234 24 488 -57 52 650 253 -765 281 -58 148 -755 101 1074 -306 232 -295 590 -1272 -808 -721 876 547 1518 -677 72 1761 -1035 565 -512 516 339 -362 99 -953 83 269 689 -513 -394 -36 -48 448 328 -664 -1117 -662 -1449 -310 -633 -169 -908 -582 143 226 1932 250 -643 92 -540 843 -484 -473 408 -562 -572 136 1142 -104 -775 639 102 341 64 -236 -446 -897 -697 535 -142 285 687 -531 ]
[305 234 379 25 401 -846 -989 -580 -938 434 201 -697 -323 -124 1110 -69 -406 244 191 -708 -1751 -30 141 329 692 -371 634 819 -482 -35 -647 -24 -165 538 -75 -929 -130 -430 -1448 459 279 1208 -317 136 -1122 -26 677 -128 -687 -961 -40 555 -1148 -471 635 1046 -1231 412 -398 185 133 138 61 730 72 -539 696 357 459 123 1554 -242 772 -346 -1123 271 2147 -801 -338 -160 263 -174 -1043 56 396 62 -1629 -464 190 782 583 323 479 925 149 -293 184 -761 205 -180 749 -668 -873 -1304 -463 604 154 383 575 -109 130 -80 245 -18 536 513 -251 273 751 193 -22 -714 -530 355 -776 -705 652 961 ]
[-636 525 -747 270 -1143 447 275 -590 463 495 623 -545 -316 1175 -155 -352 179 54 144 -284 -802 248 469 273 483 709 -84 -524 3 157 168 -820 489 -410 451 -495 -297 -128 312 -143 790 -868 -282 -830 -240 -529 -490 790 -117 542 400 784 497 21 -35 -667 -278 251 501 677 266 128 -326 -280 -874 -340 506 -467 253 -164 604 230 -110 -108 793 -224 170 247 -908 -844 606 1139 1093 209 -1145 144 -502 -206 -702 92 262 -1476 -754 -516 93 485 -377 -696 -310 -1360 934 -113 -1096 850 460 180 173 -454 1583 640 -139 415 639 -957 -332 -109 704 207 365 98 153 38 -542 269 483 355 749 -346 ]
[54 -866 -715 7 202 -562 446 564 -1118 -721 789 -605 340 132 -203 -787 -886 167 1241 439 1135 233 207 536 -341 -252 -347 -841 624 1366 -111 -359 373 882 117 -466 -796 -679 -284 132 -630 1023 -194 215 136 -395 28 464 -681 -325 -378 536 -544 -913 -221 1065 -316 -818 541 937 -640 -602 397 -480 702 -186 -417 84 531 -664 964 -569 -535 14 -1179 -819 112 -401 727 -83 -148 -84 -152 418 492 -213 -666 275 314 422 305 -324 -856 491 250 828 -655 -396 -361 890 565 223 26 -66 -501 -533 -223 -2 -209 522 412 -546 -14 178 1184 82 288 -171 156 -133 -749 -439 227 -552 195 340 -591 393 ]
[466 30 880 -258 -551 -121 181 415 -309 -459 -1089 106 708 46 249 199 1196 1114 1518 -724 891 1014 -121 914 -326 263 -407 -504 -359 100 847 354 213 -1717 101 350 266 272 516 -449 727 -551 243 -220 -44 784 183 -871 777 228 612 -112 -261 186 -58 194 660 99 -477 -364 749 372 -534 681 580 1251 567 37 -84 -767 -140 258 1216 155 -300 -487 338 710 289 -459 9 728 239 612 -167 -209 -1789 -921 -560 -356 -295 170 618 -631 749 -269 1516 -331 -339 -498 204 396 -1301 760 1137 -221 -194 1312 17 -577 281 -1117 -653 -820 88 -390 1084 -285 -63 -70 49 293 -19 -613 -486 -937 815 -291 ]
[374 117 766 -93 434 -2 -763 671 -137 -907 415 -400 15 -307 -765 185 1097 -156 -662 -581 -747 93 -1133 -94 -143 -473 -565 -3 860 -417 -212 174 -313 531 1083 -346 755 1034 -261 1334 852 -466 -210 -1099 -771 -340 767 89 289 785 -398 -595 228 143 -317 -626 -694 -574 -63 -585 -290 -107 -93 -786 624 -1513 185 -34 92 1424 -864 -169 -159 516 733 1250 743 -657 197 -165 -198 -855 482 -803 -525 -172 -292 -727 860 24 -307 -86 665 -105 -119 -824 1576 75 -6 -187 -177 -1041 862 -845 -1415 -1619 -708 -201 -194 -364 1303 -227 11 75 539 -5 -1391 181 -160 -254 631 -1 470 -1046 302 -433 -42 884 ]
[-1503 270 -253 1035 671 -1422 -1154 -964 342 102 -563 525 -41 -57 -504 -207 190 737 268 -450 -381 -866 1479 1237 1353 -652 155 81 -531 -177 45 -394 -419 504 25 -520 899 -633 -205 -596 363 690 -993 373 -405 277 -37 935 287 -276 -1410 159 418 626 1083 707 206 234 234 1488 -228 245 335 978 -270 -273 -481 109 -540 1093 967 -305 105 -568 -1112 45 -343 -963 -291 800 -1140 445 262 -568 1160 218 -734 458 -991 -148 2386 1464 566 740 -305 -154 -1029 -379 -708 256 -227 276 -727 -735 -1631 -345 601 950 -508 462 1618 -340 -1204 91 175 528 -1108 456 752 -677 172 1080 -142 -395 -899 131 59 -295 ]
[-145 -1375 500 911 476 592 559 139 88 -123 -900 -200 -766 405 -45 -114 249 -445 -309 -551 -539 -162 -991 105 44 392 -649 -743 1326 -492 -1324 164 -813 -592 95 103 503 1149 26 976 -41 -126 807 -1111 -130 -145 560 -79 1248 92 637 794 205 -1016 -192 -573 -324 143 223 237 408 -308 185 124 106 -1267 6 202 1001 278 -382 802 -210 -862 492 664 373 540 230 -221 155 -364 1095 -591 -160 60 52 618 688 323 -815 -513 -92 -927 -103 -1101 257 226 1204 -843 591 214 1509 613 610 -118 246 -1007 23 15 -1244 391 146 -9 -127 412 583 -770 -996 374 -450 -420 -887 1012 -120 562 484 -406 ]
[936 -1042 377 -205 -87 166 -240 543 133 -360 -294 -333 599 -715 864 1518 -254 878 198 -66 766 609 336 388 444 -144 -124 -127 -479 -701 -443 702 -495 -59 725 902 463 -338 -698 358 161 735 596 397 -1042 825 548 45 -87 -513 944 -489 283 343 308 -308 931 713 -612 -655 108 -257 -522 1098 537 1018 956 -124 910 -1480 33 -279 -241 142 -307 503 -289 -287 669 328 90 -176 -191 445 432 -832 -1458 -735 -383 -80 953 725 -216 -724 849 999 119 -479 -937 -90 -62 393 -464 98 -615 269 -300 -368 -837 1053 929 -240 50 673 444 406 51 -216 -231 -160 -169 -167 -898 -258 606 172 -163 320 ]
[892 1290 183 -473 -120 -428 -651 -388 -394 268 325 -1009 55 118 276 -44 985 -298 -703 -494 -826 -306 870 -397 324 -628 436 -7 -1026 342 -599 -328 -492 400 452 -1243 559 8 -527 -1011 1661 -285 17 136 -685 36 421 141 -33 645 -524 -369 -100 369 1226 -699 68 283 -1147 970 -130 909 134 812 -601 -209 260 -586 -673 87 712 145 762 742 391 -453 666 -521 -1140 624 -659 731 -972 231 895 499 -435 -126 362 135 972 438 647 281 426 -580 975 -702 -105 372 -1183 -175 -303 -1195 229 110 -158 477 -549 -374 767 1111 23 -608 -7 -749 -630 1094 516 -657 -576 -36 312 -39 -994 237 -35 -566 ]
[169 -45 -265 213 -340 1083 255 77 971 613 -721 -424 1071 1036 217 792 490 -131 -303 -178 -35 792 614 -647 -525 774 427 585 589 -1027 190 320 -296 -872 -477 829 467 -672 -195 -734 -343 103 430 523 -454 501 405 -699 724 806 -412 175 1354 -299 471 267 110 -1464 -722 -853 -405 1309 23 -67 -245 302 904 -722 59 948 -83 -393 -477 -927 208 1130 -293 326 -113 -330 -277 480 35 -236 -494 634 715 1361 363 -14 -126 641 26 -1093 -715 -1107 140 -328 586 -687 134 -522 365 706 -439 354 501 338 42 146 -527 551 -758 493 -983 -208 66 -438 -1106 1342 324 841 -418 745 343 -118 -805 -48 ]
[-607 500 -11 520 412 -454 56 -496 -666 797 699 -224 -398 -281 112 -552 -436 -659 -647 724 -816 -1259 -846 22 -75 -268 236 1128 -218 -86 303 -168 -933 72 -670 203 -807 -715 375 -369 800 477 1166 1341 909 -707 57 -665 -53 -121 -479 87 -636 -519 -244 475 -187 -145 804 602 -180 -473 1021 296 -214 40 375 386 -8 547 215 57 -545 -621 493 740 577 193 -1401 388 -10 -104 -1610 -1197 265 763 552 1307 670 -687 -904 -432 -373 -134 -141 -577 -1317 373 1389 -366 -689 -152 712 664 188 283 447 615 -633 108 -1522 510 250 533 -11 52 -224 107 1520 -709 -510 -80 -70 722 -78 577 -10 487 ]
[-20 765 77 166 59 -816 -423 -10 207 544 1024 -97 261 518 -191 -408 -94 -22 -437 -563 139 -1338 370 101 528 -163 813 1017 -908 -104 -366 46 -51 919 1200 -121 -829 733 -105 147 1291 -251 -605 -822 -1262 -737 -80 538 -587 1198 267 -388 -399 1076 -561 -445 -1228 903 71 146 -163 356 280 394 274 -355 -255 -860 -222 2120 -104 613 852 961 22 277 693 -1328 -402 56 333 1436 181 0 387 408 -298 -1847 -385 766 -414 866 165 1058 346 60 -101 -759 527 -422 157 -486 -17 -1267 352 861 217 64 -508 -536 520 612 1389 -267 -168 302 -602 385 23 -325 -558 977 -736 -13 388 -338 205 -348 ]
[-885 -266 360 -667 410 -1227 167 1106 -882 509 -330 1802 -391 -970 -533 -255 -538 194 -536 193 269 -808 -323 -704 -1062 -256 222 -148 731 -835 368 225 29 -1930 -659 1104 1476 379 1291 -280 -1283 136 64 -109 116 -624 889 -395 -304 -1637 -746 -168 -53 -752 -446 -301 -591 121 -31 131 358 -754 863 1120 535 -803 -68 0 -280 1736 -600 462 596 184 340 527 -7 907 320 33 190 -152 -75 -109 -5 -419 1001 23 423 -256 264 -404 -160 -202 -346 123 -808 365 -29 80 256 83 224 1173 -382 -51 -416 -153 -269 1415 -1243 -71 736 582 761 -909 404 -1137 -289 -870 331 -86 379 -852 -339 -402 302 562 ]
[406 197 -1038 -1079 767 -84 -383 128 -244 -1093 26 465 -1360 -565 230 516 -161 -320 -1136 -108 511 103 -354 -300 -253 -183 19 245 -279 -714 741 57 -246 -415 -376 -279 815 -1053 -571 -1232 -917 308 792 416 1007 -21 1141 466 -345 -852 574 940 348 -346 226 -803 520 -151 -963 -384 524 -88 73 407 -126 -118 535 413 63 -224 -3 -128 525 -7 -271 -251 479 -55 129 -489 -1020 -701 -755 628 89 -927 374 -947 -238 -694 -145 5 42 -430 222 470 230 468 -856 -95 -497 -141 -134 6 -1057 229 -81 -553 426 1108 -296 -60 123 -887 590 84 288 -617 -296 559 -471 -220 -100 -40 -162 -705 -455 -974 ]
[248 98 -129 -465 124 702 159 80 -223 -805 -301 -64 -206 -423 15 266 553 203 1629 290 369 363 -443 -258 315 -114 -528 351 -29 -475 1690 -928 -19 749 -2628 837 745 7 531 -767 -1295 1326 13 725 45 1255 567 608 119 905 262 -368 -425 374 486 329 629 -1122 407 -592 -910 142 300 -660 496 459 291 274 425 -564 437 817 -66 -62 -103 -1374 -275 -114 184 567 -332 -122 -1232 -305 -556 -254 89 -381 -526 -1027 383 210 -714 -865 -443 888 -265 -865 -486 194 -202 627 -364 241 -406 1042 -148 476 -115 -87 -692 -373 187 -20 1131 -451 236 -164 -519 752 476 -473 1949 1038 551 -1275 886 271 ]
[-492 955 -803 -82 784 710 -395 -245 490 -1595 48 707 -1061 -349 -347 196 539 -798 1731 -129 -167 -119 -457 -61 474 323 82 366 -210 384 731 -866 653 1595 -1032 36 -743 728 46 -4 -349 275 -1247 1695 1109 129 -90 500 -483 420 533 594 118 274 -23 623 1407 -250 685 34 -1457 -743 392 -679 -490 -79 29 -270 -153 -1270 -64 1185 629 -115 413 -1725 -510 -295 146 -325 -503 -63 -882 -197 -5 587 156 707 -273 -613 -767 -112 -286 452 308 -275 707 -1193 -54 261 -1398 625 -671 -967 167 944 244 351 -192 -840 255 -968 269 -205 817 -604 633 -31 -216 322 -856 -192 765 32 778 7 10 -440 ]
[-264 758 -406 -502 -234 -348 -725 -254 -379 519 1891 -361 -375 -680 1009 73 427 404 -557 599 -1116 679 37 278 -814 59 465 -802 -363 620 -261 410 -290 -791 908 1421 -71 -117 438 -193 1134 -639 -469 450 326 217 71 -600 -903 -379 -977 -1053 -1362 -134 -629 -157 764 -539 1 -144 315 1106 -309 837 -945 551 378 -64 -681 177 214 -922 249 854 640 23 156 996 154 -212 -193 120 116 444 8 716 -881 -89 276 472 -247 -949 437 -17 -154 992 915 -150 134 750 -883 -119 211 -152 316 -168 201 -16 -178 631 255 -61 1069 439 -159 -410 480 150 900 -415 272 -422 -810 185 767 444 -513 832 ]
[-609 -251 -409 -221 -212 -454 178 -871 45 173 -490 917 -478 323 800 291 -6 284 -696 -353 305 466 993 -117 -750 358 435 -316 113 -35 -1288 536 -903 -720 1295 -348 245 940 -577 -152 -515 -487 -581 -916 -492 171 -397 45 -85 -81 631 -550 120 83 -823 -659 -412 1106 -40 77 -92 136 528 430 -321 -18 -99 -303 -256 -682 -588 -76 461 406 -327 -13 -644 -131 32 -1500 -308 201 1809 823 536 -875 324 506 260 498 174 -190 83 -174 786 321 154 -306 -645 311 364 1413 -212 365 408 228 500 -31 -389 169 154 641 382 886 -461 622 1694 -698 -515 -795 -124 665 -1379 -230 -65 216 -153 -919 ]
[633 499 465 -37 380 -388 239 -17 -81 1135 -625 890 1279 972 -530 -123 -279 -918 -242 798 274 -1142 488 -1166 -403 327 836 -756 -439 1306 -419 262 183 567 -765 -90 -651 889 913 -340 -467 -167 -243 7 16 -977 731 375 406 12 276 -491 -1557 -63 588 563 -117 92 938 -92 -258 -424 -315 -431 836 507 -178 962 -472 -963 374 440 -391 1423 -668 -673 -787 -1149 391 416 425 300 -413 -359 379 -100 742 596 -165 -826 -1236 577 -1290 507 -194 1808 2 -1087 756 660 -630 273 172 132 157 1570 -684 445 41 104 -400 202 548 624 426 -444 864 333 302 -939 -305 299 499 -389 -13 -60 -44 -144 ]
[-213 679 -418 445 -217 -33 -473 769 -248 1012 76 182 67 -170 -931 -734 -131 -960 -579 743 36 -1036 -1120 -74 458 -67 -13 -831 352 -371 -113 315 318 570 -361 -39 -728 -445 1539 -74 1033 -387 -160 -463 -145 -429 -1212 -648 17 -431 -716 -1232 973 -119 385 -12 404 -218 64 633 549 -216 369 -1231 -747 -5 -305 -62 -1262 1000 163 190 -424 596 694 -274 -390 -468 -405 1007 461 -402 796 -1093 -868 894 129 879 -487 1 125 -385 -150 127 -347 257 -990 1024 436 820 448 -1177 599 98 -351 -477 988 -692 -49 -268 211 -362 -599 -1400 -802 -418 539 848 43 -194 907 396 95 -902 71 580 -420 1482 ]
[-459 214 -618 -575 437 -509 232 -419 121 -57 844 -199 -1321 189 486 246 -490 -413 -78 311 113 -564 156 -238 -782 -119 447 -580 -171 352 -1016 504 -674 -712 -148 -572 511 807 -387 -525 -863 -1234 268 805 763 -826 150 106 -827 -823 1112 1043 -459 -697 311 -531 339 494 158 -95 -203 -135 96 371 -786 -160 1155 -116 -858 -483 155 -762 -282 -226 -38 -69 -838 -636 -163 100 -480 -698 -444 513 894 -194 755 357 112 364 176 88 -1299 -728 -249 748 -621 -654 -708 600 -1656 1109 -759 -757 -563 1576 247 -375 948 670 404 289 -131 -923 1337 -288 -37 -1470 99 -667 -200 -113 -181 28 -547 1060 -481 -56 ]
[-312 -260 990 98 -629 -249 626 209 -309 -343 132 -712 530 836 -815 188 791 211 -1124 -83 -1203 -101 664 -211 -894 755 24 -701 22 1102 -981 -364 -998 596 670 -634 1024 470 -97 -566 1120 -1369 -195 -743 -409 -562 -12 311 1436 521 244 176 354 460 -217 -1491 -406 575 615 215 -604 -152 174 158 -653 -1429 82 -488 -764 -82 -395 -405 -604 -50 696 880 -93 -1046 -497 278 -15 -277 1934 -271 529 983 65 353 822 1092 -173 888 -224 -1201 -195 -417 1154 200 251 -835 122 865 285 -1355 76 121 -525 651 634 -130 99 250 -250 -674 -72 -490 -149 285 -255 -336 385 611 421 510 -304 862 -28 -390 ]
[-337 46 634 -597 -721 608 -883 597 308 -159 -304 560 937 -414 150 644 254 318 19 -356 -122 902 667 -380 -683 424 -482 298 -442 -354 737 128 -701 -124 -12 960 1021 -73 615 501 435 229 -875 186 208 -193 139 -432 1171 694 -661 -1539 24 1052 -794 917 1298 -640 284 -621 -689 -236 -406 923 740 818 -366 -498 726 -471 -1010 271 -2060 322 -322 -194 -419 634 -257 -208 -650 -25 706 -285 -491 501 -78 735 -790 -731 -756 178 734 695 684 -611 950 855 549 435 -405 7 460 -74 718 -1031 -950 193 -265 -296 559 -842 -220 1086 793 -389 4 1259 -202 46 -88 496 283 -769 385 43 -881 -226 ]
[108 -381 -135 532 233 -426 685 -1342 -804 1167 337 -261 -278 1164 -506 79 -759 -177 -1412 833 954 -46 805 -359 229 -634 -363 -432 -385 1119 -299 -43 276 939 126 -514 -101 -713 -1092 -131 -20 -504 -555 -518 -483 -413 -601 770 -232 -78 -1000 1210 -314 -750 -168 596 -1085 -328 -528 535 458 732 -490 -50 -338 -646 261 1537 -369 -408 1197 -201 -1468 -219 -855 4 733 -485 716 -199 -136 99 -638 54 447 -578 -164 288 -900 733 263 87 -265 -180 -671 737 -3 -20 -339 501 989 -1488 322 543 -754 -120 189 54 1114 524 -159 354 -130 -181 -503 498 -749 1346 639 -128 137 -868 -500 -66 -43 342 165 -385 ]
[-45 -50 -375 1025 325 -304 -846 -985 -254 309 1117 -852 -354 -340 77 290 -336 782 -319 -212 649 -282 916 611 -475 -159 560 -817 -1260 953 -158 484 1288 272 386 -1159 510 -56 271 -320 57 427 -746 436 929 -114 -496 -511 -678 -1212 -668 710 -1485 116 20 1527 518 -301 64 248 -69 362 -764 -105 -169 309 -28 909 -398 -1043 694 -671 -351 -349 -581 -519 164 -835 -133 -314 -482 -256 -8 614 163 -143 -58 301 -359 -586 542 963 284 1138 175 -555 -4 -290 -103 769 -574 -821 -881 -988 -1343 3 -278 -229 212 117 557 -687 -268 -301 1673 92 -771 104 903 -806 48 -1000 118 -63 -976 42 -150 -37 ]
[435 -230 998 315 -1508 1254 682 481 745 -987 -247 500 1040 -705 -1102 -128 -342 -597 -371 108 400 -194 -72 -1083 -870 491 -285 181 312 -629 675 -338 -560 876 816 1187 1134 -100 -197 811 -929 -186 -614 -411 397 -932 -359 506 -110 1643 252 -286 -290 808 -749 -1474 808 -20 -112 -290 313 -554 -168 31 -703 -663 -466 388 26 -271 -1338 804 -680 785 -1130 897 -178 252 528 697 379 -913 1173 519 -667 124 937 -1045 -66 -13 -156 525 -377 1251 -183 -261 702 646 523 367 412 442 -463 -503 283 -220 -1152 -219 754 18 154 -23 -221 -822 415 -187 -978 1138 -309 879 832 -199 612 -791 29 383 -312 -1194 ]
[763 436 432 -290 -1591 -241 871 -45 -994 818 551 395 -209 -345 -74 -49 -1749 -263 -187 999 222 -327 155 -122 -563 -347 -244 -878 -444 1012 -674 100 -96 -519 -21 -63 683 -236 -321 225 257 -1268 161 527 443 -278 127 240 -295 287 1574 -364 -643 -119 -110 -834 317 222 -358 29 49 -432 -1013 -196 -526 154 885 388 -895 -1088 460 -773 -914 582 737 -22 151 -269 -208 802 1216 -403 391 874 -253 479 60 697 548 694 -87 -92 25 -402 587 451 -269 -699 -157 728 -1208 465 -983 -1004 637 532 -143 -314 497 229 70 437 -167 -311 144 -280 -320 386 985 -800 362 -357 469 -945 769 215 47 -221 ]
[276 -505 385 -232 172 1384 1039 1261 626 -412 304 -347 896 758 -705 -323 620 -92 -94 147 -375 521 198 -239 40 638 -482 498 -567 562 758 -794 -8 -735 86 1236 290 527 419 -4 388 1225 1231 404 -356 -523 496 -691 739 1971 -109 -426 -54 -188 -192 93 987 -1266 -492 -545 169 -374 918 -762 -158 -851 -1059 -949 360 -136 -605 -563 -427 -426 421 638 -561 411 -275 920 -552 -283 -257 13 -76 120 428 -352 695 354 -419 -126 58 113 -360 -1078 -213 1047 75 244 -127 348 302 422 99 -694 -127 409 -920 -1070 -302 593 96 408 738 243 -658 486 -91 359 -503 -443 762 -418 -34 483 -1097 -30 ]
]
