[[-324 -1259 -636 -25 140 143 -300 579 -136 -782 -275 544 28 -360 -104 -179 -466 174 361 -123 -321 -206 655 -1187 932 -97 310 -425 -100 331 -593 -112 -598 -50 278 -174 45 97 -837 106 3 406 -317 518 693 -413 -130 -160 222 270 -486 108 -763 605 -82 -463 -136 205 823 -505 522 443 606 -234 618 -4 -573 -362 339 342 92 -440 -553 157 -78 316 -8 253 -238 -7 374 138 359 596 -200 188 -63 -249 487 -285 642 621 -149 -942 -336 -201 -349 196 232 -393 121 -387 -557 211 974 198 621 -325 926 -435 107 -282 380 311 288 760 513 195 -202 -322 -221 -595 -1063 559 -855 -107 -128 -565 ]
[-277 -971 -732 -263 428 17 -112 821 224 242 693 38 -195 -51 -446 -220 -435 1138 -64 -561 508 321 -156 -881 453 692 54 -563 -372 -576 -710 185 -545 -591 665 -289 638 220 -480 71 -319 -172 28 670 258 130 -531 -1072 273 207 -534 -18 -80 -267 686 -305 381 -353 -227 -829 -40 422 -104 -526 -47 105 -1011 90 526 317 -249 -168 -358 -487 -179 -902 26 36 -270 -115 53 -1081 143 -32 -106 -598 676 661 144 582 1046 1255 139 -319 55 -383 -9 -144 -476 -610 -222 -486 175 1137 501 11 -29 -443 132 595 -191 0 -140 398 -508 14 607 -214 163 10 165 526 -362 375 -54 -226 -506 120 ]
[-179 238 109 1208 -753 -571 26 496 -254 80 -711 213 -18 -638 -540 705 721 -812 577 25 -1083 -307 265 932 439 944 241 -303 -362 512 866 -31 581 -331 -24 88 -221 -967 166 -721 406 331 -285 -808 297 -599 -408 396 1 4 -419 -186 -429 259 64 753 380 453 -156 -75 860 266 -17 -27 774 -614 1045 -484 -402 130 439 462 -398 575 203 -350 -81 93 518 -272 -638 201 478 245 812 -498 425 -22 -39 -136 -677 -556 379 746 168 526 298 194 -241 -367 -242 81 189 66 357 -119 -374 802 296 -761 521 694 -209 -187 -116 -138 -362 474 305 321 -252 -820 -391 -130 -106 508 165 55 ]
[-294 1110 250 117 388 166 -735 -577 -329 -99 -375 -360 -142 -163 168 349 -278 -143 -79 -38 598 -151 -165 -523 -745 -754 104 1296 294 -77 362 -106 266 480 -509 507 -597 -3 215 998 132 -151 361 407 251 377 90 670 253 -661 404 -34 654 -108 -189 -3 270 -582 -397 524 -393 -812 239 17 172 746 -1028 -518 201 730 43 -439 347 -1217 68 923 70 -959 -516 1067 292 -168 92 -631 -23 -345 34 509 -416 679 322 -244 557 -432 -108 -319 346 -839 360 488 482 -386 361 -204 -588 -203 77 20 -878 87 44 123 353 -840 814 -250 -274 241 -95 548 329 1353 -171 216 -182 -145 -800 345 ]
[-159 -562 106 341 80 97 -784 831 -638 -773 -445 -26 463 -367 -879 -297 -227 -655 349 -395 -122 -162 408 -877 362 160 -102 403 -60 923 913 -552 -493 370 -352 376 -382 343 149 118 136 723 459 515 719 -416 -482 278 390 66 312 343 -17 -237 -705 -486 -263 -731 1 -605 1262 745 85 87 1191 462 308 -735 -533 254 39 -907 -425 -137 426 427 117 -170 -263 277 -87 -337 135 419 12 -1262 147 456 216 -363 -229 563 8 389 188 -107 -237 86 -147 -225 -317 572 -329 1380 264 -525 -541 229 -359 -1016 -495 -723 478 -434 -152 384 -822 201 -71 307 59 94 -70 37 339 904 -401 -360 ]
[-16 -280 477 148 -278 -386 354 -342 148 -81 -180 -171 445 -324 307 460 388 -366 63 667 600 263 -108 438 -233 27 -84 507 -362 -434 114 78 322 -521 -244 -728 -605 -993 339 671 779 -788 -629 40 393 340 508 1002 -330 -159 162 -279 -245 275 -168 507 -86 616 -471 723 137 411 -5 736 -371 -568 -1087 -597 52 -81 73 -21 -831 210 666 -28 -171 -668 228 318 2 705 -16 -309 907 -393 393 -411 -1152 593 671 -706 -716 473 213 216 12 416 730 229 1093 -680 -51 -1184 -574 -415 319 273 615 -421 -332 914 204 -145 372 -827 -42 307 33 -15 536 23 -340 -256 -110 -953 -77 411 ]
[87 281 507 643 -117 -293 -331 797 -633 -1180 -446 209 -442 -900 516 239 -327 404 238 -74 478 -67 102 656 806 113 -111 -500 -166 311 1305 -388 -230 19 -169 -83 -310 -918 799 -515 -141 461 88 -224 -64 -436 -174 581 -29 -777 292 -199 -440 -588 -135 290 -595 -317 -1136 607 620 470 300 916 529 -361 -706 -935 -536 372 311 237 412 344 389 710 522 106 14 13 17 551 -327 -158 687 -647 719 42 -89 -235 -979 -588 -282 323 446 1212 446 228 34 9 -21 -145 -492 -1038 -547 -917 -452 476 -117 -793 -462 -187 41 -312 -218 -594 -420 327 -175 208 388 -359 -120 52 -248 157 329 -421 ]
[367 128 892 1050 267 -898 488 1070 -576 -597 -295 -668 -185 -869 229 780 193 -99 793 40 288 756 56 452 779 776 414 114 -53 -344 1736 1055 492 -390 -213 1049 -428 -151 651 5 423 -93 -233 -240 921 220 -1062 200 -552 -549 445 71 125 -876 -94 21 818 -218 -1761 158 475 734 161 85 -169 -75 -282 -719 -611 104 126 -419 -226 -127 191 84 141 -931 -185 266 -323 99 -104 -687 854 -1239 506 27 -390 275 -240 486 -216 641 480 422 -13 319 -435 -296 -396 -920 804 615 -109 -374 -605 609 -944 -201 -995 422 76 -172 -786 -814 114 121 -67 751 -123 215 959 138 -30 422 -7 -685 ]
[-745 66 -350 -265 50 -303 -338 -653 -198 961 701 725 41 218 -950 -122 304 -950 -287 -271 -997 14 -351 -206 -279 -76 447 -90 -542 744 -837 -409 722 49 53 -449 616 -457 -1156 -147 -84 -702 267 -160 -507 -22 104 277 315 -494 -421 39 -67 189 866 -212 -108 -171 987 194 -538 -54 -558 -324 210 -448 579 512 277 -706 -532 419 -566 819 246 207 -817 1482 385 -932 -80 -116 540 978 -321 31 -272 558 -177 -947 -421 -372 501 338 45 -809 -168 83 -580 53 -349 857 -714 350 144 693 47 483 509 487 953 -7 -290 -102 340 -424 416 466 634 -274 -82 -251 -487 83 174 -56 173 -501 ]
[402 -544 671 -350 818 451 75 373 -170 -185 740 602 298 -44 455 -635 765 266 430 -269 588 438 -209 -26 -595 53 372 -880 383 -173 800 -36 519 218 150 86 758 397 265 248 466 -526 238 -56 308 285 -337 -184 -254 -449 1168 -237 68 -1088 77 -70 -988 -268 -721 535 426 33 377 136 -910 156 -933 -165 -63 -419 -583 -325 -796 150 175 -417 325 -21 -537 267 -4 403 -555 139 172 -557 272 104 -566 -654 -474 -19 -1812 733 -26 -520 -306 -119 236 487 400 113 -115 -81 -585 -1053 -353 -427 -353 279 -1420 -821 -455 27 -224 -629 -126 -460 136 24 -1000 -612 957 -728 427 60 -19 -811 ]
[-218 -1065 -572 -516 -340 -56 152 94 430 -47 29 -586 352 0 -869 269 -403 16 -688 239 -65 138 682 -1491 193 -123 535 517 -430 316 -1492 -107 -544 -672 -497 -436 -170 -37 -595 1145 158 -308 -294 -85 174 -408 477 1027 -465 241 -618 403 -396 1081 -30 162 334 138 836 -39 782 427 -64 -23 234 -292 492 -303 1339 885 -533 266 -394 350 29 75 -166 151 -11 -256 316 628 342 152 210 281 45 547 -217 109 951 43 799 -321 -30 -826 -5 230 -184 -512 160 480 -212 205 433 1000 433 -138 424 53 -56 -358 -591 -13 664 706 426 -147 501 862 782 -383 -573 293 319 -312 -235 -289 ]
[-1 -276 -478 -275 113 -165 -224 94 31 -272 -723 -235 792 -342 644 -772 228 -652 -270 351 65 521 -146 -428 410 -31 21 584 51 609 577 -92 -458 -110 167 -739 -405 635 -401 495 26 419 -221 812 554 510 -311 284 -233 441 158 803 208 1176 -436 -1341 -568 577 705 -62 122 651 482 294 -6 438 526 -51 -218 -782 641 -1297 -588 36 213 565 -169 -1014 349 -328 30 -789 -493 466 -942 -34 -740 -859 213 -140 -361 500 -483 310 266 309 -1199 731 813 668 461 269 -515 948 347 -419 113 344 560 -621 -258 1244 855 241 -673 974 -96 136 -388 -751 20 337 406 9 -151 255 416 1064 ]
[116 200 -1128 -1096 253 518 -689 47 201 -415 -29 254 -337 -31 840 -306 -518 911 334 539 407 481 535 -1120 535 134 24 -808 915 -117 -440 616 18 117 1118 399 833 568 -652 -493 -160 1436 -521 618 -11 436 276 -1328 -8 -376 -122 108 -11 199 577 -272 -111 181 301 -100 -444 -1554 1336 -697 -588 1133 -694 -74 1164 124 -1088 -60 443 -599 -871 -220 962 -132 -262 42 406 -499 -143 -474 -284 975 -47 -99 1005 745 402 941 -9 -1663 -752 -258 384 -301 -17 938 -173 -742 374 146 -15 -224 -280 -637 240 707 218 291 -434 925 -479 698 1400 -1130 -405 -369 -755 543 -336 388 -842 -549 388 872 ]
[-294 281 614 980 419 -307 -124 -255 72 -12 -1319 123 -349 -546 64 118 18 -615 852 -492 33 -340 -13 1704 -697 879 36 -15 240 685 335 -332 222 54 -309 -353 -762 78 644 217 -98 -710 96 182 1073 -692 -87 106 443 337 350 35 -416 -630 -596 -99 -221 110 -3 384 878 346 237 44 648 221 -149 -440 -821 -195 480 -183 -482 -793 469 276 -937 -103 29 193 -500 60 -319 219 298 -220 521 254 -771 -443 -839 -537 -506 1039 -104 893 -195 -401 600 525 680 -860 -251 -637 121 -684 -481 58 -943 -414 -90 530 419 -725 120 -909 -1496 163 -110 -58 -977 -304 -434 -36 -476 189 -894 401 ]
[101 843 -19 610 552 -100 -21 307 -25 424 -378 484 -795 -187 921 -12 822 -262 198 -210 -480 45 -526 2088 -1299 308 -352 -469 -704 -68 237 136 567 -77 8 -113 543 102 761 -369 117 -504 530 -1018 -226 -264 -605 -236 -100 445 176 -631 -202 132 -36 630 -519 499 -229 376 -147 -64 340 29 445 -95 200 -369 -447 -198 594 526 -35 -77 290 153 -219 -2 307 -919 -464 888 181 -763 607 811 -112 -443 -976 -710 -847 -1480 -153 494 -6 805 -347 -46 812 64 431 476 -774 -2068 -431 -522 610 -98 51 -76 45 176 442 -439 64 -1246 -832 413 498 172 -1135 -1025 -253 440 -25 -251 -260 322 ]
[505 -573 -788 248 -302 729 -1157 1344 -63 -721 -653 -63 202 80 875 -508 403 -233 143 -263 -105 -367 -299 -1224 -4 -1154 363 115 545 757 528 -882 -520 661 229 562 699 184 -520 139 -134 879 237 26 -264 -567 -428 555 535 384 -41 -283 346 1161 -960 -2 -335 -98 738 76 369 -686 678 -112 947 774 675 -858 357 604 445 -104 -4 54 -472 305 979 -858 507 -171 452 -247 232 9 85 -391 -12 -372 637 -44 -636 -450 157 -311 -357 -105 656 -28 265 -132 -531 1746 -113 1073 1133 -224 -62 -129 328 -1870 -438 -370 -208 724 384 1486 -1026 273 -187 471 -40 -301 -261 205 -247 326 298 81 ]
[-542 -343 -801 121 -704 -252 84 -455 450 1052 -45 -862 -10 -447 -1114 380 -28 158 -427 130 -375 -105 103 761 -1044 910 52 663 -382 84 -1365 58 -177 -1523 -416 -562 -1229 -464 554 395 15 -246 91 294 356 -753 193 645 37 647 -843 -206 -772 907 96 636 779 202 263 -882 790 -71 464 -18 156 -894 -81 -635 501 1524 -331 -137 -966 -1156 127 471 -349 142 -444 292 -975 612 615 -413 712 245 609 19 -684 681 1231 -489 679 -397 423 100 267 80 625 -288 673 -910 343 -787 199 457 -13 -113 66 542 776 552 25 -918 470 92 488 201 552 194 438 175 -1295 115 217 -270 -577 1294 ]
[-24 -937 -194 -622 -524 -562 7 104 38 167 243 -154 -319 44 -1130 62 -520 -386 -674 306 -171 443 653 895 281 126 -409 -611 -230 727 -1525 -404 -361 -964 -154 -181 302 -49 -99 -495 -1099 418 -393 -199 -624 -527 867 -217 820 -118 -533 48 -434 -364 -985 271 593 -447 1099 -509 868 214 -132 186 -95 -79 840 -74 352 -254 -1153 731 -102 517 -300 -12 520 2170 633 -386 455 233 -114 1085 10 763 189 -117 83 27 -225 575 689 -162 70 494 820 555 -553 23 -1203 -73 -70 -83 186 542 -1025 -65 454 412 329 -159 -427 769 -223 -263 590 103 338 82 730 433 -1218 112 537 416 925 193 ]
[-493 -504 -337 117 1016 494 -177 456 278 58 64 500 -336 -53 216 -273 -324 860 -363 -730 620 222 -73 -504 642 -261 285 -49 147 -388 -160 99 -210 215 387 32 956 852 -985 1058 -493 -888 -114 567 458 511 160 -741 490 48 521 14 653 400 -321 -913 39 -111 736 189 -662 870 -580 -346 70 486 -364 921 -243 -788 760 24 1 -922 -652 -83 373 -702 328 298 737 -405 -443 42 -1359 -923 -233 -96 58 -268 413 1446 -237 -88 -312 465 -1219 -290 247 -167 -85 -962 -761 823 832 -114 984 -511 864 129 -263 177 369 736 -475 398 312 1028 -187 -351 809 1028 -74 399 -714 264 -306 -123 ]
[-593 -307 494 97 -50 685 -654 333 -569 -280 9 1441 -83 -96 83 261 269 381 28 -264 -772 -581 421 -903 1329 -63 318 -884 -38 278 791 -572 121 666 -98 241 1134 -600 -732 -1059 -70 643 247 -308 17 -108 101 -1131 1070 -26 1054 -17 -385 251 274 401 -907 -125 1046 -496 -411 -86 -51 -293 -15 -363 -363 850 -739 607 561 469 467 460 -357 -262 411 511 217 155 743 -726 203 1279 -990 -471 -294 44 1056 -1284 -874 400 -188 88 -400 622 -552 -735 -651 273 -794 152 -305 287 72 -1062 405 -5 489 -156 -205 -596 -259 -127 145 816 527 441 316 -708 222 -696 -250 -193 -387 943 806 -686 ]
[123 -782 -72 259 -677 378 -702 -25 -54 874 333 -127 71 -470 -1063 -48 107 67 14 -102 -807 0 -524 -627 249 312 377 -355 167 -82 -741 -375 20 166 177 -97 454 -1045 -750 -738 -486 70 -37 -297 -644 -371 -302 -601 1267 -93 -111 170 -189 -117 378 -126 643 -981 734 -966 -221 -1061 -122 197 -618 -360 -71 904 -102 454 -310 833 -396 875 -73 -947 -683 663 152 -691 127 -1754 192 1224 218 -283 -26 360 223 282 -109 300 45 188 -217 -431 957 -349 -580 27 -507 1104 695 1669 1103 -445 -431 -493 -534 -113 260 90 -1232 1181 831 184 -51 -555 527 144 -435 202 -589 -164 167 -101 880 249 ]
[-868 937 256 -260 765 9 469 -393 300 670 129 140 -59 572 -18 88 -485 487 -7 -466 954 -40 314 -847 633 295 319 -136 415 95 651 652 206 59 264 303 -7 1351 -20 549 33 -303 704 288 1037 117 128 156 -441 -581 -46 365 77 -984 832 -490 -355 -768 -372 198 -358 570 -916 -1485 4 261 107 715 434 -164 -360 -128 356 -755 -409 -321 -521 -555 -405 128 16 -204 -80 283 -891 -324 40 1667 1293 -857 -31 241 195 225 63 -697 -653 -663 -689 -116 -78 -316 467 1456 -325 757 -447 417 -1186 1291 356 -1280 -484 -682 -409 -705 56 84 -42 667 101 301 1116 289 278 96 -773 -997 ]
[282 -538 -187 -192 872 -949 -604 -9 -222 316 1 -102 -577 -660 -314 -315 -886 -1139 484 -272 -334 366 -777 40 439 -94 378 775 -265 560 -611 -226 -280 405 -184 91 -598 41 -827 496 -889 -709 50 510 814 275 -1083 -862 371 -105 52 1130 330 -14 -123 -1136 537 -184 246 123 330 602 -349 0 36 435 -384 288 -536 -697 205 -1048 -500 -82 453 682 -863 -55 -211 -226 -401 -1371 78 484 -31 -1022 177 -584 -1359 12 -228 584 887 614 -90 -135 226 568 -515 452 -241 129 -49 1783 989 452 -730 740 -396 -379 -654 986 463 541 -44 -478 -521 166 -441 265 -531 767 231 198 -2 221 -261 270 ]
[-141 796 332 -839 -11 220 681 -781 801 684 152 1636 -391 -401 663 290 470 -290 595 688 -305 302 406 -146 1337 697 175 -472 509 -367 170 929 878 507 487 42 401 167 -594 -258 230 406 -428 -939 1061 332 383 -1580 -360 29 345 705 -80 -94 604 291 53 916 770 302 -500 -902 551 -1081 -1382 -103 251 1137 183 -680 -459 702 421 349 -1130 -247 -225 -827 265 187 -196 -792 144 372 -431 97 -672 -398 942 -424 -364 1079 -32 -38 -873 -312 -630 -419 -85 309 -279 -917 852 311 -64 554 -170 301 284 967 -194 142 -375 520 -330 74 1108 -438 292 -269 -883 533 458 -139 57 -367 1086 426 ]
[654 -577 -787 195 150 -311 242 1648 -189 -1004 -880 -985 202 -401 50 598 -179 -225 -83 223 -1233 -51 177 -388 753 -636 810 461 -219 -95 935 -46 -589 111 -322 489 -921 -259 83 -213 -144 993 -185 -119 204 -326 -777 15 151 585 -266 542 -183 925 -1156 -428 431 370 814 -169 994 139 333 -157 656 -533 503 -827 -320 1734 412 -901 -149 180 652 -20 315 -489 362 -289 396 -334 285 85 797 -107 144 -736 356 143 -129 -322 802 -226 535 672 602 122 -304 -53 -19 646 224 921 1229 -221 320 863 -109 -1069 -797 463 617 427 315 1399 -314 561 -37 460 -106 -1166 -66 227 -315 1252 105 163 ]
[-749 326 -469 -560 520 -374 218 632 -106 -382 -137 -418 -387 -80 -397 647 -900 589 46 628 384 369 350 24 27 -158 -494 30 6 -717 636 622 727 -548 208 347 -624 -211 486 231 145 204 -690 406 273 -276 743 -233 -183 -202 -89 -16 -581 223 -170 365 88 75 -854 173 324 681 -366 -549 577 94 -68 -517 73 1303 -823 274 -214 -1317 104 -262 327 -317 -235 149 -65 782 395 -1369 959 -251 1528 572 -56 467 979 -446 931 -913 34 535 383 514 -836 43 107 -1408 270 -237 -589 18 -404 46 -645 377 -122 -228 -95 -1042 117 -852 184 -521 360 750 541 480 -382 371 -539 141 -307 422 ]
[473 475 -28 -926 1039 299 642 -411 377 777 90 -127 314 494 94 -601 -432 230 -1206 -474 712 -75 237 367 -116 334 -257 485 -518 -146 14 -356 -824 364 -732 -581 -14 830 934 461 -1423 -198 686 -126 50 112 -17 -52 252 -198 242 794 675 -923 -484 -642 -241 175 459 -47 91 124 -612 376 -81 426 457 957 29 -236 -98 -267 1106 -196 -150 71 402 -692 233 32 -5 -844 -1296 174 -240 -512 -324 285 -108 -69 -1001 756 167 695 614 1019 -537 -373 23 526 -210 191 -510 222 -575 54 237 821 -322 214 -1178 -109 589 -235 -322 205 -702 761 206 73 1041 1105 760 -72 1499 457 -314 645 ]
[-467 -531 97 276 801 275 568 1288 -634 -485 463 1159 453 -688 -143 -151 681 210 503 -1367 -665 24 -191 -122 1005 -106 1205 -1060 -466 -506 1528 -477 703 400 658 585 244 -543 -571 131 -154 -865 -582 -368 348 -66 -1003 314 791 -409 34 -318 764 -747 -26 -577 552 -404 -403 -13 -153 626 270 235 523 -357 -196 553 -498 -320 317 -168 -765 651 59 326 51 152 10 101 503 -498 -267 -25 197 -1360 496 -122 432 -844 -696 824 -904 68 -421 -383 -761 56 -330 -856 -411 -736 -196 1361 1239 -30 235 -514 635 -748 -773 -433 293 -594 25 89 303 901 676 -401 -34 432 -51 446 -863 838 544 -1400 ]
[-307 -708 -668 -327 341 403 -507 307 -1009 -162 848 -158 533 106 -679 -1319 -199 701 -751 -46 823 799 -207 -1218 -111 64 -31 337 -1098 571 -161 -119 -460 -1196 -361 -890 631 -2 -120 130 -653 -384 -198 1484 -976 383 -63 145 22 -263 -436 -71 -332 399 819 -1271 -591 -117 -393 -408 81 1162 16 1235 679 663 -382 154 395 -247 -167 -936 -860 -178 181 493 -35 671 -339 -120 -43 -818 6 1 -468 179 96 435 -331 -3 243 15 -202 -727 508 334 -53 1030 -255 335 -411 -126 -1274 93 -708 -475 261 -382 -107 0 -9 679 534 -514 -402 341 369 -457 145 -362 671 548 -100 40 725 777 -374 274 ]
[-422 -663 -83 -114 -352 5 -212 378 -41 -440 499 522 -339 -226 246 -776 -187 691 125 -1476 63 -459 -807 431 -462 428 4 -705 520 570 64 -954 -835 69 491 -398 840 218 -439 -213 -188 275 398 488 -416 28 -586 -1199 346 574 -95 29 483 -85 406 486 -188 -77 -536 -322 -68 -119 537 -283 -612 -217 -220 -217 -363 -499 221 157 -128 -1418 -613 738 200 895 -553 767 -490 -547 -281 294 -1046 -845 152 -41 -156 94 -543 1282 -556 442 -103 -357 -725 -520 114 -501 -964 139 126 255 -95 -17 -1097 -133 542 222 -430 -840 -468 346 -829 537 259 -93 -543 -801 -251 347 443 -370 407 279 -52 246 ]
[-93 156 -370 -823 160 214 199 687 -43 -26 1434 424 690 135 644 -902 -183 769 42 -889 178 100 -153 -206 -44 -416 84 -678 156 169 821 -570 -333 -122 234 -84 -520 790 0 -624 177 386 997 365 -124 37 -1634 -245 -135 -188 -288 77 586 -1146 800 47 -438 -466 -524 -1326 -269 -522 167 -420 -428 -175 -834 -115 433 -316 -648 -1033 -176 -332 -231 228 544 -127 -860 7 -388 -278 -29 -12 -601 2 -143 -71 794 24 29 362 -1014 101 369 -1474 -425 -347 -128 -367 -335 804 303 1119 -141 673 -584 -171 96 -37 -498 -1411 125 -361 -364 -20 64 184 -538 -583 1 -123 859 372 552 -466 68 -781 ]
[-670 149 -98 324 -498 9 -209 -208 -40 1080 613 -863 -108 596 269 11 548 -381 324 -26 84 408 -368 535 -1487 436 1017 350 -487 524 -450 77 -45 -1139 -359 561 348 404 -382 400 120 -967 289 -11 -286 517 -664 181 -302 146 -127 -563 736 560 721 1140 485 -216 -319 -41 -156 -765 28 -743 -165 -306 -70 341 1288 199 -247 -825 130 -1291 -177 216 -394 336 -872 869 -231 -153 831 -739 -36 618 373 5 -1331 199 444 -837 439 489 20 -809 20 -545 -111 416 -410 217 1090 85 -252 193 -227 442 -286 510 -78 370 -710 -507 237 -215 283 38 224 408 -207 -143 1009 -56 475 66 -1394 410 ]
[-59 944 -274 228 -427 -327 -287 190 -550 -229 -877 430 -271 -279 1178 -753 -287 -628 458 -196 -540 60 -133 744 -328 -667 -56 -451 -427 517 859 -827 -8 -361 353 188 91 -515 -599 -138 -748 210 -810 119 -1085 -328 -84 681 178 -793 -1231 -203 518 -84 -142 -122 -47 -558 -98 245 -848 -867 581 489 735 698 384 296 892 -515 57 483 827 32 -408 1179 -271 -169 46 -157 479 -354 111 -116 195 1683 19 113 -78 331 -1018 -1005 504 -1039 -245 504 494 102 223 310 -278 559 -165 -718 -454 202 -400 -311 306 -1193 685 399 -384 -915 1531 -491 -870 336 -358 -71 85 462 -666 802 -540 -503 479 300 ]
[-66 -157 194 591 -279 161 875 -234 295 -847 489 196 442 220 1852 279 -85 969 745 -419 295 -304 -453 276 526 -665 719 -886 795 -352 258 393 -583 568 615 286 -753 25 -530 -649 -28 -333 23 -546 52 -32 -683 -23 -12 336 -429 -384 387 -376 453 717 446 887 -753 264 -528 -1116 182 -359 -443 -1411 -1030 -72 -116 -170 499 217 548 287 -235 -250 117 155 -411 402 415 419 281 -442 482 227 543 -1219 586 203 -3 -255 -927 -735 21 -95 567 60 -373 -544 -359 -221 1047 -344 725 604 527 511 833 -771 -411 -514 -39 1015 224 65 363 527 -622 -641 -501 -1139 822 49 -1261 -886 -362 -1023 ]
[-536 537 -123 280 228 -314 -376 -365 -35 688 338 -353 747 836 -82 246 548 -1756 721 748 660 1536 578 -42 -664 478 -565 314 -62 892 233 704 1099 -74 -286 489 -253 1416 62 -10 653 -284 178 442 415 -117 -560 644 -4 -38 750 -88 251 -677 -275 -564 184 -22 -482 -286 -385 -443 -341 -771 357 854 201 -524 56 -1056 -1198 -1145 -594 -252 -21 -69 -331 -693 280 -333 441 140 288 -417 -99 -94 28 -98 501 47 275 -23 -214 -136 537 -834 -626 30 -262 603 -362 -627 441 425 -497 192 -368 395 -806 386 182 108 1266 -481 -985 -869 22 -57 185 -531 -159 1301 549 601 212 -471 -434 123 ]
[842 -446 560 -1 -216 127 -557 -46 -28 114 -724 -746 316 -364 237 -164 -49 -1143 126 1028 -266 371 -644 312 49 -899 -290 1455 -72 -130 -4 308 -211 -324 -143 611 -211 5 -265 127 502 -13 -282 392 -218 1136 804 -206 406 -4 472 -148 -69 624 -863 -792 83 -64 1071 272 -550 -106 183 154 -193 -340 -139 -54 -942 -817 534 -576 -275 33 410 546 -551 -466 703 -25 356 -93 507 -283 69 -35 -851 -781 -1061 182 650 -603 416 -181 405 1052 406 -204 514 686 489 913 -218 -366 -95 -848 1214 -71 154 -1072 247 663 1004 1077 713 -201 -415 1251 -594 -231 271 -7 -75 0 117 241 289 1105 ]
[228 275 -13 877 -287 -295 472 487 -280 -742 124 -191 -228 -670 -15 338 -377 440 1041 169 -674 282 32 568 5 835 176 -69 -41 -1450 1416 413 319 142 366 845 -302 -1315 138 -809 291 818 -326 985 -192 341 -46 -632 -45 -468 569 -548 -10 -794 131 203 368 -726 -841 -156 -934 -445 57 390 -772 -1178 -1036 442 -1112 253 -561 36 487 -642 104 446 -196 413 -169 760 -59 -51 -41 -254 1142 -1254 524 39 -475 613 262 1046 -967 -202 385 298 105 -350 388 34 -224 -1956 845 -77 -500 -1309 -183 274 -336 743 -416 431 -225 491 123 -454 994 -484 -543 -859 119 208 746 -298 29 -35 386 306 ]
[-693 189 -1346 -82 -519 419 -632 441 84 -912 16 -1326 971 -651 506 799 -249 7 81 551 -648 340 58 -1630 560 157 1438 536 564 -191 43 563 265 750 88 603 -979 335 -1395 -129 120 806 181 354 928 381 -781 527 392 -317 202 126 1077 954 479 13 720 -325 1184 -528 -675 -1219 689 -439 289 -330 -262 -17 423 696 -320 -552 638 -25 -112 170 160 -661 107 -42 431 -534 377 227 137 2 -575 -53 222 493 433 689 16 -193 -500 -675 86 -325 -231 750 -568 -377 558 1810 1107 27 403 71 350 -378 -56 1247 -619 1161 88 774 1329 -216 67 -220 484 360 -129 700 -1186 -440 123 498 ]
[-214 169 42 28 -612 -386 -228 -1112 -50 -280 -872 409 289 -175 -551 -195 -434 -1207 1076 -93 -1005 58 787 -220 56 897 241 547 105 1988 -880 -455 -552 273 -480 244 -1007 37 -1192 410 461 268 95 872 94 -194 426 173 -203 263 -445 680 -609 173 307 -152 687 17 940 -19 683 -758 220 97 579 160 481 -500 333 -680 -914 -465 -114 -178 310 1136 -984 731 -532 475 -165 38 1039 263 -151 -109 -374 243 -228 603 -466 374 466 -695 -250 -1249 172 -239 -194 205 100 -444 350 341 -135 1313 -601 625 -381 -237 979 -247 153 -329 165 538 54 -696 -836 -595 -84 -169 306 642 239 -602 -423 233 ]
[537 -475 240 1072 -329 -427 500 841 -276 -1063 -178 -48 -416 -828 -315 432 362 -883 536 162 -356 -382 -518 1069 426 -260 -365 -103 66 -922 451 -528 666 14 -690 -150 -798 -630 845 -90 226 23 -142 117 -196 -723 260 875 559 -9 328 -272 -854 -67 -1273 -470 594 -61 78 705 722 1224 110 368 143 -707 -122 -1029 -2163 659 808 -390 -405 96 -124 995 303 -134 520 767 -462 1054 240 311 358 -755 -70 -753 -512 -22 242 -151 -171 -436 636 798 493 295 474 -1035 652 -851 -399 -1149 184 -240 428 -305 42 -111 452 -223 1369 52 -456 -30 -118 558 -84 -268 1200 465 -968 419 61 914 392 -184 ]
[-778 441 123 75 138 -164 -615 586 -1397 -836 -16 1147 77 -460 631 192 -220 881 -325 -337 -156 -529 409 -232 305 -351 896 -143 -1316 199 663 -573 5 -211 -68 -1169 -60 -522 -98 -142 -178 -262 -70 142 544 466 -891 -225 -147 -472 46 -219 126 105 710 495 -1083 144 -375 141 -45 556 434 605 276 -208 -1701 -139 617 338 803 -712 -332 300 658 -171 -186 707 -601 239 761 -1092 -146 826 140 577 -20 -225 -582 -384 -292 -330 -369 680 -364 490 -1042 81 501 1141 172 -647 -793 -1063 -606 -1089 -58 351 625 -447 -553 1377 457 -979 557 -280 -41 512 -135 115 -316 -219 -649 -317 -703 286 -671 -45 ]
[-183 652 181 336 250 -857 48 235 -278 298 15 1239 -287 230 848 89 466 118 421 -982 -695 -819 74 213 610 1316 462 -1703 -117 759 90 -194 755 401 879 -544 959 812 -495 -939 212 433 520 -1025 154 -124 -1557 128 -700 -1024 -355 437 -678 -930 2236 676 -25 1212 -744 260 -560 -235 218 -941 77 -107 -54 -61 208 -1006 16 291 132 853 -556 -777 -88 418 -183 -1023 -341 -208 -269 551 -276 32 -538 908 147 -134 -1798 660 232 500 -31 -400 -281 -470 -670 -452 -404 2 90 -258 -763 1132 -366 621 80 178 565 252 -22 140 -1106 -632 799 -149 -9 -392 -977 -408 549 373 160 -357 99 -554 ]
[199 -433 155 427 100 -311 -907 738 -441 -548 -893 -1082 549 329 -320 606 -238 -1039 826 163 -119 -53 275 -446 545 733 -868 398 -260 1159 455 338 -1147 306 -256 792 -80 -159 504 -1191 76 1100 -14 -401 -68 -284 -419 -908 1384 810 -684 -223 -135 -455 -704 252 702 28 129 -1342 778 -697 126 -557 1842 1128 -89 -1046 -380 541 -122 -278 752 75 210 -745 409 -60 327 -384 93 -667 933 -447 643 -286 -45 -263 980 774 -14 121 747 -363 112 186 977 -251 -1557 -215 -1303 1308 582 50 271 -338 121 492 -514 -1498 336 -509 811 313 -551 130 -1087 516 -450 7 308 -540 -272 1358 108 129 -648 344 ]
[-467 -665 864 -195 7 -49 102 -712 -849 -510 -84 1 961 195 -346 -831 -531 -524 825 756 315 -411 312 -398 520 -905 33 743 624 121 773 260 -38 92 384 -318 -959 425 338 502 827 578 -236 749 369 1165 301 1041 -309 -492 -66 402 -597 -42 75 -849 -169 -536 -12 -27 466 890 -19 252 -307 14 -779 617 -486 -1208 -375 -1844 -1643 38 322 107 -1 482 -1499 209 -172 5 359 2 -23 34 -818 -408 -134 -370 1011 384 -1497 -214 -573 -1432 -862 764 658 410 1310 366 -81 698 86 106 37 343 323 -366 505 -662 992 469 -196 -94 12 -675 -89 -395 -405 -81 455 170 -179 -96 -210 -661 ]
[-269 -807 -228 -159 624 416 -905 991 199 128 -233 622 -839 -426 -347 54 -94 289 -31 -514 241 135 -753 -646 -469 163 -806 724 -671 -301 -653 292 -740 144 232 170 231 344 -316 1279 139 -102 219 -119 754 -187 269 -760 779 1085 -26 -356 -72 306 -486 468 242 -597 171 -411 49 714 -90 100 1403 709 -870 -90 -586 22 563 1005 -85 -683 26 -214 -361 -734 71 -98 384 -458 749 43 -386 -1350 243 366 -724 204 735 966 547 -26 -1118 -37 244 -70 196 -1364 154 -595 -525 311 502 -142 264 -1365 322 -105 -225 378 -48 -518 239 -557 -357 -183 505 333 158 1072 -729 610 597 -409 -396 1081 ]
[-536 90 57 275 -149 624 154 -745 437 730 566 -501 22 139 -1505 -159 -95 -284 -166 262 -45 146 -658 556 -683 102 -77 45 85 -139 643 -240 147 557 601 -673 69 -940 183 364 271 -998 -527 -420 -935 572 910 -769 -588 -225 -259 17 196 -257 6 -488 -894 -851 -277 933 115 540 -1470 777 221 -201 418 1469 -33 -553 422 492 83 -2 661 -1062 -789 153 -129 193 -396 -434 8 -176 107 418 145 784 -513 -191 18 -668 -18 1259 -69 -570 48 -220 -327 325 368 756 -132 -11 -29 -648 -198 -242 -437 447 294 -19 -446 -261 479 235 -723 -336 438 -109 -1184 -569 558 -1710 -192 566 -133 -163 ]
[127 -939 -667 -519 25 298 -783 -68 -453 285 898 -166 -224 345 -1330 -426 -1024 -497 200 805 635 616 -331 -427 -265 -995 -689 -154 208 -414 -1277 -4 404 353 162 -53 115 -456 -1180 53 -736 -588 -450 1506 -1047 81 735 -172 530 -1497 139 -108 -573 -682 -485 -1106 -289 -830 -173 722 -513 -2 -1036 647 -144 277 -1014 -158 132 -844 -803 -225 -386 144 846 -167 -87 892 -477 549 544 -515 118 669 291 -865 1240 -66 -1349 1079 601 -184 -150 -293 197 -151 880 604 -656 507 111 -943 -545 1050 405 268 -711 110 400 -237 -50 465 107 367 641 -324 -347 -407 -402 -450 546 1438 -345 -542 77 -807 -99 64 ]
[-100 505 217 -438 353 -869 -276 -64 188 70 535 -319 -1622 -587 550 -477 -71 -145 -886 628 -851 354 -333 1178 -529 -545 79 329 94 735 251 280 -243 -717 -705 -394 -1028 165 120 493 -391 110 277 -218 189 -485 -537 503 -1109 -822 -506 516 -435 133 161 -688 -43 -917 -182 351 294 365 660 287 225 32 -586 -60 558 260 -85 -339 642 86 254 1613 -890 197 -657 -600 -610 886 -470 719 -1189 1566 -912 -363 -324 -589 -642 -635 461 187 527 774 64 559 572 -27 908 198 -640 -768 -310 184 62 327 -582 670 535 655 -460 -746 133 -448 550 196 -480 309 -627 -666 82 311 -76 -37 343 253 ]
[285 255 -304 -232 -1238 -818 -395 -390 -205 105 -99 -268 62 -248 -1698 989 -20 -1342 -420 24 -1875 -880 394 -941 251 -57 534 593 -635 -74 -536 -674 133 36 -536 -117 336 -1720 -222 -194 179 1125 -1060 -855 -677 -369 393 -114 -16 -233 -776 44 269 997 5 873 1666 -73 511 76 234 -1284 312 -388 -380 -648 185 341 670 1562 -729 337 818 287 62 -468 -210 730 441 107 331 -1045 456 719 476 -328 -225 366 93 559 1135 969 1835 -356 201 -312 230 -487 -640 4 -302 880 802 -132 -145 -274 -84 1192 682 598 801 545 -718 235 990 840 955 472 102 1009 518 325 -1072 113 160 390 -141 926 ]
[-222 -1454 -604 -12 -499 918 -385 -23 763 -160 55 -457 -88 -333 999 -536 81 23 484 1073 313 376 -159 168 -1530 134 403 245 684 394 -1131 -205 -53 -294 -20 -1213 -658 689 -151 975 683 -519 -191 36 307 19 -181 375 -371 725 -135 380 -1069 1158 171 189 -811 714 852 137 285 -543 850 134 251 -144 -243 -189 599 -16 -165 -543 -1160 -667 -671 206 -850 -1037 -420 -87 -47 824 -33 -406 145 1129 -713 -755 -1360 317 962 -809 -1133 -461 -802 -455 -319 -314 1116 725 1260 -178 -201 -1698 632 -320 593 -876 -103 -119 -575 232 -201 463 341 867 -94 -802 258 -1013 -1133 -434 -459 89 -359 -897 -243 1203 ]
[83 116 1139 -146 489 -310 -451 -644 101 295 -1393 -300 -626 -407 -456 -436 -25 -973 -79 -556 -69 -901 114 225 -414 -441 305 578 614 438 -746 -357 -1165 899 -17 138 -171 -203 -415 1814 -704 -20 -271 -353 12 -85 339 747 -307 -535 -541 457 -46 -237 -971 -507 502 -88 473 485 744 -669 795 528 80 647 -307 -275 1058 -160 368 -330 727 -177 252 1161 -521 484 -1068 424 -168 -395 -703 380 -541 619 -429 180 -456 394 -649 635 837 -96 -287 -663 -40 -436 779 -730 547 447 -91 -813 384 749 415 -100 -475 -713 -80 -96 277 -125 1856 455 -710 -85 19 343 -742 479 -264 -230 -231 -323 39 107 ]
[177 1486 285 -349 -278 209 28 -372 563 28 -1157 -95 140 -541 818 318 -165 -74 -483 493 668 -761 527 746 140 3 -108 786 212 -54 391 -111 249 -662 -621 -254 -615 310 519 270 663 148 15 -600 935 580 245 442 -450 262 286 443 -126 1172 -95 1086 -483 1521 394 481 183 64 59 105 -36 -243 783 82 -189 -381 621 20 -296 -647 -46 377 -181 -856 851 13 -499 427 -706 -322 -93 -201 -516 -664 -990 195 131 -1236 26 1318 -1191 494 -815 169 1279 540 862 162 -407 -443 -374 84 65 124 319 -430 -490 654 -110 100 -212 -170 -460 -165 -773 762 697 -256 466 535 550 -535 -16 1924 ]
[-225 -1446 159 -832 124 -297 -929 246 496 -599 404 -967 751 511 -930 -85 -1305 670 -683 535 1136 1019 1257 -1051 307 -97 -1738 -36 -539 338 -1565 -157 -893 -278 -275 -69 111 758 -79 -599 319 401 91 506 98 -339 -123 -577 -94 898 918 422 -845 -128 -69 -206 137 -323 -86 -1892 186 1392 -766 1115 451 176 -877 -70 -239 -258 -731 50 -456 779 1183 -911 -279 1188 550 -1886 873 323 -293 -242 -116 216 547 1349 371 -72 1132 526 398 88 -64 -77 37 773 -1399 -918 -705 753 -1133 931 -497 -97 -44 -785 -477 -362 -605 -622 220 490 -553 -727 288 -1282 287 -303 266 -838 -195 822 -217 -726 251 -496 ]
[21 -419 -622 313 -534 -691 6 1006 -366 77 -568 259 -1135 -1040 -136 250 291 -299 129 -436 -1633 57 -502 539 -52 -399 937 -103 -371 -255 -696 1095 161 -738 536 601 200 294 -1423 594 -28 572 -297 -158 239 -30 -399 -250 -577 181 -861 -348 142 1200 42 92 1310 -476 335 -1 261 -6 1058 -846 277 -107 500 -728 486 -2 -51 93 -417 -462 -50 -75 -584 482 -244 -309 395 -923 711 564 147 588 -8 57 -800 377 359 920 1260 -943 -207 145 655 394 524 -391 -179 -623 366 1036 1052 756 -91 236 236 -9 497 923 -760 561 733 -706 579 240 252 941 -907 643 -999 508 -538 88 113 578 ]
[345 -459 475 -469 -788 531 -743 -1220 -1001 -71 -434 -258 900 1030 -659 250 -308 -864 573 -211 -102 -1079 -380 -869 430 434 -14 695 176 823 -659 93 -396 757 -354 554 432 -700 317 -801 -184 154 -308 59 -671 239 336 -135 606 628 -32 -824 -53 161 661 477 -184 182 -35 -406 -998 -626 -92 669 303 238 -611 548 -763 -234 78 -252 351 332 742 158 -404 443 -372 177 -87 -711 597 45 17 -651 -517 -684 668 -319 47 -379 3 195 -769 -144 -628 8 -252 749 -435 766 -148 -553 93 123 167 -42 544 -885 878 -178 358 -432 169 665 -151 -599 -415 -948 152 -325 -250 -286 68 -265 -130 -187 ]
[-300 -937 -797 -1050 -1526 559 -227 -210 325 308 764 -1130 1302 870 323 -225 -59 -490 -1088 946 336 -168 -252 773 -780 -1363 -100 6 1053 98 -214 140 -411 -201 154 -582 -442 591 192 141 62 387 190 -161 -480 457 1112 975 187 110 -636 24 455 535 -679 482 -249 -114 962 61 172 -194 -480 -115 -562 -814 748 -179 65 -386 -523 -197 -429 43 155 -323 635 877 723 6 434 644 -724 1220 19 447 -226 -1075 267 378 584 -862 -519 302 -139 -166 -177 691 164 478 -195 1549 -336 -16 495 421 -174 996 1579 -328 198 -465 -473 1150 -364 1126 318 740 -388 -323 1195 83 99 -152 658 -478 234 1165 ]
[604 -653 446 -14 654 -651 294 399 -867 -416 157 -1092 238 276 -10 573 -135 -230 -670 172 726 603 742 -1398 533 476 205 758 -1094 442 243 766 -362 -777 -940 773 1587 861 -240 573 255 -216 -470 -309 -504 478 67 180 -437 -220 482 -58 112 503 -161 -794 391 -185 -755 567 -190 1032 430 -149 -22 512 -243 -38 186 148 -212 -214 303 127 -787 663 32 55 -165 33 748 77 -419 -444 -120 -101 -1324 392 -487 -646 37 519 519 -163 437 519 -1018 314 -490 -70 -912 484 -930 -609 -846 -224 759 86 -291 297 -773 -631 424 -33 -693 293 882 567 -618 796 1160 165 935 1088 725 563 -50 -397 ]
[-311 -765 -1035 648 -796 -410 -221 -48 252 -820 -449 -355 527 163 -146 483 -249 -1105 28 -159 729 -37 -39 -585 -41 -259 267 1106 -625 838 -636 -955 13 -341 -411 -1252 -102 -721 -187 245 528 76 -60 394 -169 -906 105 1161 269 118 -1171 -271 -174 575 83 376 431 460 942 673 765 743 -271 165 1111 380 -970 -1190 -131 450 -240 -191 -543 -208 171 473 -151 -42 1381 800 494 14 505 824 560 -101 -369 1192 -207 825 159 -209 332 163 482 -252 1428 130 347 -716 -531 -13 -141 925 39 777 -172 581 440 -761 865 839 212 991 312 -119 -366 649 -522 251 929 309 -1340 768 281 -87 -857 1 ]
[-394 53 -533 497 -616 275 -772 -234 -231 -355 -329 568 -910 -944 -94 655 -418 144 416 63 -243 -277 -412 -644 1025 321 1160 359 -114 -3 -453 446 -1 -447 97 -415 -242 -1452 -127 -661 75 13 -273 466 418 323 -869 -363 -59 -214 -808 -320 -795 483 1816 -226 -707 -67 -193 323 -748 -284 508 302 96 -169 -1748 181 401 906 1121 -692 320 -180 981 -102 -722 -249 -118 581 397 -1530 621 350 -661 228 525 -58 339 -204 711 -269 231 -104 -504 -34 -215 -1173 -55 773 288 -1226 401 -202 837 -1038 240 -35 252 518 725 2012 -53 -743 242 1408 593 -346 289 -657 -1094 -607 -667 -357 -1302 209 -727 -216 ]
[391 3 883 1237 -132 -870 -31 39 -48 -565 -783 -629 -475 -290 -483 688 -628 -259 76 706 -507 152 892 818 -402 622 -568 393 255 890 554 1125 -110 -318 -1042 1174 -227 -280 216 -234 -314 379 162 -611 138 -500 705 663 -278 -978 346 42 201 -631 -1025 760 348 -300 -175 -94 256 -687 213 122 645 -86 873 -884 -80 301 -893 1848 1220 394 -350 465 309 712 291 -211 291 974 -764 12 1022 -476 345 251 -747 365 -1181 289 -92 1152 640 1324 500 201 298 287 -433 -216 -57 -1219 -243 -56 -24 986 -159 -985 -684 -134 -551 228 165 -482 -524 410 -511 512 197 -270 41 42 238 -484 347 -290 ]
[-469 2070 -1124 -26 331 -360 -606 -76 -473 -123 97 312 -896 -1226 128 101 -150 1055 127 -553 -637 -93 -1054 -323 -140 653 353 -909 643 -1068 652 234 1028 1470 1391 -178 684 -987 -547 -57 -313 227 -300 565 -300 710 -333 -854 -663 -1622 -175 354 142 -117 1761 -681 -350 -509 -1385 778 -1412 -648 45 178 -1212 40 -475 297 231 86 290 264 1048 -557 289 110 -205 -555 -439 181 -751 -833 -551 322 349 -282 262 602 266 999 -473 481 134 -241 276 -281 90 -377 -444 721 -245 -1116 105 -3 -582 -721 -746 606 -358 1245 1271 960 -1327 278 506 -335 734 -466 -613 123 -1058 727 249 -643 -906 -212 104 -6 ]
[146 -299 -287 167 1390 361 -333 1134 -817 -938 -406 -564 474 152 642 -725 -636 778 588 -578 498 -24 168 -957 -366 159 676 -919 342 225 890 -758 -339 818 184 -208 -87 1200 -367 -139 -712 180 388 561 -488 -443 -573 120 1319 -478 348 207 -322 -735 -13 -1146 -61 -685 97 -268 383 -735 450 -151 557 808 -366 132 -35 488 -191 -786 57 -398 -802 -86 -449 79 -335 40 1055 -985 -529 -108 96 295 -483 476 381 120 -598 320 -777 -1202 -90 -324 48 -380 8 401 138 53 109 433 520 -644 260 -1139 -2043 -133 -757 -783 538 874 47 -180 -612 -1126 -535 60 -492 868 410 1172 -659 162 -197 171 ]
[-374 -1055 744 -465 337 179 -321 -145 -681 945 -744 568 74 217 -344 -271 344 9 -13 -563 143 -325 129 -7 -633 471 -108 -409 -24 -355 166 131 -61 -22 91 -104 723 -327 -347 497 37 26 281 -118 78 -90 706 195 1509 -223 285 -44 205 -804 -162 940 -24 -427 -164 22 488 -492 806 -208 39 492 -855 -381 254 646 -509 717 -680 -373 106 -339 38 430 -682 636 471 -540 -19 276 771 -598 313 658 -824 515 -149 149 56 -325 -843 88 17 121 367 -190 240 -120 -218 15 -299 -397 -332 -906 -33 -524 -1092 -603 -611 -936 822 -864 -243 -402 998 544 233 1284 -1095 56 280 -544 23 940 ]
[193 -918 -486 -181 218 92 505 -962 553 377 274 190 721 327 675 253 548 -729 -546 4 -74 -479 -353 51 -816 -1287 -100 115 -218 -270 -1056 -534 -713 467 963 -717 -174 -331 -184 725 -267 -230 -232 -401 -192 205 -157 646 962 294 -1181 -105 965 -125 -960 -809 3 -100 824 306 -118 -798 397 -610 185 181 -813 -417 595 71 818 -202 -105 1183 38 -19 631 249 14 766 1169 -306 -411 638 -617 846 -234 -873 59 172 -220 135 -618 -917 162 -799 150 -631 78 -44 673 918 257 -265 1060 58 796 -80 1660 -125 246 198 592 -345 939 1486 -180 1462 349 -1354 183 96 -619 218 -546 -303 74 -220 ]
[729 -746 -624 721 -788 867 39 922 -192 366 659 -134 489 -545 1114 187 -243 291 1160 589 819 -90 280 1140 586 276 569 -751 -198 -1278 -168 539 254 -141 468 769 -217 -284 396 -903 -359 -468 -495 -574 172 65 -999 -493 -55 179 608 -1398 -258 7 -80 537 -252 147 121 -695 -492 -15 -87 1105 -431 -556 -1058 1105 -627 -740 803 -275 -304 141 -694 -630 754 -785 -111 104 -535 -86 -172 -509 1154 343 31 -1590 -553 -381 430 -358 -1063 -447 -554 521 -45 292 1025 263 -314 -1021 -145 -589 1153 -44 250 -637 621 -1020 -571 318 217 1570 248 -199 -72 479 -932 -655 -60 -369 186 -166 -372 -476 601 -299 ]
[231 -965 28 386 50 -493 422 843 -1 278 -69 -954 -442 158 1255 -330 -543 2 271 587 -296 723 -346 477 -901 408 -445 136 100 -684 -221 165 -27 -924 -355 71 193 1394 143 71 -298 -188 -470 1019 469 -415 -716 -58 -78 705 579 470 28 367 -792 -390 215 -107 36 -1283 -936 568 -467 -412 -1194 105 977 1155 -820 -742 286 -259 -371 -959 -1334 73 -132 -1176 224 -390 -473 141 -182 318 -452 652 -512 -1197 -874 407 925 1032 -761 563 313 995 -1124 335 53 238 -343 -225 83 558 -72 -407 201 -900 -98 -108 -941 975 -220 865 -454 -84 -183 -622 -331 -219 674 945 746 79 474 -330 -17 182 ]
[-438 948 434 262 -117 -1098 -180 -72 -729 388 -372 145 -380 -157 208 226 561 437 -203 491 207 498 -365 461 390 345 642 176 288 -519 594 422 445 -898 929 -294 -70 -556 -124 243 -315 207 -688 172 -323 574 370 991 -152 -1061 -638 36 -109 -483 589 -339 669 -1 -789 729 -195 -126 223 -102 -1290 -276 -532 -527 30 182 -567 -345 -502 624 -107 -372 632 413 -362 -90 -8 -315 234 422 178 -446 787 -102 511 1173 -91 120 353 26 485 376 780 706 -986 47 337 -727 554 215 -556 -432 -768 1004 578 652 884 1980 -369 -44 -595 90 1253 8 436 -149 1210 1281 349 -275 -285 145 201 901 ]
[-353 45 -618 -285 360 850 -508 319 348 359 1387 845 -425 -725 696 -674 -268 1324 -161 -311 1263 660 -837 -1078 713 -675 800 -910 499 -59 -134 72 -46 -243 650 -417 798 69 -615 707 362 -1376 448 441 89 -148 42 167 -296 -1064 354 72 -160 -250 854 -1512 -735 -806 -376 1448 -331 -608 617 -423 -1187 -144 -1377 -385 668 313 -186 -124 -989 12 -223 776 18 -402 113 -192 405 -207 -145 -177 -466 -486 588 236 87 -12 21 -368 -450 -693 134 -524 408 -135 -86 -94 384 546 -696 574 20 -430 306 -705 -47 296 -398 -874 -335 617 -525 280 622 303 -235 414 497 326 754 596 -587 -680 64 -247 ]
[-357 313 11 561 188 695 7 383 161 -542 627 756 -18 -48 902 340 954 709 354 -908 93 312 -671 -1358 442 -227 1644 132 401 -121 185 375 43 224 662 -78 -81 180 -1447 143 773 -1274 155 615 589 774 -968 -499 109 265 -736 155 306 89 867 -1002 495 -10 -15 846 -459 -632 844 -63 167 421 -1298 -720 603 -174 530 -1033 -939 218 177 -48 -205 -495 74 127 100 -1300 795 30 -633 257 -634 -469 258 484 50 532 -669 -365 -357 -1265 -79 -142 39 -208 461 -773 21 918 916 427 -10 -395 399 -60 265 979 782 218 -713 744 384 600 -108 -450 -338 515 -197 463 -1125 -241 -864 -329 ]
[359 -1291 141 -246 -32 47 -51 -147 -744 27 76 -15 725 -468 -1519 -199 -341 -298 237 385 -477 216 888 -456 60 192 -187 -137 -79 622 -424 -575 299 -601 -1039 -574 -454 -735 -704 -350 -486 176 -46 852 -482 -391 1081 125 685 -990 304 710 -666 -287 -429 -399 -116 -19 1198 -938 1642 122 14 839 -451 -475 130 -352 -22 235 -699 303 -1020 546 314 -112 478 1253 -611 275 -303 312 -52 873 540 -526 274 420 -1146 -155 -49 447 -698 -56 728 467 187 245 -56 698 566 187 -757 -285 -170 43 -214 -73 353 -347 -364 -188 469 -421 928 -4 6 -122 327 48 308 -41 -1218 -1097 498 63 556 -503 ]
[478 -532 550 174 -242 -740 1075 262 -354 346 -547 -1386 2 510 -372 598 -200 -990 910 730 -298 1172 343 1037 -9 483 95 569 -184 -631 -282 536 680 316 -113 553 964 -533 -88 65 78 -388 -1308 197 -1147 661 169 -1041 177 674 180 509 866 -445 -837 -301 1419 -155 183 38 -836 -114 -315 -267 -846 242 831 484 -220 -724 -809 -120 -839 213 127 -619 -1443 148 537 -825 785 -1000 -283 -964 628 214 -680 49 -581 742 232 284 490 -602 -235 170 -438 -476 -585 676 -878 202 423 446 448 34 -690 51 -1352 219 -472 451 -246 1083 315 -255 -417 -979 590 -140 -220 405 -314 313 -233 481 964 237 ]
[-570 -907 -509 -538 -225 782 1210 462 -526 -453 427 -477 754 335 -560 -207 -430 -349 303 545 610 967 562 17 -215 420 -598 5 260 -747 -51 389 -149 -56 140 -135 -209 879 369 877 397 506 -979 234 -536 110 123 -202 -832 223 -86 475 -58 -31 -641 -283 181 393 -73 -517 734 115 -211 285 -259 767 1074 -46 -101 -1048 -859 -756 -416 -704 -180 -136 408 -996 -950 30 -258 461 -397 -846 -524 -341 -203 -324 -330 720 999 2012 -782 -280 362 -495 -1667 293 545 -193 609 -548 -562 816 145 441 501 -255 633 720 -875 -687 465 0 -657 717 288 -1364 483 -627 217 1090 80 -253 149 -299 -228 -1 ]
[-1425 852 151 -55 223 433 -813 -227 -1075 1155 -824 170 635 -860 -995 590 93 126 -805 -321 -275 -397 157 -256 1533 185 31 -368 -437 68 617 -372 -414 218 482 44 468 -809 -620 -95 -90 183 -34 -1062 -6 395 456 -622 877 -920 71 240 -445 561 499 78 -192 -100 308 -316 349 179 -1207 424 275 -344 421 947 -372 291 890 526 122 -94 387 -874 260 437 -432 -184 -83 -924 77 1314 148 -593 -11 413 327 110 -286 -357 913 522 -105 464 181 227 -888 -162 -620 739 73 1419 -205 -654 -29 890 163 -333 688 -494 -801 -49 525 -411 325 1163 428 882 874 -56 127 10 -72 664 322 507 ]
[-352 -329 -798 -1162 338 121 -472 1007 -505 -562 966 1517 -624 325 609 -968 -649 671 -499 -722 -997 -373 -379 31 -920 -1396 373 400 -275 -173 1 -803 -336 331 -666 431 301 -84 -152 332 -900 98 702 383 -417 -16 -435 43 535 -497 -599 -248 374 242 527 724 203 -694 264 -289 -616 -430 484 369 15 518 -425 -31 364 776 -366 701 298 -721 -469 1698 869 310 -380 145 -222 283 284 -247 -208 8 152 -326 -707 -7 -815 -433 802 -744 -186 178 131 -406 210 89 -453 536 -434 71 -186 717 -139 339 873 -674 -204 -294 -242 -515 765 343 -194 216 520 303 428 518 -733 67 711 297 73 -302 ]
[-584 -345 -567 114 -636 504 141 440 -382 -216 320 -402 372 67 -322 -52 769 -424 92 404 -668 151 154 395 -112 442 -564 -825 -313 409 702 862 -446 -246 795 -299 421 229 309 -1180 797 983 174 -71 -706 156 -764 -653 -147 895 -1022 -1321 -320 260 190 -10 -151 442 -549 -1136 537 248 81 -779 907 -111 1124 -914 64 -362 -124 -979 -490 -304 310 -261 -78 398 -289 258 -644 599 600 11 -521 1030 -724 -1293 1460 429 289 -541 -298 -408 374 -261 -480 564 595 -262 -920 667 773 347 264 -232 476 246 88 -259 939 -957 321 400 -974 306 1061 137 -508 -1031 -686 -1000 313 -65 -261 520 492 98 ]
[-9 1118 -474 88 -177 -516 -514 339 -1136 47 782 -756 -725 72 -485 914 -50 -627 -294 -342 88 -206 -1030 -628 932 116 377 209 -393 221 920 145 233 1271 101 850 -121 -427 -209 -566 -314 -167 670 -149 -446 393 -796 -376 104 -220 245 339 1057 416 467 -388 -259 -733 -1047 632 -554 801 -895 104 473 356 844 218 -254 492 802 -932 681 -22 336 326 -27 -350 303 354 -435 -1508 10 -65 -229 -907 -153 -380 272 -432 -301 -487 1367 742 -151 -233 59 309 -1300 -268 -1351 193 31 1513 471 140 -1115 696 -465 176 -64 549 -34 -746 -1110 400 14 251 -280 86 792 1115 1003 -147 -303 1071 477 -5 ]
[219 -105 825 -494 305 56 293 -1122 115 -218 -542 -774 644 659 114 467 -1022 -636 444 1772 887 301 1208 -48 681 -636 -1099 1160 -190 -1094 -510 211 77 -21 -403 98 -1443 347 808 -121 405 837 -951 556 818 497 1432 -451 430 423 882 799 16 -467 -1304 -321 416 154 651 -502 112 533 -98 -371 -18 587 -604 862 -578 -439 -450 -366 340 753 82 -591 -601 126 -93 98 824 -552 -476 -266 939 839 -25 -63 -486 255 1079 167 -182 -334 -454 125 763 -86 -495 943 578 -855 742 99 -340 -255 148 -361 -846 -134 -419 551 1108 -104 549 -906 -345 -244 -388 100 18 794 43 446 574 -428 -465 1272 ]
[-342 150 22 -208 619 -113 -403 -549 398 2109 -43 17 96 -186 320 490 1084 -189 625 590 -381 849 -269 541 -83 655 -317 -413 -608 -228 108 862 812 99 469 -63 341 -274 -118 -109 304 -337 -94 -1212 240 618 -1278 -883 550 83 165 1019 -332 210 1303 342 565 628 -661 -586 -360 -343 -397 -550 -76 571 564 781 304 -145 599 661 -160 1127 306 -1382 -815 -717 -37 -1285 150 -637 -43 -578 537 -24 509 -114 -287 118 -1331 -1396 749 188 -742 -598 238 -301 -1743 539 -69 222 784 618 566 215 192 338 -878 425 114 651 -562 -861 149 -660 -388 -664 1014 694 -1449 -407 959 511 325 -381 526 1070 ]
[445 -66 -73 -729 -42 -644 -122 966 -327 -50 861 1175 75 474 -243 -131 -441 162 211 132 -536 -228 880 397 682 280 -815 -1089 -637 266 549 -1341 -762 145 736 -259 80 233 25 -1536 20 848 -501 -419 -390 124 -143 -872 -176 -1041 -576 305 -759 -1544 -34 81 -8 52 -254 -614 284 -353 -811 -231 -373 -292 -172 466 114 -1244 -602 -602 809 1038 37 -1021 821 828 -4 214 82 90 -9 700 193 134 407 -663 562 914 -257 996 713 207 632 189 570 -216 -531 -302 -287 613 175 -300 -1016 -327 -727 706 1068 -139 89 -239 1078 512 -595 -105 342 696 -1093 -501 298 20 608 -636 267 -170 350 -176 ]
[383 -966 -69 774 -638 339 -1039 1543 -543 -378 -626 -575 159 235 -637 437 1121 -437 410 -139 -529 -387 484 -983 -518 1094 -143 -297 -780 73 -474 -781 57 -122 -137 80 323 545 130 -271 1043 600 100 -191 968 -286 -787 44 530 832 425 -59 -202 405 117 196 483 -416 -350 -1012 849 344 399 -673 779 1037 252 -1194 120 930 338 -921 -692 202 690 -1454 -263 -356 -217 247 92 -551 -14 1024 201 -579 320 991 -662 481 1033 512 122 795 -102 -575 -122 -917 56 -224 819 725 213 1204 281 -1027 -693 -226 -448 359 -146 262 -348 -622 -879 272 -727 20 -201 527 -374 -64 -361 267 -37 163 -1399 294 ]
[644 500 114 330 604 210 830 570 46 -82 -1636 -735 65 -624 585 -263 267 -2 -995 -2 178 -218 -522 1792 -333 -351 64 -248 -73 -971 970 -321 320 -387 -22 -244 -319 -101 536 377 -298 118 -400 251 -395 -31 578 270 469 280 807 -368 -387 469 -1346 -8 -383 369 203 1029 497 924 -189 248 0 -150 -124 -166 -1212 479 224 168 -284 -887 634 292 -12 -242 439 -217 -304 843 -255 -157 491 556 -180 220 -1416 -405 -950 -1801 -187 617 217 1399 105 601 963 391 1244 412 -559 -378 -666 -780 361 -568 -818 -544 -637 -265 -240 174 1074 -1720 -1110 -204 -58 1165 -79 -820 312 684 484 -181 382 1231 ]
[458 -336 -477 -361 -529 9 588 -47 272 490 407 142 557 323 -1406 77 279 -26 -409 92 -1319 -887 580 -338 292 -856 196 110 -308 -243 -631 -193 -16 -292 404 -444 -156 -107 -355 116 165 466 -778 -623 -106 -268 324 137 -300 -254 -1065 -487 -453 94 -69 -155 427 275 276 311 420 133 -212 -42 -282 -1544 -285 311 628 -147 -193 302 -1134 517 -29 -931 184 805 -23 329 16 346 886 890 1299 325 -502 -98 43 577 1187 -190 122 -57 130 -398 802 144 -374 -828 -9 350 21 87 -395 759 327 262 1758 -408 995 12 -173 1178 1143 -157 189 1195 -276 226 117 -922 -679 -718 482 354 -371 -6 ]
[-476 -841 3 307 915 -419 -1195 839 1034 157 431 -284 -631 398 296 -467 -564 620 679 383 522 854 -32 917 -1111 -6 -1039 -344 -36 -324 -440 -46 11 -727 828 40 741 -356 454 -489 -411 -417 338 745 -184 -612 -1054 -973 10 521 838 -387 -237 -483 -554 -378 -787 -957 -756 -948 -1607 453 -301 -6 528 126 -1602 -260 -391 621 -319 -370 -114 -602 -21 29 -66 218 -146 -473 598 -118 -293 -777 106 -249 1235 -82 81 247 159 15 -615 787 379 460 -307 453 -21 -275 -121 -627 221 -105 142 -1042 -705 -404 -300 -231 -429 -170 151 -309 -227 -708 -763 -148 15 -937 39 -86 -22 369 -889 -315 194 -78 ]
[-930 -249 -830 695 -966 -362 -122 -45 -81 6 -370 -459 10 375 -347 -509 -1022 352 -180 -1267 257 -274 -275 185 636 820 104 -476 -409 439 61 -892 -500 -234 484 -147 566 -320 -184 -186 -1111 -85 -144 1654 -24 -699 -981 393 846 262 -424 -421 314 -82 615 -771 -523 -1446 -1272 -404 -955 1441 -1194 -97 716 -660 -46 442 -468 -405 608 -53 236 -592 537 696 -514 682 42 -114 -80 -788 -506 682 -262 -1402 966 824 -22 -152 -721 24 280 1189 509 533 -989 455 -5 212 -1493 -675 -411 2138 307 -165 -947 177 244 -80 641 -133 -535 -186 -103 -320 -675 218 -1013 -203 1246 361 -24 -97 -254 -34 -197 -96 ]
[686 -24 668 260 259 36 996 -122 -3 38 -786 -513 464 164 -267 244 752 126 -691 573 46 -662 874 1201 192 159 -718 441 53 207 -243 788 136 169 -430 677 -454 707 731 36 -198 107 -259 -753 838 -167 212 593 -731 64 157 -656 -178 241 -708 359 496 1088 -597 185 862 1076 -128 443 613 682 821 -809 274 -97 406 8 376 226 286 -940 1038 -574 -445 479 -507 1813 193 -955 421 61 546 -260 30 349 231 -256 -52 387 173 420 -117 273 263 -67 301 -443 -196 -565 126 281 656 662 215 -577 -334 211 13 456 -602 529 -724 164 202 793 -227 -1212 -19 168 -721 105 -631 -1066 ]
[816 549 -211 603 -279 642 -260 -973 469 684 518 627 -383 195 111 -4 216 1091 -502 333 669 -275 258 265 -452 -391 -145 849 452 -436 -824 123 307 435 -36 -165 330 -339 275 24 459 -378 266 120 -369 892 193 -235 -693 242 1068 -559 821 660 539 551 -945 61 17 -196 -807 -476 -682 233 -553 14 -681 537 -277 -905 1 42 -311 -201 -204 -340 612 -1208 13 438 -78 402 -194 -691 -259 -184 -613 -956 -549 698 932 -545 -665 222 -315 -266 491 77 1678 958 565 381 -197 -448 -266 -902 406 -459 640 -12 329 276 -591 1601 536 -364 -52 -144 -522 -642 6 -523 -165 -690 151 -901 224 501 ]
[421 395 -894 526 -37 -609 375 -647 113 405 -408 -827 436 -106 -937 556 -199 -398 -515 -256 -1816 -837 184 339 86 -556 -522 -108 -529 -360 259 907 -623 1312 228 524 -428 533 -259 -82 -113 836 288 -1090 305 314 -588 -612 -473 475 -376 604 1115 663 -674 -831 337 -162 98 -477 196 538 -732 302 155 -410 1314 347 -320 -224 1686 196 231 866 329 -597 13 -94 152 -298 110 -155 -305 1143 -8 452 -619 -149 414 86 -86 -3 897 169 -350 169 229 -174 -167 -612 95 903 -832 365 1087 577 986 964 1226 450 908 615 499 753 -14 759 -191 801 -301 214 -752 -982 -16 -105 -20 851 291 -154 ]
[-242 761 335 -223 1054 263 -588 739 -1275 -597 -216 398 -411 -758 701 -501 192 822 555 -780 -583 -472 -407 -188 535 -783 1073 -392 -331 -486 960 449 311 973 301 957 904 223 -526 603 546 -347 145 -197 -168 1309 -672 -83 -615 -1423 483 -835 903 -600 1020 -683 36 -490 -818 900 -1096 -141 526 313 -19 492 -1047 4 228 -357 836 -868 757 -98 110 824 93 871 -1167 1043 204 -60 -384 570 -801 888 -609 52 110 126 -966 -236 -25 -613 -615 -888 -247 -1001 25 42 171 -675 -243 -802 -304 103 736 -341 -307 388 928 104 408 -1133 154 69 654 649 -553 -322 -646 4 1105 127 -479 1341 -36 -1208 ]
[-446 -776 -788 819 -738 -174 -61 88 123 460 -805 -257 570 -370 -575 725 44 164 607 53 -229 -611 943 -4 -517 616 688 357 787 253 -331 -461 -79 -975 -411 -1188 -1108 -667 497 384 899 -116 -289 536 723 -815 -200 252 52 1293 528 425 -1037 1088 240 40 -812 871 1255 -907 1268 173 358 -166 -685 -228 503 -183 66 974 788 -506 -1600 -970 266 -717 18 -505 -288 -301 -683 -42 -408 593 -197 -234 622 34 246 -447 886 -151 -1004 535 73 -850 -699 -598 79 310 1083 -439 -153 -681 670 -796 79 -124 -239 382 -90 570 -120 -420 140 1599 -275 -514 11 -671 -462 -1480 -66 -412 32 -122 -927 823 ]
[-442 458 771 -131 159 -512 195 412 -889 -1009 -1057 -72 -177 5 1443 332 -225 -149 73 -311 546 -595 -66 178 700 -183 219 216 480 50 1081 -342 124 -147 -252 883 -896 342 132 -87 480 756 -343 -82 824 337 -591 613 445 200 127 203 595 40 -430 731 142 589 98 -165 11 226 832 -392 -344 646 -437 -640 -280 172 581 -226 5 -479 -361 676 439 -550 -17 308 -393 -198 -294 167 -810 869 -472 -199 427 456 -570 -297 131 104 -552 -4 350 -335 -95 -225 248 92 646 428 -369 168 -334 -494 -65 -1003 120 574 252 -363 200 -432 -87 -174 -535 -262 -153 425 125 358 -395 71 33 -264 ]
[-156 1018 -714 984 800 157 -572 -396 777 275 -347 189 -1232 142 94 -435 -93 803 223 -955 -307 -208 -750 1137 -2015 273 -342 -685 714 187 -950 -411 165 -349 750 412 694 363 -673 359 -1059 -518 842 -265 -1188 -1021 -236 -288 714 634 -86 -931 -16 191 54 331 -717 -866 -176 271 -435 -937 -303 -431 815 338 -444 -220 30 487 214 821 325 -1236 -467 -179 299 -535 -716 537 572 713 568 -363 -347 -66 1083 229 -239 353 -172 -572 -101 -824 -64 -127 452 -710 139 125 248 -808 -70 -442 146 52 -81 -1065 24 437 861 -451 -1205 -653 855 -287 -1226 -104 -54 -394 71 -220 -591 181 -958 -164 -450 37 ]
[-54 -511 248 488 586 84 1233 688 1000 -421 352 3 199 344 -485 304 833 620 -362 -243 1119 859 228 12 401 1109 175 -639 -224 864 13 437 -573 -633 -357 -712 11 1008 391 758 -232 -743 174 -143 234 -393 278 593 137 578 -197 -232 -367 -830 -253 75 -92 -55 122 406 1203 801 -665 -366 465 -536 -271 -138 251 -149 -219 468 339 -121 -538 -1181 419 282 480 103 611 147 362 -111 -277 -783 229 601 651 -1041 103 694 -721 436 520 44 -200 -440 -1035 -829 -506 -626 -76 -207 321 361 137 8 -474 268 -493 -960 69 317 -695 10 -241 -127 874 198 156 -717 725 26 592 408 -151 -1019 ]
[-846 1466 431 825 812 -826 -309 1084 -620 -751 -11 370 -1077 -550 -431 -25 423 -179 -630 -415 84 300 -33 287 133 -312 -645 -75 -468 29 688 463 -107 -88 141 223 605 952 116 300 -342 410 779 -165 -46 12 -319 632 -474 -722 -431 466 209 -808 -523 -567 532 -221 -882 776 471 1264 292 -697 1118 174 616 -1091 -187 -41 205 -483 858 152 -339 1113 -126 1251 412 61 -275 -244 -160 -162 -442 -215 433 860 114 -810 -348 584 1246 100 603 760 23 313 -426 -1739 -688 365 -903 -41 -354 -226 68 478 -60 -4 -166 328 1049 -927 -462 -311 254 304 991 743 13 870 -397 674 -34 1367 -597 -509 ]
[487 -583 628 -370 993 -731 365 112 -310 -597 -65 -680 -375 1070 1330 28 128 -513 -156 304 819 468 -255 -774 -539 -1148 60 -257 -194 -438 -149 76 253 -152 -230 527 1240 234 -476 241 62 -1235 81 236 89 696 -730 346 -503 -718 355 -137 54 -446 -746 37 -727 -50 -504 737 -1206 -109 -293 -207 23 723 -757 -1172 678 -176 -91 -412 84 589 171 414 -431 -503 638 23 784 607 -630 164 248 604 -195 -207 -757 31 -43 -1019 -183 84 206 409 -362 66 185 882 -5 332 92 -725 -633 -71 523 282 -631 -87 -1179 -329 235 -537 267 -862 7 338 -116 64 169 -131 -154 -124 -513 -535 94 -1521 ]
[130 362 847 264 -180 -1215 235 -785 340 -1313 167 489 1027 -717 26 675 -522 -697 1052 -497 46 -29 -1056 888 81 -99 -76 916 686 824 576 -721 787 -38 76 79 -1389 -837 -406 5 788 -1165 177 1266 463 59 1065 192 134 7 -298 -769 319 -1609 119 -407 439 -558 -243 968 -241 163 -204 -21 511 -395 -881 -858 -1465 -1031 -1191 -380 -399 -321 192 509 -591 717 807 290 -783 -450 836 -749 1244 -1287 1282 1150 -459 41 34 381 -141 854 338 -379 1265 331 -503 296 -3 -444 248 598 -386 128 -1054 74 -1272 -779 216 292 872 -705 -498 -985 -862 -92 -346 -966 861 676 -437 302 -1120 -839 -80 -561 ]
[-338 652 2 224 293 -529 -917 -496 -511 -37 107 368 -98 -349 -651 -112 -255 -1176 300 588 -538 -303 165 326 26 -251 28 575 -154 1566 -219 1 769 -48 -253 500 -602 20 -630 -939 -247 486 -502 39 57 29 31 139 598 -589 -675 123 -232 41 130 -195 530 659 105 -233 48 -505 -81 -304 2190 -23 978 318 -652 -1462 -363 -460 -75 415 -418 592 -622 1752 329 -822 -590 -173 499 -154 246 -112 -55 -613 -262 -396 -480 -90 1242 -281 -499 295 806 921 -1060 493 -1465 31 -450 392 471 575 -613 339 -761 -958 575 477 689 73 -254 42 -188 278 -86 -271 -470 23 -586 447 -209 707 -117 354 ]
[77 -153 400 707 -265 -103 -490 1085 467 -287 -692 -1116 -738 -849 -292 999 -711 632 34 146 -40 370 614 80 775 758 219 377 110 182 153 527 -467 374 -706 -85 -1368 80 723 24 -31 672 354 -630 240 -718 -699 -156 -515 519 692 599 -16 -771 194 618 665 333 -968 -447 1026 -168 80 -204 313 -200 -467 -618 -435 1216 -257 567 926 -365 -232 -776 -618 -487 -189 -339 -267 -651 -681 -29 520 -301 912 1111 62 155 -214 -20 1216 1097 470 951 1093 -1388 -1102 -88 -114 -86 191 -23 479 -103 141 251 -1859 -716 -1063 384 -273 5 -14 192 -999 -560 214 809 -671 -339 373 -324 232 648 -454 633 ]
[-721 284 292 1264 4 -360 281 180 -127 -116 -1071 170 -1178 -811 162 504 -227 -158 1481 227 -294 -569 154 1614 225 360 106 532 508 -582 373 302 332 623 298 1027 -750 -254 441 -476 -230 255 150 -546 546 -71 -879 -59 547 -30 -348 99 -1957 232 112 -25 131 549 302 -667 -117 -111 207 217 577 -653 195 251 -1056 589 1146 -355 -168 -784 -378 1155 -615 -37 -264 103 -1041 654 327 -1231 621 223 -582 -437 -80 -660 -457 -190 212 -769 -125 767 -10 -663 693 -797 -195 -1586 799 -819 1098 103 574 298 -797 -47 473 -268 1077 601 718 -469 -270 182 253 -715 -1519 -389 -159 160 -832 715 291 -464 ]
[-1006 -398 149 573 345 123 -928 194 -658 -37 -977 -187 458 -876 -1097 536 -235 -752 210 599 -1155 -322 635 -11 126 9 -33 290 -152 434 1298 -582 640 101 -631 -912 -148 -1011 -84 154 880 416 -736 -1121 -346 -504 -73 -75 160 -839 1219 1382 -312 981 55 296 -514 1318 847 183 1715 156 -381 -119 -61 -448 919 535 -752 931 438 -115 -648 -343 449 -256 -140 -380 -417 190 280 153 -875 643 -69 -1102 498 -483 -617 -23 -401 0 -243 1517 696 654 -914 -326 774 226 1484 893 -128 432 88 -1620 961 892 467 -559 -753 482 -242 -160 603 203 -369 365 403 66 -58 -275 520 -441 332 1208 -337 904 ]
[91 420 435 431 303 -101 125 549 -350 874 -428 1072 20 361 743 -1128 1051 -573 -104 -898 -588 -958 -564 1307 -721 -622 4 -670 -226 31 1593 -505 839 183 293 324 699 -198 -142 -999 -199 415 1046 146 -465 -265 382 743 287 -103 351 -660 -676 -285 -188 -335 -1043 -31 379 -292 -87 692 -177 -336 356 -503 1263 301 -1007 -839 805 -112 38 265 -649 230 166 889 400 -415 -878 152 -253 671 127 -287 329 817 756 -1532 -1744 -506 104 555 429 449 -19 -75 200 -550 -678 878 -564 366 228 -141 -29 472 -863 -181 229 -826 724 -1110 289 33 -966 836 -94 -156 -836 -220 614 -831 78 623 833 -785 ]
[146 164 -377 222 -773 -136 561 670 848 -1000 -526 369 555 281 -501 274 74 -719 1608 -6 -350 -468 604 -406 41 -510 -302 38 -73 175 355 -1315 173 244 623 -535 -688 -1604 -492 -265 1357 580 -1212 644 -280 -1208 1768 232 -714 -72 -561 -518 -221 454 -914 924 200 967 936 622 598 -214 114 272 930 -138 -93 -599 494 369 -704 428 -66 -69 77 2 50 267 844 784 -211 940 839 -808 1325 -440 713 446 145 910 714 90 -1151 305 -18 -804 1126 407 211 -1162 411 -942 397 510 605 985 -379 -172 977 -1378 359 403 154 252 947 745 -929 -140 -626 -272 276 -826 -1010 -481 -1027 -347 -276 -410 ]
[297 555 507 -1195 139 -310 256 -496 269 -210 387 -572 126 -254 292 785 -306 -1433 -660 935 474 1218 780 21 754 -476 -93 816 -764 289 161 261 -176 216 -307 -176 -527 177 485 761 44 271 63 -327 454 631 -758 384 -545 -142 447 1334 1180 -736 -471 -217 -440 123 -556 246 64 604 -217 416 -347 -52 -304 -66 231 -1023 -1091 -1105 844 1066 637 829 -65 -92 238 -643 1017 -229 -1092 365 -302 190 -1015 -415 -879 -464 -513 600 30 932 289 -561 -449 338 387 525 -283 -25 101 260 -761 -50 -495 658 -57 415 -1060 234 333 26 -225 -1147 800 -51 234 100 456 652 865 573 1443 -540 957 694 ]
[-613 -387 -917 -1075 274 157 -1132 -160 -48 -159 556 -102 -26 161 -1051 -409 -427 -412 -279 544 1301 1049 -207 -1002 -43 -407 -1035 86 -471 326 -603 -669 -405 -286 201 -1132 195 541 -305 -333 -193 14 250 1029 -661 460 -58 -716 523 -533 -191 50 -60 -236 315 -1248 -653 -63 -382 -798 -543 -339 286 172 331 631 -1569 -1003 61 228 -1056 -1403 -304 -177 901 460 -229 118 -141 113 574 -997 35 51 -702 584 111 382 -235 943 1131 -108 -54 647 800 -271 239 33 433 622 124 -75 -599 253 -619 -197 -293 -186 47 300 250 476 1677 -9 -432 -256 565 -240 -59 -1052 19 1575 -1299 -59 -586 -447 352 758 ]
[-335 -349 -771 -131 182 591 849 190 151 -905 -8 -732 623 327 576 334 -218 528 -857 -205 118 370 270 -1020 923 319 -218 -467 -501 -246 68 107 -777 665 59 201 594 383 -552 243 339 309 -349 232 -175 484 724 184 756 325 221 -93 562 367 -269 -538 -140 -195 167 401 -1033 701 -367 175 17 -857 -1380 64 -202 360 28 387 197 338 1269 364 -121 -297 226 45 1104 483 -81 298 -688 -266 -450 -168 119 19 -366 21 -472 -506 222 328 -1255 -563 760 140 496 330 -815 -87 -381 26 1065 -460 1480 265 61 -590 327 423 -51 10 1262 539 -131 -653 501 -727 -25 529 -367 -682 181 -512 ]
[-500 355 -1003 120 401 673 -1091 639 -517 287 587 779 -34 -446 -1031 57 506 -446 171 863 -32 759 693 -1473 526 1142 352 -164 -690 802 1222 688 400 179 -361 -452 1018 -616 232 -630 1047 199 723 -498 8 -274 -222 -185 -206 -1042 775 202 -70 -275 1256 -523 -1540 -93 598 -79 592 -572 -62 -601 588 166 -876 -282 357 1184 -1171 -200 -482 793 791 -502 83 -911 248 -225 -104 -573 396 234 264 -1406 -107 883 583 -413 288 -117 -720 407 987 -69 -155 -117 -413 257 99 1253 -1445 453 -647 -1052 343 820 544 -240 -718 -421 -450 195 -208 120 504 404 193 -49 97 -936 24 504 530 -58 49 -106 ]
[-395 1050 137 164 103 376 158 -146 -451 -325 -1209 407 -186 652 1053 200 364 27 417 643 -224 331 858 -470 -359 -606 -1027 530 -459 124 588 241 -384 59 -551 1575 126 495 101 -89 767 209 -479 314 -353 1038 521 622 116 635 815 -379 261 1001 -75 612 -50 944 -318 -627 -1514 -714 255 -16 360 403 1244 205 -75 255 631 -536 854 -546 323 1080 -449 -461 87 723 1109 876 546 -1354 -847 944 -190 -977 852 385 228 -1058 670 -1038 -763 319 -457 -982 291 -328 -82 -735 342 -947 -954 -266 1123 -590 -114 0 217 31 573 -1391 97 903 460 -694 -388 -547 -137 -219 1032 536 -20 791 -390 220 ]
[-922 -761 116 1076 -95 138 -323 648 -312 -264 -49 -139 -1041 -805 -175 144 -734 -696 683 -24 73 423 -210 -1100 1249 1014 184 417 -733 896 454 248 -808 -208 -1300 51 -317 -346 236 -204 -122 -273 361 -71 585 -914 -313 405 354 20 -387 31 -983 547 -249 52 -287 -1003 -244 -423 746 1327 -236 441 1496 -435 300 292 -275 35 327 235 343 60 -67 1447 -889 -1232 -578 -406 -671 608 1034 696 -194 -591 -315 -507 231 -1290 279 -697 124 952 236 637 -510 349 272 -252 -95 759 -881 -403 853 -504 828 264 301 -265 141 -915 114 -542 30 -516 -277 726 209 1129 361 -659 -517 799 279 195 -615 -937 ]
[961 441 -202 -351 659 79 -779 -140 456 -694 -1521 -173 298 -332 976 328 -469 -113 837 -86 357 -679 315 -217 210 264 99 -1162 816 589 218 -381 -297 854 1165 251 -78 -60 637 -448 457 494 -817 -333 606 87 176 453 -269 -396 397 -213 -55 70 -234 -602 -611 99 -766 824 -113 -1426 1061 83 -86 761 -728 -896 -203 251 -67 -406 399 524 711 100 825 -270 234 -173 389 445 -529 -900 1124 70 286 -688 599 289 -698 -122 -416 -205 -482 1 232 -172 42 1367 742 678 91 -970 134 -638 -385 -158 373 -857 358 -531 692 -1 -864 830 -69 230 -1527 -197 -1141 -862 569 -124 -1093 -633 -387 -515 ]
[-616 328 202 1135 -570 -497 -701 -1418 160 1182 -742 37 -671 -100 337 -39 651 -335 102 8 -729 -50 -1312 781 -750 423 -437 1248 -387 1523 -789 -152 -250 131 39 -181 -558 -275 -253 494 -628 -374 893 -170 -295 -1111 49 647 280 912 -903 -209 85 1222 71 321 808 139 1325 -601 -1473 -601 -87 -76 858 -990 782 498 -230 191 114 657 347 -13 -379 768 -1263 -697 226 -1114 -399 -140 1431 254 -361 387 -410 -104 712 -450 -411 -590 1004 398 567 425 214 197 460 -479 184 702 224 -468 1061 624 583 597 -2 -386 1391 953 -88 51 1165 170 -681 777 860 -618 -274 -181 -818 551 -900 -550 228 538 ]
[709 1031 509 -297 962 160 279 -698 347 1195 302 264 -70 -768 -310 181 485 -509 190 73 650 1092 359 259 -211 707 -146 43 -720 -1086 -687 1391 953 -243 -526 411 88 556 34 264 432 -1025 533 445 435 493 -226 -693 -322 -1247 548 -326 -498 -1565 360 -1104 213 -463 143 -311 -816 -368 -140 -77 -914 583 -1252 72 243 -480 -905 252 107 -208 515 -719 -460 -890 88 -204 -251 168 -2 -472 -120 -218 -897 1148 -1170 287 470 128 -696 -128 623 35 -440 -766 147 950 525 -1503 430 -495 -1106 -435 1031 -262 -1200 1145 -336 86 364 249 434 -1979 283 474 -110 234 107 837 381 501 806 -1284 -28 69 ]
[389 168 149 731 113 -422 481 906 314 -187 761 228 74 -2 -522 -22 534 -140 292 -330 -318 62 -535 -14 -39 -246 225 1019 -1134 -404 -659 -138 81 -221 483 -727 -93 -316 -194 -368 739 -881 120 342 237 265 -1646 -62 -729 493 -590 -513 112 -519 357 -561 801 372 -894 180 -1174 739 371 108 -136 -10 -1193 -748 -37 -1085 257 -732 -1712 831 515 255 -887 -187 1 -1172 -487 -30 634 -974 439 -632 -463 27 -820 463 374 -28 -459 774 309 -965 -680 38 486 -742 497 -95 -306 709 450 758 -6 -214 462 -710 181 682 1009 1032 -383 -202 -584 303 -37 -175 -406 -301 -471 778 -304 -707 -309 -355 ]
[-206 -496 63 -78 -518 440 -223 -762 -349 111 -199 -404 1313 290 -1152 -202 350 -1195 351 269 -328 -293 -412 401 -348 135 -62 612 174 850 380 -142 150 -492 -645 77 -1046 -426 510 -121 592 305 143 -304 97 75 810 1271 709 133 -95 534 75 11 -716 655 407 -145 869 115 1510 -162 201 275 487 -513 -27 -503 -840 -3 -666 -166 -1726 -73 1022 481 -242 409 179 540 -310 275 616 747 1318 -996 -99 -476 -717 841 -373 -500 -410 762 135 -471 1542 91 544 269 905 721 105 652 -278 170 -582 688 974 -966 839 -273 645 99 127 -885 -442 766 314 340 56 -62 -495 -483 1778 366 -549 935 ]
[133 67 1001 -320 -427 -272 699 -371 566 -958 100 -793 -666 464 491 91 -319 -510 -289 516 577 -139 500 -428 -443 -657 43 934 480 -92 61 -604 -16 1360 -1457 -297 54 135 -425 672 -95 -298 293 467 178 -258 947 575 -293 273 1300 77 1206 -331 -1075 763 558 -56 -23 1031 309 152 -450 -76 -131 -386 1866 -106 50 -982 150 1317 1373 399 -675 1156 -964 818 672 565 -143 455 -1016 562 -638 -44 -295 154 -335 -961 -837 135 196 1393 -375 -67 -602 219 123 164 -719 48 -599 59 287 432 -923 62 -995 63 -1158 -71 -636 272 -63 7 -324 -1042 -613 664 68 479 1213 -1296 329 -147 146 -515 ]
[-971 -473 -453 -458 827 842 -767 342 -256 624 1351 195 58 1164 -337 -1371 1080 961 -468 -262 -208 300 -430 -815 -1282 109 148 -571 -463 491 -169 -698 -86 -480 1038 564 2089 25 -743 -483 -462 -133 467 380 -1399 434 -292 -231 276 -442 -15 -280 -24 534 723 383 -262 199 -400 -748 -1183 -726 182 -272 332 -24 1018 405 900 -194 -807 327 -190 -225 -511 -253 324 1481 -542 -305 91 -88 -255 -455 -664 -680 560 552 -189 161 -1115 156 -283 -113 -90 11 10 133 -963 -821 -875 107 467 1067 -233 -348 -142 247 366 98 31 -420 -815 -271 -539 1183 698 9 228 -596 233 -415 1602 -293 490 1046 125 434 ]
[277 -1285 729 -111 82 650 279 874 77 270 1063 77 59 97 994 -318 968 540 312 -11 932 648 -667 -110 70 -859 -186 -488 470 -648 988 343 192 -445 145 467 672 689 -22 23 401 -456 -352 -419 11 -146 -574 290 397 683 1179 -621 126 123 -724 -699 29 -250 -529 -379 -565 183 218 387 -914 -197 -605 224 -518 -656 587 128 -1895 95 -495 758 93 -1031 240 83 384 167 -719 -415 -370 25 -249 -1110 753 -456 53 -575 -1183 -546 -243 169 -67 639 710 -592 226 598 -280 196 373 -503 1132 -1443 -304 -726 -1148 -922 583 938 -193 -689 615 -385 356 -679 -440 495 513 -218 -199 -87 1599 -164 ]
[-225 511 207 469 -860 -1101 270 344 -231 73 -496 -814 16 -462 -655 630 -529 -53 -73 431 653 696 370 -208 349 767 363 482 -54 446 15 1175 531 -881 -496 -584 -822 176 998 151 -12 -7 -699 -481 402 -188 -186 1094 -1304 -845 -720 236 -235 -517 932 231 639 273 -1608 85 728 -214 -349 -249 526 333 662 -854 860 103 -876 70 206 88 124 -691 -134 -498 57 -221 -138 -705 -489 -232 16 -671 1289 1167 414 1180 -48 81 824 938 503 5 461 476 -952 796 -157 -935 759 -197 98 292 -1098 1609 -1324 716 -171 1424 -637 -647 -1055 -167 67 -829 652 48 -175 1254 38 -494 249 76 -382 176 ]
[-931 156 -506 -1287 -392 434 1316 88 197 -707 -651 -133 135 708 608 260 -305 -407 63 402 5 -248 411 117 1378 457 -43 -180 141 -165 1153 215 -761 811 328 442 -615 413 -134 -478 -211 1308 -534 502 656 57 1204 -1155 813 795 -225 337 -573 644 -891 -318 -846 826 1765 -123 -98 498 -286 -807 268 -642 1015 937 -737 10 179 354 625 -573 -113 575 -130 461 567 704 -201 -344 0 484 -842 972 -827 -507 1284 -1043 -913 140 83 -264 -515 710 -727 101 302 -128 -898 -1457 301 232 511 350 7 -200 520 452 -108 129 626 577 -470 1030 775 -356 -769 -1364 343 -245 761 -299 -151 856 863 518 ]
[-246 -344 25 451 497 -180 -92 689 -1076 -1004 -110 1963 -161 -258 572 -459 271 28 1029 -726 -424 -943 514 -1026 171 -241 -416 -554 -971 166 1293 -184 -113 1156 820 1250 614 199 51 -43 137 1132 -376 -608 903 -284 -785 -292 -289 37 194 171 597 40 382 382 -722 190 -1015 -900 -334 101 576 -413 1165 585 569 -9 -452 -277 783 170 110 -206 -579 640 489 -319 -847 1111 499 16 -366 -308 -519 -530 737 -180 795 -1011 -477 954 83 -1359 -403 187 -612 -581 -90 -746 -599 -463 -188 -294 -245 -445 -6 193 932 -272 -523 -1338 -377 -1319 362 275 -34 838 94 -748 -956 41 616 -197 -129 1006 12 -1566 ]
[-91 -1 -853 643 162 -560 -742 382 -73 474 -523 -403 -694 -907 -519 61 -375 -1373 441 -45 -338 311 188 -907 1303 789 51 -191 -789 842 -486 731 113 -554 -420 496 -143 1170 -667 43 49 1132 507 -272 1287 -57 -1667 -299 -549 -337 -547 1010 -159 426 833 -849 243 25 -766 -325 559 1078 450 -1075 873 674 343 -808 468 -192 1116 -768 681 30 -129 69 -640 -1061 -455 -191 -216 -1126 579 204 -1113 355 1 837 -316 -188 368 441 1748 -63 289 -303 -174 -234 -379 -435 228 586 308 1413 799 702 131 682 102 841 649 393 661 -694 -553 -275 496 607 -267 1140 -1350 620 -183 526 -32 -1 -894 -179 ]
[-816 108 -32 850 -432 -492 -720 -682 -50 989 -63 -54 -284 -363 -281 212 197 36 -204 -644 802 627 -1012 461 301 1016 -210 282 -394 520 33 -385 -487 -459 -215 -809 -725 -1123 457 166 584 -964 777 463 -36 282 131 568 126 -294 -16 610 273 47 391 388 323 -312 -526 526 -93 383 -295 260 654 -330 -855 -420 -325 404 932 180 54 -394 704 886 -679 -399 779 213 -55 -71 190 -746 -133 -681 -140 413 101 496 -193 -531 551 16 794 611 -188 -4 -104 -1091 553 69 113 -1011 -889 -378 -126 339 209 -196 657 209 493 -996 -936 -776 0 1149 270 -344 1010 842 -270 337 283 -647 -439 642 ]
[1699 -499 141 130 -948 -1196 -184 685 -570 702 -108 -242 -262 854 514 288 -287 -897 846 630 -626 -493 205 -165 587 457 -618 -736 -40 -415 70 1064 158 169 559 1473 957 244 478 -1653 56 579 -467 -41 248 -436 -667 -8 -683 -255 -23 -161 -781 -62 557 500 472 498 -898 -849 -799 371 -519 -273 -521 465 845 191 -7 -254 81 -509 409 1082 154 -583 285 -1330 682 -966 -449 651 375 -527 826 483 -200 -985 589 50 181 -633 1166 -616 212 1070 443 1214 -78 -552 -808 968 140 107 182 404 255 595 312 -1181 370 73 -170 987 -424 -821 336 -123 -754 513 -292 -804 30 -55 -654 -579 881 -905 ]
[230 235 35 -429 365 523 623 -763 -218 699 1197 -61 257 763 -225 -25 1054 357 -837 292 -866 -330 -481 -521 -811 -275 894 70 -795 -1086 -1400 -15 540 384 -254 463 -32 886 109 324 -80 -607 713 -589 413 782 -743 -312 -752 -445 -323 -978 235 0 979 530 968 503 291 63 -725 -662 -549 -1270 158 -616 93 229 577 639 107 -343 1050 826 162 -998 -559 738 -491 1046 354 102 949 -165 307 745 -435 667 -30 369 349 -293 1295 -911 323 -1103 540 -797 -1023 84 -233 -327 1895 26 -404 841 1193 299 -1144 1507 362 -566 -205 -506 378 291 1363 220 189 553 -678 -535 730 -224 486 671 -1253 -587 ]
[244 311 270 125 -1424 -335 1039 -473 882 69 14 -669 828 540 1033 227 -48 -872 579 284 474 39 89 -307 1254 599 -335 -524 -395 -627 57 247 -503 134 686 662 324 -422 121 -906 -24 429 -347 -693 -345 -119 -574 679 -367 128 -835 -404 479 -808 789 366 537 91 -1122 147 -1051 -393 -168 56 -653 -1232 789 660 283 -1295 701 916 1628 1351 -513 -240 -508 -67 272 -422 56 -378 121 -231 773 489 262 270 1007 -154 35 -194 494 327 18 -420 272 -499 -705 -876 -1651 362 1103 868 188 892 205 330 -67 -183 185 -516 -456 1173 -324 396 392 -264 -304 504 359 -252 1145 -113 512 -480 613 -621 ]
[-762 1636 -74 602 52 -402 -14 -39 -190 1072 327 1471 -920 192 -186 424 737 452 -521 -318 -217 -419 -48 1055 39 -39 -116 -676 -1015 -802 -5 -743 515 -201 630 -637 262 -438 372 -583 -515 -336 -18 -922 -49 614 -692 -1191 -89 -188 -564 -460 254 -351 476 1045 595 519 -441 -235 -139 583 -1177 215 515 -233 66 991 36 -364 1203 -48 366 229 265 -1647 -193 549 148 846 255 -1284 58 761 -517 246 464 -46 755 467 -119 -119 1097 265 -379 239 113 288 -320 -192 -257 -1218 773 78 -42 45 -690 584 -218 790 451 1153 116 -541 -305 -314 572 575 -55 251 -486 848 -471 -821 -711 1223 -488 184 ]
[411 608 787 -153 761 -332 838 422 -39 188 95 -222 -758 -687 -422 -9 -621 154 -388 -62 -181 909 -47 1124 96 320 -53 269 -1090 209 -99 -161 -503 119 -191 -327 -421 -148 537 218 -125 -599 568 -994 -1019 322 709 148 -601 -781 -3 493 422 -1588 -737 -369 43 -533 371 875 247 962 -622 316 359 -850 903 563 -60 -950 -248 719 1190 1235 432 658 -718 930 335 -439 374 678 -126 -588 -365 331 -949 544 -793 -511 -1179 186 119 1427 608 -213 -344 -240 -230 -911 188 447 -555 -1021 -529 492 272 -439 -997 266 -718 -399 58 -29 -138 -565 -392 478 -61 75 178 -146 1266 465 902 285 479 -1056 ]
[-311 -353 -249 202 -148 558 -765 -308 14 -734 105 1705 224 -119 341 -1048 520 408 49 -1006 -83 -536 -249 -644 314 -346 911 -341 765 1059 19 -1581 -268 1013 -79 -1003 1022 -135 -1184 760 -33 -442 726 399 225 -502 -307 408 150 160 783 -271 -622 481 657 240 -386 376 675 1043 353 313 -263 393 523 -985 -421 236 -146 -1049 -60 91 -688 131 44 364 -546 255 619 -727 -379 57 -137 989 -271 -1975 -70 40 -233 -1316 -1057 69 -744 889 -359 164 -665 315 705 -231 314 672 -1074 799 458 -222 -145 966 976 -945 -266 -207 -630 1122 284 60 -339 81 -305 -443 13 -1016 55 -429 53 -149 -273 -249 ]
[126 457 -961 56 725 609 -563 542 -601 -867 658 1018 -397 -1146 210 -631 -707 274 122 -593 -790 607 -164 -1951 -26 -595 1215 261 691 -95 7 430 336 1050 69 934 123 1240 -1629 1156 -46 -579 286 -333 592 -124 -935 -551 -1231 -649 461 1219 676 329 495 -1344 -35 -604 644 669 -271 -117 250 102 -129 555 516 629 282 43 404 371 127 247 116 783 -133 -1233 -979 -23 506 440 215 -56 -640 -164 -673 331 34 -851 79 993 27 -399 -520 -1163 -1692 -323 -160 -321 404 813 -915 466 507 285 703 -802 779 56 -655 -546 -315 -913 667 1051 294 250 299 912 -1451 -188 544 -138 -880 285 -1105 -1849 ]
[350 -692 1183 888 612 -377 -491 -465 -90 1006 -187 -759 -186 890 169 8 -593 -813 814 -613 1213 -365 -350 -1358 -412 -75 186 737 390 -185 -1263 -83 -573 -453 26 894 373 -326 -369 51 -242 -1154 116 1632 735 229 -87 879 627 -125 593 -83 -211 -765 -371 -177 -99 -373 332 -382 -895 -117 15 -91 -70 236 -1726 387 38 125 -166 -1192 64 -373 199 741 -499 206 28 -534 -557 -217 69 159 -58 -826 34 674 -328 -597 996 560 -416 795 -66 -506 105 47 -573 -545 -111 169 -81 543 79 113 -39 -322 -808 -550 -628 0 -68 -973 539 -380 70 88 160 -1093 329 51 14 -49 -121 -668 -1265 -1148 ]
]
