[[28 231 -1098 -651 -964 -238 -61 257 -441 334 -476 -475 -756 -164 245 -517 461 615 -434 -480 61 91 -122 514 -99 205 673 -263 -114 252 366 -1076 103 -68 208 -43 -37 493 -392 -413 151 570 28 -777 239 503 -807 506 1066 698 78 -298 759 -624 280 16 -763 570 -409 -48 482 -230 724 545 170 -176 174 -519 -132 -792 237 -280 -642 46 -846 -345 587 -203 -228 207 -423 -67 596 -227 111 57 147 335 166 711 -516 -41 -230 -507 557 -112 49 -451 220 271 -397 3 -404 -282 239 45 -76 -268 -145 -247 -513 596 -166 -307 -186 758 588 -880 282 -251 -433 -687 -8 -230 -23 794 106 -78 ]
[-361 21 -136 318 3 129 5 -1381 549 -750 -347 85 452 -68 -213 -751 -118 -397 -203 151 85 -340 319 -327 -560 -812 878 -677 -187 -580 -875 491 174 436 453 334 506 362 -555 -453 -412 -503 517 -76 132 -288 202 250 -241 -71 -472 -157 -393 -28 665 251 203 53 559 345 -77 -107 97 -142 325 -342 590 63 180 334 -716 159 612 -538 -64 -578 -206 584 1076 288 -734 583 -568 404 485 -193 892 213 -306 351 712 -220 567 -450 -892 237 123 306 244 -399 -266 114 120 420 -543 -980 246 565 -647 432 -329 285 -138 620 -548 -1028 -361 264 100 -142 170 558 -144 -237 -142 -374 -139 285 ]
[-52 -438 113 -54 264 -264 147 -260 314 -500 21 -58 -50 854 -224 -817 -45 -272 -278 74 308 -517 295 -459 375 -1185 -99 -358 -207 -28 -811 444 -160 693 141 -506 -168 -515 603 -241 -68 -61 -189 80 478 252 -475 -260 229 -623 -360 -736 291 379 410 42 -86 -341 385 -494 972 50 39 -809 55 -460 283 -73 104 -127 -93 314 -102 598 96 -468 -131 -510 415 180 987 697 482 -439 363 -83 327 -2 -550 35 805 -1337 -248 -950 -253 466 1337 756 -167 -81 -968 -258 -101 797 -350 26 236 124 -809 147 70 -141 210 -11 -391 -978 -227 -664 522 -375 409 156 -724 289 -346 671 -808 -301 ]
[181 672 -341 -343 -303 369 -659 -242 -18 1001 -356 -475 -86 -700 161 -736 642 308 350 -220 1235 -356 -908 437 -1476 274 786 -640 -91 -169 938 -278 347 -75 223 980 302 372 -75 264 -321 137 264 -43 485 453 71 442 641 889 52 515 -118 -657 203 -297 -257 -220 -408 469 -191 -190 299 383 -430 -338 182 129 286 64 100 80 352 -704 -238 -143 103 1007 -191 -140 -384 -362 -306 -665 -600 -156 59 409 91 360 -152 131 267 -726 348 248 -551 1029 970 626 253 -281 680 51 173 92 -385 -244 531 -533 -697 -204 745 265 228 866 458 -72 159 -38 -129 255 92 -77 114 -1178 -38 -441 ]
[-725 -220 1116 626 -345 -185 88 -850 97 -1106 145 345 -64 -43 -541 411 -846 -132 187 -40 -111 481 -24 67 -76 452 462 -645 -172 -697 17 49 5 222 -86 -49 420 -417 70 -962 13 -151 766 98 -145 -735 338 616 -521 123 -404 356 134 69 654 -650 -329 -199 489 157 -221 -190 -344 -104 -221 -24 106 168 -278 273 -484 175 848 12 -621 -457 -156 100 -125 893 -530 204 -1206 408 472 -823 554 105 77 1 -450 582 1059 881 71 -59 -87 -748 -103 739 64 -468 -1178 -524 129 -837 926 421 1354 301 7 -192 -382 -190 -663 -559 -993 639 -260 517 -653 -417 -209 -403 222 -636 899 324 ]
[252 273 766 251 81 33 -637 42 -56 896 149 250 -394 -420 -402 445 -344 -672 118 112 896 -126 -488 -261 -445 -323 192 -719 299 -433 51 890 -281 -189 -380 640 55 -1653 542 122 634 -335 366 707 -11 -308 413 -37 -212 998 -399 681 -141 59 242 -552 119 -614 -404 -165 -29 -239 180 -536 -658 -212 558 593 -396 397 -162 868 497 448 454 -262 -889 851 -182 -870 -158 -11 -675 -618 -502 -356 474 -151 314 304 325 -521 735 -630 -123 170 14 620 -586 1351 -251 -1117 -463 505 285 -131 202 339 1231 -342 445 -299 -1254 -84 -725 234 194 -574 -176 49 -639 198 219 27 861 -676 293 -558 ]
[573 -406 -549 213 544 96 -664 -623 -47 29 -929 181 -34 936 179 -615 -231 -259 32 -133 588 -632 -217 -349 -435 -1402 376 936 285 -165 -126 1088 -1001 -309 279 367 468 -473 -68 182 -19 -948 377 351 280 593 -460 -534 -74 -427 -282 -342 -426 756 281 147 168 -609 398 733 -410 644 1028 -540 -202 -1022 -44 -477 1006 49 37 -318 431 113 887 3 34 -433 554 -275 149 294 330 -582 -691 -18 426 -691 -21 86 1013 -416 -584 -202 -1215 386 370 986 809 222 -43 -245 572 472 -362 501 -573 -38 -1059 461 -254 -311 -39 57 299 -452 529 -302 193 447 124 1042 1159 82 -562 -250 -746 526 ]
[-317 474 -929 -960 256 -234 -873 820 -463 501 -536 -378 -862 474 -69 -290 -167 282 -272 -429 594 -586 -92 -77 187 -500 652 -147 -433 802 377 -140 -76 54 155 -578 -45 -271 179 -15 65 -173 -16 -346 724 750 -585 0 103 -575 -519 -949 443 527 102 18 -572 -248 432 719 219 926 -242 -45 481 -716 -804 -473 331 243 636 -314 132 765 738 -865 34 -1098 324 174 -147 -288 1470 -1023 -1116 -586 -623 -217 -508 -538 557 -353 -507 61 337 906 476 514 600 -175 -315 552 601 495 -14 1019 -164 -623 -367 476 -665 494 755 -285 725 -490 49 -805 32 -514 187 -623 1011 114 0 401 -406 265 ]
[-357 292 553 -193 292 162 -139 1349 200 1663 1262 373 127 -1268 -271 426 343 -359 194 431 -600 370 21 -11 108 253 -166 187 761 -248 -283 -73 398 148 -1032 178 431 -58 -106 798 -261 -400 -257 970 -240 -369 1117 -930 -198 -307 616 785 -318 87 -694 504 823 -338 -271 -185 -329 653 -923 89 1072 672 -786 236 -448 1065 358 581 -509 -538 1066 126 -735 4 -485 -500 291 -582 380 238 -607 -28 -799 208 -235 -313 351 -433 220 396 15 868 -467 283 63 -303 671 1130 310 733 -491 52 -84 -509 514 628 755 116 306 -448 -281 97 47 402 -953 -248 116 -635 917 141 387 -816 -161 -176 ]
[839 -264 858 -330 -359 403 -390 59 -245 -941 -470 -530 48 1546 -77 589 -386 -137 233 -324 504 -846 -909 406 747 96 -1116 1158 -446 114 400 415 -548 -12 190 -350 -70 67 1258 -37 317 -53 -183 712 -585 -178 -333 -139 521 -958 -307 -849 488 238 528 -457 -251 -324 -117 -706 382 -126 -447 215 -1188 -497 -128 -353 572 -580 1607 -1023 -4 831 -2 201 440 -369 -447 386 970 651 155 -69 357 42 256 -895 -209 13 -82 -434 -327 679 91 -337 986 23 16 685 -454 -190 -86 -985 923 679 -643 -604 365 -199 -77 -1401 491 -410 1496 -144 388 -608 841 425 79 337 -130 413 -776 364 -480 393 ]
[-318 590 -318 -221 -1504 -317 -688 727 -162 50 331 19 -862 -131 -646 753 -958 -230 -654 -912 -136 762 783 386 372 84 591 -246 -148 -431 -335 -793 -115 139 -352 -799 306 -666 -411 -469 650 18 -1118 -287 -845 20 -574 -156 412 1312 -264 -487 40 -2 230 -548 -264 236 -136 315 -166 317 -114 781 684 -68 638 -611 -35 52 262 -490 -186 427 -12 -251 -334 -177 -318 -179 -563 -612 332 -467 -10 -304 -646 148 -136 305 265 -204 49 -153 817 443 -187 -1430 -970 36 376 224 -859 -170 79 64 185 7 -11 -765 421 276 -1385 -934 3 -789 -98 -442 80 -124 -1269 -1079 629 -838 729 694 1187 416 ]
[-920 -425 -587 -175 210 -647 336 -421 -591 -584 -1095 72 -766 840 193 -454 -179 26 -86 -97 344 327 257 417 368 -359 426 -913 -148 487 280 -354 170 -245 -13 -45 -472 240 -155 -726 -130 426 1024 -1519 147 -192 -519 900 516 422 0 -377 -111 202 686 117 -892 779 247 -539 371 -436 144 -1393 -256 -759 -463 -319 948 -560 -217 -695 1113 1036 -836 -128 955 -807 793 245 -474 803 305 302 1034 -166 904 -231 265 -378 -1026 399 235 578 -83 -858 781 -208 269 52 -384 -780 -865 -538 85 -105 -392 254 273 364 -948 672 80 478 -493 -532 46 -1279 -169 121 -262 138 -364 -509 -56 856 -91 -586 ]
[-646 259 -987 -699 -46 -320 -1202 -396 -360 1187 -1205 -500 -500 -153 605 -326 597 437 -618 143 885 14 -409 226 -854 -192 541 -448 387 -424 594 -287 8 -339 -544 465 574 -498 -490 -147 94 271 1209 -802 515 -57 388 39 338 180 413 808 700 412 1332 693 -499 85 -95 159 125 -362 761 -1146 -86 86 -954 -242 349 -81 -67 234 894 -349 -485 -248 919 -233 436 339 -592 56 398 -792 -1020 -498 1165 -201 1005 520 -60 682 493 -96 22 -563 38 407 284 584 125 204 -518 91 -187 -289 487 -377 1074 541 -835 625 50 10 -813 -49 -355 -1064 -293 622 -192 20 1009 -667 -317 -434 -1 -83 ]
[-568 -670 -1413 12 622 -163 611 31 -624 -1653 -70 240 -301 876 884 -528 -488 606 -289 -235 -801 -15 214 -844 340 -150 1001 975 -380 656 -95 -43 -107 473 595 -258 -490 688 -398 -169 -287 -96 154 -998 430 1052 -1235 -144 -194 -460 -595 -1210 -197 -217 -758 21 -918 -63 806 996 -298 -7 478 -20 228 -67 100 -391 -71 -864 50 122 -1046 364 -410 422 1100 -1586 164 -77 -337 110 240 400 -62 158 327 346 -74 47 -414 347 -753 771 -516 243 -299 -512 988 -634 -155 -82 947 -73 256 874 -48 197 -1213 779 -922 301 -1077 -590 566 237 683 -266 231 256 413 37 -136 35 32 1373 -525 491 ]
[-914 655 -64 164 -189 -1155 -273 -269 18 -198 841 -71 -536 -212 -347 -353 -588 -545 -701 471 140 194 1128 -42 5 -434 1189 -1629 -867 -525 121 -406 565 828 525 -661 -648 -240 -44 -123 -81 42 -153 -1105 -93 -67 -603 74 -336 1062 -1002 -495 -902 -643 238 -471 -426 19 443 429 354 -851 -112 -548 609 -117 129 318 674 480 -740 397 -81 1109 -173 249 69 292 426 -260 -309 103 -672 -310 505 -504 578 677 -760 -654 1042 -483 813 -297 452 505 587 164 -637 -1205 278 -214 757 426 -6 -89 212 320 -224 541 -152 242 -935 54 226 -606 -761 -352 -53 -758 234 -692 -454 -645 1049 687 762 -105 ]
[-530 932 662 23 319 -989 -456 -109 35 -241 -12 -892 667 -689 -194 753 -162 232 -1120 43 -647 91 845 -540 473 41 -108 307 -974 -634 -82 -52 333 347 306 -547 -537 -593 -822 -401 223 173 -298 385 -108 83 294 -724 -1252 -351 -594 -118 -325 -173 -385 -50 704 429 384 612 93 -118 -756 717 473 574 191 166 45 841 -396 -40 79 -65 955 792 -806 450 495 352 -502 8 -246 385 20 -629 -389 115 -389 -217 482 449 366 553 -25 610 116 -583 -1043 -1569 429 463 791 478 -237 -397 936 204 -592 194 163 -138 -956 -4 180 -809 -1412 554 78 -361 570 -568 108 -122 447 749 1151 314 ]
[212 -123 -115 108 420 575 -570 339 91 10 373 -213 666 -183 72 245 319 354 224 342 -310 892 -474 -695 -1011 840 -803 1060 137 -1126 -255 183 102 356 -391 -532 162 -582 -665 670 -299 382 -691 -96 43 224 671 -1063 -282 -262 878 713 157 -244 -879 53 626 -596 340 383 -852 43 -312 680 -577 1275 35 282 -542 -200 641 649 -610 -1774 -266 1578 627 -317 -961 -216 409 -421 79 110 -489 941 -1284 -126 731 123 -659 1018 180 100 280 -85 -964 -452 -211 283 1085 -162 -20 -263 377 -143 551 75 562 -349 608 -775 -584 -498 -492 575 -674 1052 -174 734 105 790 -415 -152 -946 -186 276 -733 ]
[-172 -54 83 -272 -740 1209 400 -732 -217 -579 -233 -437 112 -158 349 -264 -321 148 1043 -929 217 -114 -137 48 -148 44 1342 -183 -81 280 -42 -858 386 106 393 1075 55 1504 -170 -869 -490 -124 158 -149 -506 447 -297 422 1048 418 -208 -353 831 -469 765 -357 -643 684 -64 611 660 -172 -567 381 87 -249 1317 -291 81 -329 4 -677 202 -131 -346 -674 111 795 -45 69 -1593 244 -548 911 1020 -986 461 214 -175 650 -1315 -174 149 -154 -371 -119 -771 -561 909 -203 -547 98 9 -709 450 -56 -461 515 432 -493 -1736 338 130 -304 -140 -583 162 -432 1111 433 -646 50 -749 186 18 -513 15 197 ]
[-63 551 709 460 294 -1351 -1381 530 -244 453 -82 -150 422 -115 -19 675 491 -300 -88 304 345 -6 -296 -149 538 -455 -591 365 -608 29 1309 -155 -442 -350 -399 242 -378 -840 656 309 -163 193 35 714 881 447 71 -234 23 -949 -396 -60 -372 547 -1200 -246 327 -150 -74 -454 142 439 -125 -17 -93 -63 -820 256 623 1021 689 -436 167 428 1450 401 -632 -546 -237 374 1538 -37 33 -780 -868 289 -380 184 -836 -645 720 -571 -661 335 543 651 813 1254 278 -397 -409 -137 1230 697 -275 288 66 -414 -356 -366 660 -1079 1489 605 987 -386 -369 658 -300 -539 326 -303 1095 945 145 -598 114 448 ]
[71 -484 -680 -49 -691 -218 -351 -895 144 186 461 89 -25 139 765 -115 472 184 -537 -217 -130 183 1177 -485 -72 -544 329 -865 -245 -197 -165 -838 97 528 302 -462 35 421 65 -229 149 245 -559 -1538 305 322 -220 -628 -196 361 -859 -258 85 -71 893 -184 -534 822 660 -126 1097 -1416 287 -473 141 917 -363 141 268 263 -517 -242 28 764 -413 284 699 -336 -12 200 154 31 111 16 373 -94 1022 260 -607 404 829 -563 -276 -831 390 -433 957 295 -501 -1280 -17 672 -135 -194 -5 -416 86 969 -337 647 -770 274 -701 -51 -619 -1340 -1153 -271 515 -234 -47 -251 -951 -76 -12 4 217 109 ]
[-917 13 -1468 -39 -743 -60 1045 261 -281 -67 721 365 -32 -434 333 -801 300 -226 -1267 -381 30 -145 609 173 -167 -137 450 -1162 288 52 -310 -444 1266 1192 -1026 55 200 852 290 617 -118 1070 -403 -996 -101 -324 -264 -121 931 1015 204 -45 -244 172 201 500 -449 632 -42 -1032 871 -253 -219 -222 616 215 35 116 443 -338 -470 59 -113 322 -540 -428 365 6 370 97 875 -693 141 -859 530 459 357 945 -170 357 308 -544 -942 -1720 775 -258 1011 -256 -324 -6 -83 419 -572 -139 -902 -323 -95 256 -500 -247 -425 130 178 -124 -151 -1006 799 -456 -201 -567 -578 -517 -37 -831 728 -515 59 -366 ]
[425 -81 -188 -264 -89 -1103 -93 -178 306 888 -805 282 -378 148 -177 110 224 1167 -324 -583 93 -385 -183 1034 -755 414 858 -21 52 1091 474 42 -440 -1412 769 64 298 -334 -517 -286 -43 -712 696 -167 248 -295 -27 485 -268 775 -262 889 -1296 -78 -67 204 38 381 305 225 -1051 628 415 -45 -219 -1055 -321 -646 -89 517 -327 -692 582 -204 227 171 -802 -99 301 -217 -1345 108 254 -84 -442 -65 -164 -186 -69 -153 445 464 -144 674 -25 133 -559 669 807 916 -19 -228 -145 -260 306 -423 0 -97 -134 571 118 792 235 307 -408 1163 600 -51 -451 -45 -589 -300 637 246 239 -291 -358 -84 ]
[-417 235 -560 -54 121 -546 256 200 -5 646 -44 -135 -949 -536 -459 -807 -84 -306 -412 580 -323 703 968 668 297 -698 343 -756 -681 870 -302 -610 251 513 -10 -301 127 485 -807 -118 -344 163 9 -1254 93 752 -327 922 -344 919 -499 -585 -133 -473 -524 -787 -389 709 224 -318 -95 -341 278 287 857 -232 -681 -265 197 336 -101 162 342 520 -558 15 -185 -571 644 128 3 59 430 327 265 168 -626 595 -290 -692 303 266 -604 859 541 286 -403 -223 -124 -1065 749 197 634 555 -814 380 -394 58 -636 212 -11 777 29 392 -40 332 -48 146 -813 -926 723 -897 -775 -501 959 1003 215 143 ]
[301 -126 488 485 4 -848 126 -117 905 -603 762 54 439 -242 -519 -177 642 -512 -253 141 -1066 -853 69 -446 937 73 -442 63 -356 -387 -934 142 70 252 555 -932 -490 -157 113 138 34 -778 -684 731 572 -657 52 320 -554 -762 -528 -65 -1187 -386 -104 377 411 -83 261 -731 422 -258 -278 270 232 -241 355 31 -691 -162 -470 484 -645 -40 329 -182 -669 -75 -114 -645 870 300 -32 691 394 297 166 349 -1210 361 840 -1066 1361 -562 -588 244 346 523 -143 -656 -227 511 370 793 92 -753 409 400 -1456 703 1078 -660 -537 930 -370 362 241 355 53 -1100 310 -955 -795 492 101 675 -351 -358 ]
[-69 -3 47 481 115 -516 256 187 -639 -771 360 -449 365 523 -522 970 -364 -351 -755 -193 -544 -6 -9 882 369 617 196 365 -868 28 735 -442 642 1008 -767 -1403 -160 559 832 334 -672 671 -713 -733 -889 -415 -155 431 -289 62 -979 5 -1015 152 -578 -863 -526 495 841 -763 -39 -690 -1388 749 -456 -339 -352 26 811 752 1451 -1035 585 702 -215 995 219 -68 311 121 619 -542 111 206 917 -300 -834 182 -639 -653 177 434 248 668 1580 33 258 -839 131 87 672 71 -36 -1331 584 -93 -164 167 620 275 10 -1063 428 -89 724 -694 -314 179 624 -130 -287 -570 -804 -140 606 50 1085 -392 ]
[440 895 -1010 -318 425 -440 -475 -654 34 345 -177 -200 -53 -686 969 31 697 -46 -884 -119 31 -323 677 -399 -153 -455 -18 -867 -426 345 536 -428 181 280 286 -275 -36 -554 -409 -325 598 455 -629 -501 442 910 -444 522 21 135 -819 -303 641 -19 -613 -839 -274 893 -419 -437 548 -581 252 -64 136 1363 134 535 -482 672 -129 99 377 246 292 141 -796 636 864 242 -104 -427 979 -769 -936 -34 122 491 -1043 556 1023 -612 -303 -739 970 441 -172 843 -214 -395 -1058 177 1016 894 -102 -30 740 521 -551 -541 -562 619 193 278 -402 -435 -526 -543 978 -598 1004 -18 -974 669 1073 -4 289 -32 ]
[-345 50 -106 -501 201 -129 -256 443 -510 176 -45 -361 -633 564 -304 -458 5 552 312 882 1191 252 -864 892 -512 -102 1089 -651 -206 177 670 104 160 400 99 534 -212 -255 545 -243 -847 81 665 -380 144 646 -182 269 580 135 -847 194 927 -427 496 -96 -430 -958 689 1106 227 381 -341 -672 232 -730 -469 -287 -172 176 417 891 -655 158 -332 -829 849 -39 249 -516 -167 597 46 -410 96 -671 569 228 413 76 -278 -509 877 -371 725 572 887 1191 789 416 -854 -689 -7 392 147 82 98 -1089 1739 493 -267 810 -73 -317 29 453 173 -1538 121 -406 -136 243 52 282 -332 974 -270 -228 ]
[-118 135 -287 -134 886 -261 -415 -643 162 637 -797 -323 -861 526 -127 -399 1 -264 -307 117 802 -934 -806 -265 -386 -1450 532 13 -599 -435 -442 938 -376 -209 -476 -574 -222 -1107 457 98 166 -655 551 387 473 -551 410 484 -131 -239 536 33 -869 243 312 700 -69 -767 -381 -150 -100 -54 1101 -1427 -102 -1340 -558 286 83 -320 136 918 545 -287 183 -47 -101 -627 338 142 776 117 835 -720 -587 -435 359 -405 -205 -447 1103 -395 998 -112 -696 522 348 985 694 1578 -324 -74 101 802 541 328 701 -838 53 1270 581 -176 -2 267 -795 960 92 -694 11 585 659 121 466 -419 -118 157 -313 -437 ]
[732 13 964 -370 -3 193 -1028 28 742 1887 535 61 662 -12 184 763 499 721 1418 361 442 135 -461 -46 -1086 361 -964 -679 -593 516 841 -402 -98 -472 362 -221 -76 -748 1053 449 251 -39 -485 -630 2 137 1186 -434 -131 66 857 515 -675 13 83 -170 592 138 -291 -167 81 -594 6 -555 -607 1185 57 1187 -616 600 -32 -210 -71 -327 -164 601 -400 105 -1046 378 82 204 -382 -294 198 652 -303 -343 -311 -720 353 -92 -470 -415 284 -238 176 1171 -844 501 -237 -102 180 -668 945 -173 126 48 1323 -871 885 -463 486 524 -749 388 -1700 872 -121 300 -132 632 -1058 892 -788 -963 409 -764 ]
[882 -97 681 176 -324 -74 -195 -98 813 159 204 -924 823 938 -282 865 827 -734 -525 425 -261 -242 836 552 580 263 -811 1143 -176 -861 -1320 -95 130 -673 66 -618 -30 -89 713 372 -27 -279 -1101 557 -1326 -856 22 -740 -189 398 -515 723 -731 -347 370 758 657 -69 -239 -257 235 -944 -401 -177 -385 -364 -152 -497 442 187 -307 29 -426 -9 320 415 -339 1218 207 -1485 828 44 -353 312 155 507 294 -423 20 -77 1186 -609 624 -1028 470 -886 510 181 -1187 -1336 607 678 152 -84 249 -500 -299 -84 137 -595 1493 -606 -605 121 268 -492 -569 -342 1090 -96 326 61 -1072 -369 -348 871 -587 423 ]
[-42 707 -158 -598 158 -64 -417 392 -319 597 -1090 -211 -894 865 -96 -367 -506 -133 266 526 436 379 262 -58 -157 -626 -233 -592 -1110 691 49 -687 -49 104 464 -278 -281 -557 -418 -287 -101 693 544 -1150 -384 1173 -318 491 163 787 444 -749 1250 103 1066 -479 -248 372 291 290 320 -7 -112 -153 186 -25 24 -365 216 -455 -458 -437 664 1068 -592 -1531 -77 -448 576 -186 -195 633 415 -500 -143 -426 -600 -386 553 -264 -420 441 -418 -338 571 -286 427 -499 -856 -788 -519 -522 -1159 364 -149 223 246 429 567 -449 -194 850 -60 587 -485 -277 -716 -1020 -564 -705 -461 -404 -379 -300 52 993 646 231 ]
[-242 571 395 123 -666 -860 -993 -1004 223 -483 -109 -1064 613 -467 411 514 392 892 -346 -111 -97 -195 169 -130 242 218 547 -560 -74 -225 761 -343 -306 -59 902 548 -64 227 -211 -1001 -68 -110 288 -234 848 -505 -243 412 -972 -961 -1156 328 729 -246 889 0 -299 854 577 612 285 -385 -97 616 92 122 353 95 -78 324 648 -430 64 -127 167 326 227 454 -97 994 -1924 556 -258 741 -224 -596 1102 120 279 286 -438 197 286 1147 179 -267 -646 -199 429 -605 -379 475 202 -703 471 -415 695 430 -107 1345 -1199 556 -301 173 758 -396 -609 790 300 229 -553 -472 170 589 -404 -330 -112 517 ]
[-3 -87 -479 29 -25 556 -1142 -44 -55 -788 -47 502 104 579 -465 -78 -419 -629 808 -380 1300 826 -5 58 -1231 25 -113 -616 950 -960 257 496 -49 -207 54 176 938 -745 -337 206 120 -493 238 -747 851 47 -19 -434 514 -111 -49 -85 259 925 -182 -569 -309 -842 1150 104 -1102 1204 113 -191 -773 261 -500 -77 732 13 92 146 1205 -687 564 -61 209 40 218 656 163 -792 -175 -1047 -475 830 -597 -805 319 -111 -61 788 350 -570 321 -331 320 458 154 400 991 -667 -109 173 -719 -524 -312 78 283 -922 -183 -153 1319 268 31 -1232 -428 1043 36 402 -215 736 904 -461 -604 -1087 280 377 ]
[417 -130 391 155 -331 595 160 -100 129 -336 36 310 -319 500 -1064 288 -923 -191 -119 -149 -558 -106 532 956 124 -244 985 160 -175 485 -1345 7 -262 -303 275 -984 287 5 -484 -730 -789 -552 11 206 -1263 487 -34 125 -569 590 -1114 52 161 71 347 -640 514 -192 761 1000 -202 -294 -604 114 303 -675 357 -897 -710 631 217 -332 352 327 -154 -846 -899 -309 591 -1165 -1266 688 598 1184 -22 -861 -898 -231 168 -266 1000 -87 -69 593 48 954 -406 -495 257 -550 379 52 -1109 -39 641 -489 135 647 334 472 305 464 -1067 -466 -909 -547 298 -839 -54 -492 -1010 -73 -411 -109 -301 789 -314 433 ]
[687 -57 970 -1002 -462 -480 -544 504 -103 400 -253 117 494 703 347 824 -154 586 696 -501 951 818 -820 13 69 -189 158 452 -76 485 316 -428 -341 -449 -325 763 -463 -642 303 -160 -737 275 -22 -49 11 555 610 -1029 1077 -127 293 -146 -778 101 58 79 -10 -339 220 -142 70 900 -900 -382 -86 -75 325 -108 -176 506 818 -875 -547 50 227 -451 -228 -41 -53 -473 86 420 -58 -24 947 -125 163 544 -48 303 -296 -644 161 -960 539 388 938 362 334 -177 -1572 -221 -198 823 -125 124 -216 -371 587 -803 -92 418 104 407 -733 -304 63 -973 434 -45 -617 435 286 1210 295 725 438 -348 ]
[182 -612 -376 222 277 693 65 -48 -98 -321 -1033 -227 -272 797 140 -5 -454 760 227 406 -487 93 421 207 -824 -270 -93 694 -794 -4 8 -317 181 197 242 -746 152 307 -318 371 340 59 -288 -940 -756 654 -404 -706 119 1126 299 -97 407 -67 30 290 -120 307 72 1010 9 394 103 4 -208 75 344 -438 821 -606 -787 -613 -499 -262 -514 849 992 440 -167 -17 -21 -66 -330 -621 688 524 -675 -654 848 -127 -640 822 -740 -26 152 -823 -42 -793 -248 235 133 -548 -367 -1538 -124 593 -463 -47 188 -625 10 -61 -171 -618 758 -564 -764 -25 582 90 -214 1055 -444 -668 -850 316 414 593 ]
[-1351 143 -1095 563 -317 -883 335 -153 38 -1643 72 35 -300 -68 -236 -536 320 320 -314 -973 -671 -721 413 278 490 764 1298 -1873 -596 772 1001 -977 823 -383 -157 -62 -163 1260 -6 -687 -18 4 554 -1198 632 -1206 -353 1759 266 392 436 8 -335 241 59 301 -650 1065 240 -69 526 171 -86 -628 -270 -598 -242 103 226 -433 -919 -1300 482 398 -773 -1032 242 -399 -6 384 -1064 -181 -152 380 85 395 403 413 -88 -782 -835 358 -138 592 383 -702 -175 -537 900 179 -371 -369 -407 -1852 544 -531 -106 667 -4 136 -314 202 779 408 155 -259 710 542 -808 -805 -1276 -1065 406 -351 176 -822 -571 472 ]
[645 -1507 100 134 1072 -205 1168 -80 7 -1090 -131 1326 565 1211 -389 -89 -449 206 867 -8 -456 13 581 -157 298 359 -799 443 703 749 2 1079 -1181 -100 1209 -298 -1025 -1141 692 -135 -138 -386 -425 -266 429 83 -355 -5 -677 -937 -280 428 -218 1220 37 -239 7 -210 1633 337 -307 1318 -71 -10 -380 -731 80 -737 449 -54 -790 293 299 995 1095 58 101 -1419 -137 132 196 -86 345 -164 452 126 -732 -1167 -740 -449 -1062 -183 -294 43 -467 -403 202 62 -662 581 -496 -757 -604 -232 -335 7 237 397 -1221 130 -204 274 129 587 141 -445 -194 582 -154 -10 -511 709 59 553 -638 -334 -378 -809 ]
[710 760 521 -141 -683 -167 -433 127 113 128 374 387 -622 5 -401 -896 116 -512 301 605 -160 -158 -454 -401 -403 890 -211 309 93 -744 571 328 -134 -665 1161 251 133 289 -392 -45 725 341 69 367 -115 -385 -883 -16 710 1265 -81 -363 515 -1576 -717 -469 279 258 -1158 138 -387 -179 79 1165 -534 20 583 -251 201 -68 -140 -90 -599 124 -175 552 -156 1766 -1119 -472 213 342 -768 -490 10 605 -439 318 -635 352 238 -188 -86 1 -227 -140 -218 -110 -111 269 219 -669 198 -158 510 -125 -687 363 204 -903 33 -676 -251 -746 1007 1010 27 -93 -38 174 379 246 -418 169 -230 -144 -189 164 ]
[590 -772 -1045 107 305 730 694 330 -460 -8 -487 433 -285 838 625 -106 667 -386 947 5 -872 -600 -434 39 910 -572 57 645 540 1376 45 -68 336 -639 -375 167 191 866 800 -67 850 -704 18 -424 -86 297 -973 984 886 -542 -331 -599 1091 422 -519 814 -153 1048 -208 -116 1045 1085 401 -312 710 -499 109 172 -358 -844 -642 723 -726 383 235 -1005 123 63 65 -433 349 -209 339 -123 979 174 280 -222 -193 1349 -262 -591 -876 -1029 -619 -986 500 317 460 623 -1447 -136 -197 175 20 103 -373 -175 89 -264 -431 794 165 7 -251 68 643 -741 1444 -52 -320 -456 -842 969 -128 1088 -318 294 ]
[905 -871 -827 -838 1066 -223 -104 251 -128 1240 -1117 -1026 -35 613 599 -82 503 526 -656 481 530 -1052 -615 -73 -386 -442 149 1235 4 1401 -994 53 -201 114 1075 208 653 -343 -476 393 -243 -591 582 -65 -55 975 -361 -1174 292 -95 -1536 247 853 -283 821 22 -432 301 703 134 640 -117 -291 400 -820 332 -199 -1041 -214 -319 715 -259 -687 142 258 -322 -177 -470 443 -508 -716 718 590 -3 -794 -6 537 -462 363 855 444 -427 -220 -729 -243 113 833 1075 -115 202 -746 464 315 220 111 44 -595 161 403 519 -329 639 -674 -359 -642 324 195 -1630 934 -166 722 32 -236 690 -67 522 -728 -18 ]
[-519 642 18 333 591 -1123 641 235 -153 113 350 39 -86 -589 541 919 -453 -733 -547 667 762 1335 446 -156 1284 -244 -1139 -102 -163 433 -212 832 -229 -776 -866 644 -1083 -736 -781 645 427 564 -741 325 -922 -453 392 -887 -125 820 447 67 460 -352 -1090 -141 580 595 -1046 81 -392 29 -500 -563 746 627 -649 -27 475 -38 -334 18 425 -147 974 702 -612 232 130 -773 172 -192 -191 -68 -141 134 59 362 -29 -812 107 254 -175 159 382 -465 -14 -282 -1873 -932 -37 150 1134 659 -674 504 -191 -66 299 -1028 823 630 -1061 306 372 -30 -205 -275 -573 73 1132 164 488 -509 1577 563 835 673 ]
[-201 -372 -273 560 432 -650 1418 -67 -729 -1402 602 58 126 111 -404 336 -371 -161 -976 -142 -772 229 -84 523 906 232 624 439 -597 606 -139 -523 125 507 -1099 -315 -489 -583 578 67 -609 15 -137 -52 -827 106 -651 375 -1 300 -396 373 -231 237 -802 -811 -1025 -447 415 -467 85 -509 101 -344 52 -157 -391 -331 -94 -482 -143 609 -553 256 -576 -617 -186 -932 -403 -483 1162 -740 -496 -27 67 -167 -292 -60 75 -471 135 395 -489 28 1263 -50 58 -988 -593 302 -99 44 2 -450 -253 384 764 -106 491 84 607 -131 -1212 -361 -529 239 667 397 -24 -285 -975 -1468 -171 -656 1324 415 582 878 ]
[32 36 -102 -489 -835 -401 -910 -379 352 124 -464 -288 -377 -547 269 588 63 -832 -302 -526 -439 -320 404 26 719 -886 1034 729 -410 -79 -1101 -333 62 -394 299 278 146 -138 -1341 -154 298 -1402 627 369 -86 12 610 -235 1281 182 182 -255 -938 -529 532 496 -250 591 -289 -151 14 35 372 -202 264 -109 159 -350 -20 92 -497 -843 -466 -535 793 -375 -910 -235 440 -212 -1079 337 -191 963 -149 471 916 314 -788 314 584 -843 1039 620 -646 166 -168 -331 500 62 -674 767 714 -160 -19 -598 -306 -44 -418 -85 274 -113 -126 498 -262 146 847 -765 190 -687 679 -861 1363 -589 675 35 -492 1302 ]
[383 452 -207 -484 967 -177 248 891 421 45 995 653 296 553 -109 281 -1070 576 134 -414 927 -600 -103 -922 417 -422 -47 -125 643 1913 606 860 -494 -804 434 191 281 -650 -3 434 186 -344 -857 -53 85 -356 107 -672 -957 -130 248 -458 -1441 1441 -109 -22 605 -519 146 479 -473 1176 -372 -1153 46 423 795 50 -707 129 -112 -462 139 1170 514 -687 -661 119 360 -1023 -824 -771 -78 -434 -733 -695 -325 -543 338 -788 608 489 -232 -333 -754 171 -127 471 -588 -838 27 404 803 874 -175 1155 -504 432 -616 -506 -29 855 -722 -270 -90 -572 134 -113 52 653 -323 376 407 600 825 481 323 206 ]
[414 276 31 -208 392 290 -263 -157 112 140 406 49 -492 860 481 146 -18 -331 -283 79 853 -310 846 253 -177 -760 -63 745 -223 296 109 506 -58 635 599 103 -228 -1024 805 544 -17 -56 -805 227 -473 652 -78 -106 -19 711 -491 195 -1177 384 77 -751 184 30 512 -118 -57 230 -539 -362 -283 -439 306 63 620 317 116 552 -393 970 761 1352 -865 -567 4 -955 478 -636 551 -1014 -810 129 -143 -64 -858 -96 508 -1157 -1051 86 761 580 -50 1306 8 312 60 25 1352 180 82 1431 -11 -29 19 106 -797 -828 55 -475 1432 -81 560 -256 749 -138 641 123 -733 -143 1225 -99 -1222 -141 ]
[970 -657 845 613 284 517 436 -513 1088 206 -129 89 331 -611 -819 -184 114 -247 658 -65 477 -340 -16 -55 -228 45 -157 -96 383 676 -654 602 -469 -383 530 709 329 1343 193 359 -579 -782 68 411 328 -507 1013 -288 -593 513 -292 562 -807 -27 -249 -557 155 313 285 -898 -482 -633 -810 360 -973 -188 1179 -161 -619 458 282 -283 938 -491 -160 111 -924 1574 756 -544 -795 201 -105 401 628 -434 -107 307 207 146 297 71 551 -551 -375 13 -1247 646 370 -153 792 -183 985 736 -410 -449 -1093 1367 -1038 -401 -531 40 628 773 -720 -42 126 859 191 -82 927 831 -1222 1102 845 -987 -883 -182 ]
[544 -499 -622 -125 -507 687 -266 -941 517 -904 -843 -142 955 -365 423 -850 193 1121 -805 -192 144 -666 -729 800 -725 -448 -55 995 83 188 -277 -369 -701 601 -98 766 1105 1249 -497 -146 -764 -10 -36 725 -289 1288 279 -104 -19 243 -257 -149 -535 -76 577 -357 -362 -81 -768 460 -222 -452 1110 578 20 -76 65 -1395 351 -545 604 -1309 -357 -1129 -1098 -397 314 -571 656 387 144 184 390 724 -136 187 1491 801 635 1067 161 -216 -643 -208 -879 1146 26 345 801 -263 106 921 776 152 -796 682 -774 -226 -1599 -278 -349 -890 -414 242 406 -36 1116 91 -60 50 -8 573 379 -637 -408 216 -452 1287 ]
[-375 -544 87 609 634 -1 1111 -83 -447 -953 40 699 70 665 856 -231 -698 -1284 1086 -393 -754 1049 1225 -688 334 505 955 34 961 -486 356 69 -347 50 -178 1136 116 -18 515 -713 624 -381 671 -444 -721 479 -1014 127 -43 -164 1034 -489 -677 555 385 -403 -410 -10 475 1272 -532 383 669 31 126 -105 300 831 990 -260 -1153 -550 -199 680 -123 -1398 367 -554 -41 945 -1384 -457 -726 113 281 -419 1154 37 462 -464 -901 515 -276 300 -180 14 -294 -1838 -296 322 -245 -1067 -1326 -202 -485 206 -512 263 681 -807 -557 731 -589 -325 -472 -890 -187 297 -116 1168 -392 256 1384 -531 732 -572 480 187 ]
[-630 -136 -643 -105 758 168 319 48 100 -212 199 -226 -94 -106 -326 -55 -203 77 -360 819 -22 -199 -746 539 -368 -624 739 1107 192 374 -948 235 1280 967 -69 -1022 481 223 -1218 485 -1535 -394 558 -534 278 -9 582 415 -316 -649 -199 557 -695 -190 -77 980 -96 -496 534 720 -700 531 -552 -257 978 116 -712 -133 -759 -428 -272 1492 -499 -1558 -518 183 293 -426 354 -172 300 -647 52 43 -163 481 -814 521 411 -92 1060 939 641 371 175 370 -80 256 1230 -208 1183 1447 631 517 -356 149 247 -556 124 1241 -57 558 343 356 -321 367 200 170 26 -236 723 -514 -210 -712 -293 931 415 137 ]
[197 -68 622 -239 759 -666 568 197 -435 -301 323 365 -347 849 300 761 -680 76 507 14 -614 569 86 341 344 563 159 -199 1148 141 628 590 189 -557 -418 -454 -463 -1132 216 335 430 43 357 -96 -499 -1087 380 323 -567 54 758 966 -1415 636 504 496 -417 -366 166 -457 -543 576 -1011 -1504 612 -614 34 -146 -221 -366 -795 445 243 533 85 123 -209 133 -364 -881 -777 -369 -493 -279 732 -528 504 -974 485 -192 -686 830 873 222 298 -872 -324 -902 -772 585 -335 -151 -970 -171 -525 622 94 -51 1509 59 12 866 -655 410 -766 24 -226 -338 163 368 -570 -600 -373 -518 586 788 710 -431 ]
[592 -222 1299 -172 -358 109 -193 -29 368 331 1128 -23 556 -46 248 218 582 -828 522 998 553 625 -405 445 328 -595 -323 452 576 -762 -821 1464 -265 176 94 1707 302 -637 788 479 -422 -159 703 532 650 -315 86 -483 535 -542 -775 481 1036 -886 -495 -296 208 -367 320 -843 -375 319 124 -92 58 -315 -191 554 82 578 446 1113 -483 112 1058 434 -765 663 107 -560 59 782 -1093 841 267 884 769 65 -769 139 375 -1676 -358 404 29 250 255 1380 92 5 -1004 -800 992 484 -77 58 -722 -115 234 265 386 -304 -280 135 206 507 846 2 173 -116 586 627 -1075 370 -8 -256 -1606 -9 ]
[-214 307 -594 -273 83 78 -171 718 -436 478 167 189 -1147 -512 34 -737 389 -310 -296 -298 -1552 291 795 -1486 662 -464 775 224 629 -781 -185 882 58 -27 -128 -87 222 220 -1021 -346 740 -139 -670 626 652 -133 -367 -230 -697 208 185 -464 -46 -669 -972 220 739 196 -291 987 -371 1044 125 1599 788 -423 125 -48 -81 259 369 611 -992 515 859 557 -118 -113 -410 -110 -1157 -220 1193 477 -40 -197 -930 80 -298 356 -1053 -91 85 1257 -788 555 -841 -1356 255 265 373 -117 -486 887 52 678 -73 -238 -616 804 159 586 -1328 -957 -204 694 130 62 -648 -73 29 -134 889 -443 20 901 3 -555 ]
[779 456 664 258 -59 -590 -504 -280 6 291 -58 -620 -59 542 439 217 -86 648 725 -1274 208 -777 128 -317 69 -72 -124 24 -880 507 382 -207 -552 -890 -206 281 -215 -1282 1136 -738 265 -584 -15 302 406 885 -758 354 99 -846 107 121 -155 897 -291 -503 32 -271 -184 402 652 1429 -136 -1142 -510 -484 -596 269 113 -103 -384 -595 682 355 1065 -378 -1256 -1488 -300 626 460 -343 131 -781 -849 -395 -3 -148 -736 -1207 466 -830 -623 -76 -73 465 518 1039 1100 85 -773 -678 5 1094 515 374 874 -190 -146 -182 -224 -390 789 114 -729 -87 -22 482 96 767 -378 -1005 -69 1393 331 -442 7 165 ]
[1082 -17 110 743 -58 -510 421 -818 166 -228 85 603 422 4 388 -764 1208 -411 -222 -784 -1409 325 1226 -430 138 -848 415 -55 90 -536 39 -54 -454 -563 -427 -157 -66 -184 -623 -499 -193 -198 -614 208 70 735 -703 20 -80 631 133 481 -517 -242 -1019 -112 731 538 -293 343 376 144 724 -814 84 -530 -433 -137 836 567 -1227 -391 563 125 570 -88 -989 -36 506 -619 273 -584 176 1150 99 -354 -152 296 -221 194 192 -360 232 -84 -371 507 61 -357 1183 -591 -310 -656 -967 693 -372 -1009 368 1086 -724 326 -50 -342 -142 184 -1395 -43 537 -101 515 -136 -232 -361 -202 -331 436 5 -246 451 ]
[-116 -10 -1166 412 344 -150 -62 74 -10 375 -204 -35 -866 548 664 -116 30 -409 32 249 136 -176 1028 -667 771 -1079 114 -626 -674 1120 -134 -211 -294 -1094 -353 229 -468 -777 382 -218 584 154 209 -1174 132 -122 109 261 214 569 849 -5 175 1499 -199 527 -19 1103 79 -1006 830 442 336 -1403 -239 -99 609 526 -561 -669 -441 -177 311 1022 310 426 -411 -578 142 -533 -401 -23 452 -368 -217 330 168 -216 -419 -424 -704 -306 -853 -430 -331 -1739 -807 122 -346 445 -894 -358 489 -412 -80 430 397 911 -196 -276 -129 608 413 -239 -337 141 -251 -202 -424 515 28 53 -269 746 1043 -47 -1020 -107 ]
[-947 185 41 188 -730 -206 -487 -254 35 -434 -499 -146 186 171 605 298 -131 549 -545 -405 883 214 842 132 -940 -389 326 -636 -549 503 134 77 -4 219 -67 551 -931 -81 621 388 -695 456 450 -822 601 740 50 -507 387 28 -439 116 -257 474 441 554 -565 226 1343 -434 103 -494 -419 -1496 -39 -360 -121 -480 344 468 -277 286 1213 -27 572 381 -96 -1216 994 787 -36 371 -173 -865 -767 -127 177 41 344 -828 53 -61 -718 275 676 -229 397 938 922 -464 -17 -238 352 454 -533 -748 779 -248 -628 -54 -1137 -131 1497 533 930 -1375 -108 -224 -301 -285 441 130 486 -113 -382 -1213 -1034 651 ]
[-382 -456 150 -314 551 -158 615 -67 317 -441 365 -548 1059 -362 904 -902 566 881 67 929 -421 -434 -618 -495 -607 1345 -439 824 415 -385 40 -173 325 144 619 822 -367 704 43 511 -5 -269 443 347 -506 -89 -518 -1168 581 -558 221 118 55 -1261 348 1154 262 7 12 112 312 3 -599 -376 614 287 173 -255 784 -124 -68 -55 -952 -1422 -175 795 365 136 -348 -162 -794 1188 -365 601 395 108 823 -29 -131 -201 -798 -24 -227 -241 -981 551 5 710 -388 -569 -583 168 776 -361 102 159 -176 -709 300 503 -541 -122 -154 -357 264 230 -390 -205 37 778 751 423 -608 244 -1551 -232 -1082 -543 ]
[-100 -455 1060 -80 -466 13 128 78 1010 -756 392 750 383 477 -365 -165 -552 817 180 468 -1063 -19 861 1350 -643 1555 -1151 118 -87 -399 -314 -6 -52 798 670 -335 353 1014 146 323 -117 28 -302 323 -1587 -660 1018 236 -646 296 270 545 -1658 146 1264 357 362 276 740 -966 -933 -796 -1147 -420 -303 316 -141 -928 -43 534 -690 -434 35 -398 -696 753 222 -251 570 164 451 637 -1084 793 1202 366 770 -102 -321 256 80 -178 926 615 -771 -762 33 -276 -991 -858 1123 797 274 -417 -576 -1165 -423 -241 -275 -119 428 -891 30 393 898 -87 -534 524 -915 -51 710 -33 -448 -428 -381 -90 67 -165 ]
[306 -135 -93 817 742 -1466 -688 -159 -235 -232 279 28 -269 1090 -156 16 -209 -994 244 410 397 658 534 -351 269 -557 -957 401 -36 257 580 229 -554 -169 580 -316 151 -1808 -207 307 386 -168 -179 -695 290 87 -643 -337 367 473 -103 29 -62 49 -373 -878 -125 -28 53 -207 -79 719 -179 -856 -398 68 -358 -552 887 417 -626 -328 671 338 425 1140 -752 -16 -109 -755 966 -139 -559 -1364 -1008 921 -420 53 -279 -821 313 -186 -583 52 432 -680 456 703 -169 -196 327 -835 192 -49 -791 513 31 564 680 -1173 669 -505 910 384 602 4 -195 369 -292 -32 791 -540 -267 145 858 -82 119 831 ]
[-41 615 -193 -1274 652 887 -785 1404 -882 908 291 365 150 -525 374 445 459 -756 1375 -1076 397 -6 -296 -258 -205 359 132 -768 222 308 89 -407 923 166 -96 37 -667 -1 95 618 243 500 -938 -410 824 37 887 144 1190 -484 844 -124 -1050 -99 -874 -91 154 -47 -336 -112 542 -442 -926 -542 -278 514 -605 796 128 676 646 326 196 118 780 114 478 -742 -658 -316 -293 -940 245 595 -399 514 -693 26 -834 -362 -565 175 55 82 168 379 -259 56 -1 -464 18 80 645 269 879 299 -1165 304 705 -1256 -715 -424 629 307 -418 -182 509 -6 323 -177 250 55 140 -76 393 -654 328 -1483 ]
[1133 -701 622 -590 -328 300 -250 200 1222 329 55 50 616 959 -414 -8 568 191 262 -716 -39 -737 -559 -285 100 -473 -544 1519 471 -239 621 -207 -560 -97 -393 -336 490 55 80 330 -512 -528 -911 461 233 86 779 -543 274 -940 858 207 -485 536 745 214 243 -1288 131 -87 35 183 747 425 -511 68 -421 -539 -336 -190 826 367 -395 -446 -247 -444 630 -131 -1202 562 2119 -348 442 -549 -401 -177 -811 -94 374 935 980 385 20 -10 1147 126 -448 -166 632 1239 297 792 -692 472 52 604 522 -627 -255 -77 640 -469 967 298 -268 398 77 198 844 516 -485 -231 -179 52 -1166 -123 -60 240 ]
[-442 494 -248 136 766 -371 310 -386 244 -716 117 -276 1614 -408 480 -362 851 -159 -1394 -670 732 -144 317 144 -944 -216 -132 -925 582 -668 -593 282 857 952 -680 -193 -369 -2 204 -39 -468 -453 -906 715 -749 -760 786 -26 138 -683 501 749 -624 510 -154 1011 1013 -99 743 -857 260 469 -760 -1082 826 368 251 115 564 461 -281 421 887 -829 733 264 -610 477 1102 -614 572 -129 909 -360 -162 -373 186 166 -27 450 448 -772 450 -1390 13 966 671 1847 336 -693 -87 155 662 1059 -493 -1032 818 -429 -991 699 -303 -292 186 200 -383 -425 438 -56 314 -49 142 191 363 266 570 -538 -506 -797 ]
[-858 -71 -1152 -63 159 -435 -964 -403 231 1311 158 -13 -262 181 668 -812 414 -663 8 1033 186 348 -149 -289 -273 34 597 -83 484 -301 90 -437 -58 380 -784 -25 402 -436 290 674 -321 -154 357 -1014 846 575 -685 392 -1 -698 -106 -361 -1354 549 1482 703 -779 -260 408 127 145 -341 204 -1243 954 -1102 -374 1097 647 880 -569 -72 117 60 -815 -965 751 -490 1113 -868 145 -155 499 -1200 -761 -285 1490 856 -482 -97 977 -748 816 -1163 81 101 108 914 468 -893 -314 1011 421 1180 -848 148 165 -241 74 82 -577 279 776 967 -233 -1651 -377 -761 -10 -568 350 -296 -3 91 328 -145 -710 -750 ]
[-1243 4 22 114 1155 -517 92 627 -306 241 -804 -59 -644 -143 -416 730 -663 308 -361 599 972 575 9 443 393 -154 -320 -216 -1332 241 -69 -483 436 634 -903 -724 -870 -513 -53 411 -262 486 -815 237 -31 59 928 216 -378 -20 -258 247 -681 -50 -892 -238 382 -274 238 -288 364 -264 -1037 -132 711 -243 -851 -199 326 342 135 1075 -152 -3 -4 1301 778 -1401 -317 -273 1474 -162 -63 -43 496 208 -6 29 -353 120 35 95 147 412 658 208 319 626 -1710 -967 27 79 1254 622 -400 826 115 -762 -140 -218 425 -90 -720 28 466 -966 -777 -293 -54 -1067 323 124 -972 -103 647 1086 798 -1037 ]
[-354 678 207 -363 1419 64 -249 362 356 1366 -359 581 28 -1594 138 -78 796 -849 545 964 -480 -90 -16 -1105 -446 -407 1080 -456 257 233 -93 -659 -183 -505 -274 686 -637 -253 -607 -106 -264 154 647 -79 493 386 732 970 -241 384 -44 0 -1305 105 -846 839 154 160 -1291 214 234 -1006 1107 -692 712 247 -661 501 -499 1581 -777 764 253 57 544 -1014 -631 830 429 -869 161 -37 346 306 -578 -92 106 1014 -305 -941 661 -246 1036 -575 -702 914 -640 760 395 -916 -634 457 685 1574 -94 -506 -423 228 422 165 215 980 -124 1120 -1321 -282 -766 -592 -884 -669 961 886 718 646 244 -277 288 -618 ]
[-1239 -542 -242 655 -764 -219 -812 -237 101 -781 287 164 129 1083 -869 146 -677 308 1042 -522 506 1038 -220 485 63 320 605 292 10 -734 -698 -98 -649 -142 359 98 406 -443 576 -742 -809 -5 -973 233 -104 -420 -672 -53 780 -47 -700 541 1091 621 455 -263 -295 -549 761 1387 -253 787 -638 -242 172 -363 1126 -1084 -290 1 561 808 -499 -731 -285 512 153 -439 -497 279 -595 120 -340 -404 -221 -388 -343 220 -15 551 -596 -61 194 -441 -101 -212 -679 -334 298 550 153 176 -164 75 125 -220 1180 135 622 -602 187 -16 -373 -789 -247 -331 -479 726 556 1133 -1019 382 -123 47 -607 218 -26 118 ]
[139 -218 733 505 41 -382 1033 126 117 198 -2 1036 793 -415 -83 466 248 -698 16 -346 -266 707 580 352 807 256 -1377 470 408 207 400 1145 -200 -245 -111 262 -955 175 186 243 693 32 -548 630 -545 -342 687 -166 -327 -304 722 426 160 98 -451 419 804 739 154 -644 -171 -498 -336 -553 447 955 23 27 -252 247 -997 877 670 -278 1020 675 -373 764 478 -642 1286 5 -233 335 741 378 230 -470 -465 705 580 -196 368 -281 -528 -810 96 304 -758 -852 673 -390 140 538 -557 -1096 -132 126 -1115 -436 -149 -333 -504 884 556 -165 862 -452 -206 -709 785 492 241 374 477 19 74 -440 ]
[-247 369 636 -473 363 1136 -713 30 406 -71 702 27 143 523 -200 129 -209 1041 237 -19 853 53 -555 -622 -1405 235 -311 -172 -120 -1212 4 -69 -184 536 477 -296 687 340 327 -16 -386 -174 -720 1137 130 -517 778 -516 274 -858 1021 -299 56 15 637 -421 532 -1353 739 -45 -408 -550 -93 -194 -889 869 614 169 -364 271 743 4 -341 -454 -867 135 266 198 -463 1243 596 289 208 -152 -582 -282 -330 -931 -517 361 338 -276 884 141 -185 1030 614 652 10 -3 741 821 571 205 598 -412 399 -858 145 -56 513 -657 687 -1137 -580 -325 -1283 1104 499 1069 451 698 -273 584 -1046 -1115 111 -203 ]
[-845 991 -229 109 61 809 -687 -284 -766 -782 446 444 -100 -381 751 622 -746 -310 776 -263 912 392 -96 -222 -391 -936 1008 -517 -87 -164 304 643 39 439 797 1065 -839 -255 -333 148 -346 -214 -116 -265 212 658 -18 12 72 248 70 -800 341 505 -667 -714 245 278 527 1401 -857 -51 442 499 15 40 1408 705 312 -546 -94 470 184 624 1313 -75 -741 -464 166 100 -1599 -438 -23 215 -46 -354 -553 -24 -554 131 -970 -193 -682 170 -652 628 -574 -123 413 -101 113 -285 1241 -32 862 -121 72 797 -357 -117 -866 -79 -863 91 76 -172 235 822 -156 488 -617 843 1112 -198 465 -1012 532 648 ]
[-91 -117 9 239 42 -131 826 -163 -108 -51 -201 1144 91 114 -97 -291 -460 33 133 908 -679 188 -371 -920 231 228 -581 515 831 -226 500 -92 145 -134 24 -322 -226 382 -343 -104 -151 625 618 232 -741 -590 633 374 1232 -941 1242 15 128 190 482 850 262 36 -367 -394 -56 667 58 11 505 1049 236 -459 -457 -428 -331 -51 -818 -284 -386 -119 535 -565 -676 787 1036 491 154 -681 868 691 439 -111 -238 -135 333 -322 518 -292 -561 -445 1024 141 -351 882 -921 424 -889 -196 -546 -696 533 -503 50 284 460 233 1092 354 -177 104 -496 73 -707 178 389 281 695 738 -848 -148 404 -146 ]
[-411 567 -14 -248 -541 -393 -399 806 -541 75 -590 -1079 -376 418 19 850 221 285 783 -455 -277 31 131 -28 738 -184 1015 -45 133 625 1068 -1003 -785 -931 560 -92 320 161 1070 -782 546 932 882 -311 469 -759 -1253 1142 71 -934 -605 -886 324 208 501 361 -546 316 -463 95 490 -184 476 -239 -23 -690 156 256 -849 87 1476 -410 -632 1337 -359 -332 358 214 699 393 -1796 274 -279 557 -87 -134 1428 -126 326 -460 -386 -317 185 573 21 -481 116 -133 343 -202 -964 -56 142 -686 1216 259 -424 -545 1295 -6 -300 1024 423 -154 797 -390 -110 -684 774 635 -91 -513 -33 1218 44 1638 -38 414 ]
[-43 1037 -1547 -68 304 282 -123 263 -703 183 -118 -177 -807 -153 442 -125 579 653 -560 -1152 -133 -156 -57 -656 434 -531 194 413 365 379 287 379 219 -691 -122 574 273 -125 -993 -1024 795 117 -1003 374 730 364 -296 1127 80 555 248 -581 -773 -154 -1353 -499 -305 334 -1007 199 -531 249 766 875 -7 -224 676 10 -1021 -732 -221 36 -299 -69 -4 333 -280 -208 -405 -242 -225 -573 1120 -382 -780 910 -207 -21 -615 1097 -285 -103 -833 575 -257 -4 -535 57 853 515 432 405 644 352 -247 1001 -405 293 -1089 -965 42 383 -1302 -369 -15 536 1033 166 364 -14 -234 -391 -435 43 753 1076 -375 211 ]
[234 201 -751 -710 61 364 -414 222 -953 -221 267 -156 471 -1168 -151 127 930 -121 -506 465 -1092 31 -102 -20 467 458 -596 -160 743 -131 -24 -223 441 1150 -290 -1216 41 724 -587 477 24 157 -221 193 -143 416 -86 68 104 -2063 -1041 -607 744 88 10 41 85 435 457 -404 865 55 -878 495 896 1505 -539 92 -3 464 1276 -375 -1079 87 126 11 966 -792 566 164 -412 286 1358 313 97 -489 -559 -761 44 2 -171 275 370 762 474 448 1301 -292 -202 -645 -178 953 -342 169 -111 -84 166 -857 -488 912 -316 228 521 462 406 -707 -50 -631 327 -1330 344 -139 586 -26 -940 806 410 -496 ]
[-361 432 -497 284 27 282 -79 -28 13 -191 -264 -1176 404 -299 -366 -319 -1071 186 -286 -539 146 -643 -497 -368 -268 34 640 892 635 -103 -265 223 308 1348 415 326 349 -380 -875 -340 404 -174 41 -567 -126 816 -817 248 2 94 -449 -216 722 356 1247 -447 -80 909 1127 252 321 -334 523 1141 -466 196 2406 155 -416 -604 260 25 -119 -876 -281 413 152 876 -455 353 -1508 91 -166 -79 309 -825 427 97 1379 851 -376 656 51 -279 -733 -452 -875 -1087 -446 984 705 -514 -456 -1046 397 -649 169 769 12 -173 -1006 -189 -2094 -1335 -422 1 266 -340 704 957 -875 -178 -223 -212 -197 544 562 -648 ]
[-60 -293 -91 286 18 1260 352 -955 -227 -689 531 -111 -117 -349 -323 -137 -722 -324 531 684 489 276 749 -585 573 -1457 -212 -242 -73 170 -1076 237 346 1351 25 -234 285 -13 318 -227 -526 410 -628 -673 -204 534 -286 435 -542 -187 -1185 -1307 -324 184 44 -368 -41 257 -260 6 558 -369 -712 -297 108 -7 965 1722 138 516 819 58 -278 6 -27 -309 58 -596 685 -675 -295 -29 294 155 747 439 -4 -238 -19 -1358 262 -512 -840 -458 -299 933 802 96 -673 -782 -306 295 -46 -363 312 950 -560 551 443 106 -175 -410 -331 195 -81 -1646 -216 51 621 -204 425 1358 -1065 -91 -87 304 15 -431 ]
[-1044 -85 522 976 -284 422 -172 -25 17 1311 817 -62 -927 -803 -673 862 -231 -742 776 815 -208 584 -169 -1098 93 329 422 -161 -886 -118 -393 482 155 -134 35 607 505 445 831 664 -91 -339 1130 -3 598 -1042 787 335 -806 54 -1049 615 355 -821 -744 -204 -29 -81 364 -93 -937 142 -191 1249 213 -331 -937 943 -748 382 -264 1336 97 961 305 -130 -440 -850 -633 -119 -223 -378 -1405 554 127 -274 112 20 -109 -1184 -392 88 697 1225 -580 -267 -706 525 -708 240 534 -307 229 241 917 -199 256 221 1121 1503 689 -356 -721 409 -244 1165 -848 1743 -1334 45 -84 -1027 -628 -291 524 -778 542 -122 ]
[-353 -1061 1332 690 -213 268 129 -336 -31 -798 163 809 990 -218 442 214 6 -391 322 -72 -940 1042 483 155 -415 -158 1155 342 126 -970 -805 -1062 24 747 -164 63 913 803 -348 -1011 -1123 -312 -15 -191 -197 499 -106 -245 268 138 -468 44 -335 -337 -89 -571 4 -274 335 1273 -304 -13 145 1009 482 -156 415 -259 959 925 -397 -278 -160 -110 -617 -497 237 198 -166 600 -445 49 -993 964 568 -731 -92 1287 70 654 -937 -124 303 619 47 1116 -142 -785 989 -685 -36 -10 -821 445 -545 -317 206 306 -59 -302 125 -468 266 -817 -888 -728 -802 1138 467 433 -517 3 -76 -269 520 -777 538 213 ]
[380 -1083 735 -727 133 451 -222 331 427 1122 612 29 -308 -599 -83 -580 147 1085 709 -612 -34 -810 -1085 -127 181 -187 -445 172 -82 834 436 434 -748 152 -737 506 -387 -518 945 513 558 -1436 -183 1406 742 1176 75 -802 -745 -200 -471 -363 -560 131 112 -954 -296 -1417 11 -467 303 -50 915 -463 -226 -329 -829 -175 -272 42 287 627 349 676 667 385 -316 -1304 -1228 112 1175 208 178 -77 -577 -1089 -265 -533 -143 -557 48 -281 -35 669 -1485 1183 128 1295 48 547 664 219 1374 1006 -276 1235 -198 -1379 33 570 101 -955 -989 -50 -232 1242 574 -152 -576 -190 381 -470 521 323 -204 -473 -173 -294 ]
[298 -505 -598 615 339 503 -684 -461 -645 -583 -418 18 486 904 -221 171 -482 -365 465 -160 -340 137 175 -1069 381 -75 -35 1524 -422 -673 318 621 -1022 574 -228 210 243 -755 1295 488 -64 1056 -356 -504 423 901 51 -592 118 -26 -689 79 759 991 258 -1066 -459 -259 1432 531 365 -511 184 306 -1367 221 1124 -662 17 149 45 417 -49 569 -50 398 421 -90 -162 -108 758 -398 -527 -858 -313 -309 30 -358 173 545 -70 -672 -316 -688 -119 -607 90 -399 -226 372 72 -785 62 -348 -262 161 278 781 140 -1654 -194 -1661 -887 -597 -57 -1057 -513 -157 963 567 -203 1052 -932 441 -46 -517 -12 593 ]
[285 540 1019 -451 -260 -567 -60 1213 619 1184 -206 -228 486 623 758 1602 605 1572 167 -588 331 -718 24 -21 -253 278 -1202 468 -327 521 1286 312 -641 -724 -169 109 -1188 -320 1243 89 231 681 -412 527 615 544 389 -682 -711 -544 175 -5 -885 23 -497 545 233 427 -323 -1011 14 -1269 353 -805 -860 -70 -223 380 -985 641 895 -274 508 180 949 602 -359 425 428 636 767 208 677 -489 -632 -418 407 -117 4 16 562 -102 -243 -83 935 -487 273 401 253 40 -346 224 -498 669 826 -581 711 -188 -143 7 405 22 832 664 359 -358 -376 -600 347 160 107 134 -74 1364 -441 -192 -9 4 ]
[-848 -259 -160 615 849 -444 95 -596 204 -1389 -251 926 287 364 -1024 473 -610 -1144 239 -128 -723 -305 259 -491 486 -682 274 502 -589 17 -829 -79 -928 208 312 37 646 -1252 454 -402 -284 -697 970 290 -122 -269 -521 464 115 -140 189 243 -829 1115 -43 -111 -233 97 -283 -429 -851 703 343 -1248 162 -391 441 -325 328 367 -521 -480 903 -142 201 -868 -1138 -1165 827 192 -75 55 -239 443 -327 23 129 -486 -568 -863 80 -886 169 877 -810 961 -78 24 199 1235 -877 -502 -67 -516 -257 -310 337 897 -446 2 575 139 16 177 -658 -1264 260 189 -487 765 -651 -307 131 -621 372 -395 -594 558 ]
[603 895 -745 -843 68 1062 -336 684 -204 291 -186 -637 -711 -270 -16 2 179 683 -717 -55 393 -599 -233 -73 13 -16 -318 305 -1055 703 771 469 137 893 -123 5 -3 -98 -285 776 1184 482 -60 -548 -330 858 526 -456 -29 638 180 -683 2034 28 -49 -117 112 688 61 -149 133 -129 -321 265 224 1301 314 432 -1419 -323 112 213 -650 96 -195 -631 13 719 384 -1242 28 -643 1189 -935 -284 -459 -465 -592 498 880 420 613 -349 -242 667 -312 -375 -254 -1429 574 -265 -198 -157 -595 -114 536 57 -154 452 -595 -868 287 -1258 -391 362 393 225 -1579 -134 -424 293 -1 69 -737 366 977 33 728 ]
[-90 286 -607 -299 414 85 616 -559 -89 -812 128 -467 477 137 764 30 132 -620 -453 -8 269 65 762 1154 -47 534 419 -550 -26 -614 -633 -1533 636 254 1105 -54 -962 836 -582 -1072 41 -332 -649 -809 -1227 245 -639 292 556 687 -255 -353 -1091 -558 722 284 -54 888 203 -299 204 -1278 381 -468 232 472 920 274 505 -465 -49 -848 271 41 -685 569 1042 646 879 -395 -999 453 602 865 675 -223 339 -167 -510 299 -243 271 1081 -438 292 176 -72 329 104 -1623 39 225 378 136 565 -391 -516 21 -1039 290 -1096 945 -594 483 395 -272 497 -836 1066 233 275 307 -60 -190 385 986 513 -1042 ]
[-102 403 1120 -533 369 525 362 -247 276 -1129 -615 -173 -52 194 497 754 -326 600 -233 -111 -451 -447 -28 -362 334 223 -1119 -104 -857 -185 -295 272 215 51 -135 511 -352 -876 567 -1282 1040 -555 1049 527 -333 45 470 492 -799 -390 123 -257 -862 197 -100 -663 -563 -422 -619 -156 -507 204 -339 -376 -398 388 -872 763 -302 -518 1 603 725 -174 -48 339 -260 291 45 1436 -130 490 155 416 -37 437 839 0 552 -567 -1183 942 82 1558 -40 17 -322 -627 -505 359 -395 -354 -9 589 -506 810 982 -359 684 421 -706 -12 -765 -100 253 19 -513 894 -356 837 702 -108 -507 -103 363 847 -433 153 ]
[166 -768 532 4 163 399 766 606 -22 828 -451 -665 223 -93 -575 -1285 462 366 657 95 605 160 505 357 539 -972 -609 632 879 554 -1167 212 -564 -292 -404 690 906 214 -122 -895 -420 124 53 933 -571 1118 42 -422 538 -246 516 206 672 639 62 -310 633 224 -647 -62 674 376 -22 -201 -205 172 -201 -1123 83 -331 -14 -773 319 -296 211 -252 -186 -495 761 -96 266 571 682 504 782 -86 271 26 757 -563 -430 -614 -645 -92 -1112 -269 883 559 -738 -662 431 -387 -461 915 -1155 544 -1369 -67 -548 -1295 -142 -100 289 -330 -993 -752 -221 -988 -239 703 521 629 -283 215 -745 1229 -867 -598 ]
[-165 1167 -198 -136 -1326 37 -719 -1325 -247 -585 166 832 -453 -164 358 65 -1097 36 -543 -232 942 101 -471 -805 -717 -639 815 -1044 -1251 353 492 346 233 614 405 -401 -134 -756 -155 -173 470 68 523 -653 -307 407 -634 126 270 1030 -592 -757 912 -353 69 -1375 -796 87 -371 1072 -98 91 453 260 -91 635 1117 876 164 -177 -169 63 -376 -386 -777 -360 -807 165 -566 -181 -613 321 -38 -1403 -166 -572 -38 1076 343 -90 1449 -668 -1305 -457 671 846 -572 -339 80 1189 -1161 -877 45 -408 640 799 1185 602 407 324 -1592 -452 -1151 -275 733 2 773 94 100 -963 -1179 -349 -22 -412 1164 -741 298 769 ]
[-149 -954 -569 72 577 -388 429 -300 254 -1648 -574 1036 706 665 455 -87 206 18 -832 -80 -851 -160 982 16 -53 -286 -295 61 878 -236 -888 139 503 11 -292 -884 394 225 -385 -35 -548 680 491 -426 530 -510 322 -158 -887 -984 49 126 -846 1074 -129 1120 819 113 956 -217 -220 685 -415 -587 121 137 -1071 -404 436 690 -1098 -722 779 50 526 39 -300 -234 1301 -162 615 264 822 142 -355 1177 -684 314 -472 -391 666 -312 -972 -405 318 94 1042 199 1061 -1113 -210 11 -1186 280 -455 -552 -222 332 -858 111 409 421 1033 831 -642 -1685 271 -386 -848 -361 -377 1329 389 284 -866 -587 -550 -573 ]
[-285 171 -950 -874 -190 292 66 -440 -470 -1177 -815 -313 169 1092 -219 -859 -257 -68 -486 -68 -419 -530 -255 -664 714 -1762 492 292 -1176 173 39 -434 924 1013 -387 -37 -69 1228 32 -113 -798 952 15 -924 -406 -24 322 517 749 -182 677 -1221 -401 29 460 560 -324 463 -35 -513 980 -359 -377 -582 -156 -486 94 -455 633 -159 260 -448 3 304 -651 -361 1058 234 1045 -334 1407 608 -371 439 1785 415 549 402 -231 -128 -255 -348 -511 -494 -322 -1140 1000 -750 -36 -1287 -763 73 817 -88 -482 706 -497 -168 -905 -342 -242 -377 175 565 342 -570 322 -607 354 -779 209 -69 -1187 -388 -435 1468 479 340 ]
[-759 -1434 -43 -36 21 257 56 923 267 314 230 111 -634 -1039 -596 -689 915 -438 -208 -528 357 331 -453 -141 609 -21 120 -748 649 31 -1576 -31 344 325 -176 759 80 58 -248 -182 620 -449 -68 815 1182 -349 806 -313 355 191 -338 -55 800 -509 337 9 -108 -60 119 -375 839 -1466 62 151 -456 -93 296 -182 -1040 266 -474 968 30 -258 -61 -583 -597 140 -240 -670 -255 568 433 730 -295 510 -172 569 -195 861 -608 -966 -344 -684 40 461 292 619 -436 425 -202 -417 -86 585 -181 -474 -1102 763 275 -1413 938 -372 -547 110 -1198 105 797 -376 -1138 -1620 533 189 -194 13 73 -649 -1298 -1179 ]
[-469 -477 -816 -200 120 748 1139 299 -414 976 91 194 212 50 -186 -353 355 102 184 254 306 -165 -260 38 -214 -665 -513 -696 375 373 -365 267 693 435 105 -131 28 303 290 630 183 445 933 -244 524 546 -243 691 -134 -104 -209 -472 456 144 -36 254 -151 -468 163 -633 314 59 1386 372 51 -354 346 1272 -391 -573 -731 538 152 780 -217 -420 -136 -6 959 89 105 411 295 82 576 285 261 -153 244 304 -417 -178 -587 -930 -559 2 648 378 -241 1288 86 -958 -644 -472 143 -364 168 -208 -211 -16 537 49 310 849 -672 1318 720 -500 -147 -441 -402 206 -614 -318 -632 715 -525 -931 ]
[-715 573 276 492 -227 -1335 -554 -7 11 -783 303 -359 175 -167 -432 -82 -622 0 -850 337 -377 204 -350 -107 262 435 662 86 261 -626 437 -238 -163 576 -288 -1010 319 -1052 385 -425 -239 837 281 -662 516 -571 -616 700 -242 -62 -587 294 -415 413 -217 181 -764 -45 -671 -67 105 -342 719 -276 439 -156 1095 -317 -577 270 115 -86 -257 342 -1000 206 -109 256 -582 35 -397 -103 -510 -1116 -478 -133 164 1108 475 -453 1160 -37 -614 -222 614 299 -175 -631 91 821 -390 -112 -544 -835 -136 197 672 605 554 -150 363 -304 -569 -288 -338 -387 -604 405 -365 485 -818 -243 -1 -39 431 245 721 615 ]
[63 -380 626 29 -66 -636 836 1054 -219 882 -188 -233 -80 -788 -857 -94 610 -528 -1164 -148 -189 -195 -203 -468 1687 472 -1372 230 713 539 -225 1050 -274 145 -850 173 -510 -180 475 -93 448 540 83 530 359 -1029 111 -167 -711 -392 -520 12 1020 140 110 58 -142 95 68 -689 717 -420 -294 704 -162 -363 -906 -502 -359 63 475 201 670 1599 437 -812 -66 -17 -675 -656 904 240 384 181 -202 -64 -274 -44 151 110 154 -313 -451 87 -90 -433 674 -408 -418 88 654 77 -920 -234 -247 -15 -658 276 -86 781 213 15 -1144 28 -22 486 589 -820 -1068 -353 5 -487 281 294 704 -186 -426 -711 ]
[-132 224 2300 -387 885 573 474 909 633 -986 640 171 416 16 458 732 -357 647 -276 502 422 -75 -1379 679 555 216 -1062 339 -12 -187 -566 385 1163 1177 -450 -388 -190 16 12 22 115 -354 -654 2110 -595 671 574 -516 -609 -1166 358 -158 -683 -333 -425 -247 637 -693 -409 -381 -609 -27 -1253 -23 383 976 478 675 -1227 -297 569 298 -1336 -697 110 -435 -270 -88 -374 7 979 207 559 801 795 -573 -170 300 223 588 -13 -372 1136 897 714 1291 494 207 -562 253 -920 218 -346 979 56 537 109 -874 286 -67 487 -327 -377 -359 23 -225 -41 -616 461 240 158 76 -561 -109 -84 1278 282 -960 ]
[-176 -100 -652 111 -99 204 -1097 30 -147 674 -258 -179 -459 112 34 355 612 -302 1355 -275 929 801 -480 -384 -470 -165 -196 361 -238 -891 245 -228 -350 392 -386 131 1131 -19 790 288 203 -429 -506 -760 805 -399 781 550 125 -730 797 328 -806 483 318 175 -446 -89 734 -172 -539 -122 228 -137 99 -160 -1019 191 768 -288 197 -60 979 -746 515 -23 1363 -1243 -1168 611 852 -558 58 -642 -917 353 174 -1049 -109 -768 -842 574 -223 83 476 -552 239 450 19 184 1125 214 -183 -454 119 99 -727 172 933 296 227 -969 386 485 -285 -793 -981 1610 -524 644 -703 -10 200 -495 -761 -1484 122 -165 ]
[-612 244 696 347 -914 68 -20 -1046 140 -691 235 -382 651 -388 -563 -631 -181 624 -915 209 1107 384 -553 -375 -1061 259 -47 -302 375 -1134 -1461 508 97 672 -438 -149 513 -546 -508 505 -846 951 133 1071 -348 -478 -185 -987 629 -82 -412 64 505 -162 -37 -185 336 -344 283 -120 -28 692 -1277 250 -285 235 1070 -479 142 81 501 -511 -255 -1065 -415 771 -574 -95 225 -1024 -241 674 -201 -734 214 236 340 465 41 227 76 -1195 287 -1386 -278 448 876 1027 -404 -147 -888 -473 -382 277 -380 -964 878 395 -160 -326 -83 -1010 -80 -668 -674 -1209 -264 175 -81 245 -477 585 -483 135 19 -536 -952 -440 ]
[400 223 -201 41 -265 -448 -200 573 387 -747 679 -769 380 63 -732 462 20 771 -85 -578 -433 -380 -315 211 -66 1413 -624 778 -218 934 -265 -229 -171 -173 70 250 -107 -555 -43 -275 560 -340 -1146 -240 53 -130 -187 547 -428 84 -111 -255 -34 41 -391 -409 -231 563 -12 31 -595 557 -571 1151 -277 215 657 -257 -802 61 437 -973 -445 -1257 -286 339 -160 559 -396 -67 -539 -353 3 -497 -259 864 -828 442 -199 -339 107 653 -459 831 997 -287 -1120 -308 -411 712 96 -63 449 -1061 228 -100 -113 -306 -407 -1325 669 261 -180 -459 1113 252 101 1027 -221 19 -272 -844 -87 192 515 749 327 268 ]
[442 -86 -327 251 188 437 22 250 -722 55 45 -612 -1070 484 -529 197 -185 203 -586 -1078 -562 -657 226 -366 362 717 -198 510 -248 -598 57 888 -39 319 103 -1093 354 -720 501 -102 1173 -347 -382 1061 654 44 -653 456 -598 39 -658 21 -175 626 -214 -658 -216 -545 556 -387 63 1132 -598 1035 -1067 -938 624 357 -353 -79 72 -867 94 532 724 129 -292 -262 -642 423 -181 -673 1160 -951 -610 -320 -1053 -923 -734 -501 -689 -393 -393 198 438 1118 230 -385 214 1981 -243 -916 -583 -1257 351 421 -174 340 212 -59 482 -1290 -48 -1211 235 -266 37 271 481 -52 93 -421 -154 63 41 -27 -183 -650 ]
[467 625 -581 563 649 122 -511 549 -270 11 506 -37 1027 -809 -857 -119 -206 -897 671 452 -262 139 -351 47 -41 194 -540 -215 612 641 389 -412 313 94 21 10 -108 -364 -633 720 -769 -487 -931 292 65 655 -269 121 448 -232 -128 -100 -242 389 -963 -582 324 427 236 83 262 1380 -819 444 340 405 89 -371 1099 375 551 -1369 330 -346 720 -335 -765 156 -288 -622 -182 -562 595 144 -346 1097 -1936 -208 -34 -1067 -890 204 -213 -613 91 442 -101 360 771 -759 301 -22 385 -244 -637 444 -741 120 -381 -603 432 -380 1024 608 736 -223 970 822 -352 -1281 -434 297 685 315 -651 -784 338 141 ]
[147 310 -114 -209 -577 -858 -807 947 160 504 573 209 -477 429 34 520 -469 176 138 597 -764 589 728 260 750 -13 1177 -409 341 897 616 -618 -33 -492 -501 354 -43 1072 -85 202 -628 336 360 -670 -265 -728 14 992 310 328 -666 506 848 -169 -128 484 -211 392 192 -404 144 790 -107 -1038 1211 -24 -577 -1025 -452 857 235 -423 -902 1744 -231 82 419 26 257 -985 -1157 46 -564 680 -283 -49 534 677 1056 28 285 -376 536 1352 717 -209 -1054 -324 815 -1201 -1146 32 346 457 -293 304 -196 -441 407 942 -221 1446 -132 -43 683 663 750 -1132 -170 -756 -534 -910 20 626 1075 1040 -231 1349 ]
[-660 453 -411 -676 121 127 17 525 123 -467 553 594 861 -766 -582 245 -542 -332 -920 333 -1269 -255 408 11 994 1088 341 202 187 -115 161 75 1126 452 -10 -806 242 -27 131 -108 350 -500 -325 -128 -706 -295 378 682 -1284 -317 -851 115 -1724 767 195 444 -457 -705 -64 894 -833 -653 -272 -340 872 -2 -193 -153 -139 844 -969 1629 484 10 -275 -680 563 433 958 -318 -424 -291 -1105 483 -151 -924 -192 659 97 -67 637 1117 957 135 262 -370 -1203 -1065 -1345 -760 1081 912 1533 229 -788 195 899 305 165 -449 460 283 -461 92 807 -854 -937 887 328 -185 408 -1092 -767 -1155 590 1067 215 -171 ]
[234 345 435 542 216 -37 59 -343 -167 -1143 -565 -46 -460 122 65 641 -164 265 -889 744 -491 -1186 -28 -454 162 -569 47 340 -947 -90 -60 921 145 -179 239 637 427 222 -846 -1081 1028 -543 1478 338 -68 -939 486 961 -1376 480 -1188 -384 800 -879 607 -28 549 1286 469 478 -341 68 282 1386 -865 -638 -458 387 -55 90 -455 -99 200 61 461 -753 -763 1356 773 696 -505 339 -584 543 -72 -84 98 -34 659 1037 126 668 3 1949 -189 -720 725 -898 -495 1014 104 -340 -1075 -526 517 -556 732 300 443 1412 -42 203 -949 84 701 556 125 296 -775 -308 -613 -1030 678 -302 502 -119 804 1057 ]
[-336 176 -90 -673 -184 808 335 -367 576 -678 -621 141 329 -958 -452 -340 306 608 -481 -425 38 -595 291 369 -123 401 131 -1487 191 73 -1334 -591 637 -224 408 -815 -24 166 -664 -1036 244 257 21 1302 261 -11 -218 403 -211 -514 -823 4 755 328 -29 360 -187 -246 -970 114 436 191 -214 -428 384 671 -185 -592 -1032 -229 -642 867 106 -384 -206 -605 -230 45 688 1037 -317 -323 831 121 -296 -794 -205 297 71 140 355 -330 370 -712 -108 712 400 604 -189 280 -413 724 619 600 -484 -579 818 287 -585 -220 -177 1012 1061 -286 -229 -630 -610 5 519 -285 889 -164 -809 -310 -171 741 -601 -386 ]
[666 281 -125 -79 708 -597 -886 -52 -220 1268 276 -503 -983 1160 995 581 -184 -41 442 285 488 106 -856 350 -194 -257 73 -679 158 690 750 -384 -422 -1191 -127 384 -681 -766 65 1075 212 146 752 -848 78 856 -631 -968 761 618 126 213 610 414 251 -407 -883 -68 -414 -1217 152 -963 362 -1673 -704 375 -100 69 -108 -985 606 -480 -317 602 -567 1466 -27 4 -847 -879 56 835 -70 -1312 -152 267 576 -864 816 -112 768 -183 -828 -49 390 -1389 -211 1082 -326 281 -517 -1008 679 -28 189 1015 -759 -104 519 -202 134 227 390 62 -283 1477 190 -916 190 -695 428 253 -417 284 197 730 -284 -295 ]
[573 -430 707 -822 476 638 293 959 -256 969 -46 333 -387 434 780 530 400 -686 1094 160 -63 143 -642 277 -482 35 -541 -458 427 513 -432 27 -255 502 205 461 150 -614 780 -336 235 -322 151 526 -423 894 313 -231 180 293 33 218 1130 -1006 425 -793 -709 -575 -947 294 -146 -688 -148 184 -371 457 -228 -540 -1077 -378 -61 850 333 439 -29 -1237 -151 74 -173 154 -67 62 39 256 -1087 134 102 -83 348 992 -346 -1668 347 81 97 462 176 462 355 1032 -827 225 -783 -270 132 53 -366 54 1344 -765 533 688 121 -497 -202 718 377 -1586 588 -422 262 -360 -609 414 380 -319 -766 -136 ]
[-688 37 -77 -1033 754 -782 -2 1704 675 1411 -385 -813 253 593 -258 -625 886 408 158 -612 505 289 535 159 32 206 -702 -246 -325 -116 -85 -628 546 1018 105 342 283 -502 -203 31 -424 108 -982 -42 732 508 -15 -495 98 638 565 -180 14 -196 127 271 639 288 240 -365 115 1001 -140 929 -535 -84 -547 -383 784 234 -470 -684 62 95 716 -948 -378 340 230 -139 1052 -236 576 -746 -134 656 -1530 227 -19 -97 -941 -531 -191 -597 780 323 1012 581 -477 -1056 306 -349 -711 558 -546 -50 -796 -449 -103 -882 990 143 426 344 143 -338 -290 -495 -409 -1168 -169 7 438 -536 -202 -87 -128 -1103 ]
[-101 583 -736 -794 -1187 -12 -673 991 -78 778 300 195 -460 -528 -447 107 -86 -542 11 205 -360 930 281 85 1149 -484 -444 -49 167 502 -408 -577 177 -44 -103 -143 420 537 -1269 402 -519 90 -137 -608 193 120 299 36 389 333 -585 -819 499 -150 -293 -184 -264 1328 202 -1262 327 669 -679 684 619 105 -20 -1119 -308 39 941 -932 -165 290 420 -212 -976 -513 498 -1000 -719 658 735 1633 802 473 -808 414 -412 713 -332 -689 478 326 -542 -85 -783 -738 818 -1222 379 847 -46 -70 -529 -220 -854 345 -409 588 -280 253 -505 441 95 12 974 -1057 -248 -1060 -231 -861 -259 231 125 1038 -107 276 ]
[523 411 -800 -388 -286 -146 -335 -119 78 304 1015 -480 -475 684 471 -278 90 -383 -197 586 -391 209 206 287 100 183 -679 -799 367 -714 -89 -337 638 -87 139 -178 170 -506 128 91 852 50 -569 -830 -830 -310 -371 350 595 901 570 88 668 -40 226 -250 -181 258 -745 3 -27 -54 665 24 69 698 -425 -553 452 -1036 -288 -513 -183 41 118 -135 234 351 -771 -114 570 4 856 -124 477 836 610 -264 -133 -29 -169 -899 237 -1026 185 -528 538 -263 -880 117 -262 172 -483 -691 364 193 -225 -225 497 -736 1118 -46 -801 -365 -473 740 -52 -401 -210 95 -10 -407 -408 -706 -733 538 517 7 ]
[296 454 -135 146 -299 -175 -733 -461 -662 526 -1507 -460 743 595 675 201 280 -1 -12 212 -115 609 455 -290 158 -312 160 800 -426 -419 588 -397 -706 -1644 604 654 -673 741 138 -530 -898 803 -50 355 -613 429 27 -160 174 -288 133 467 -915 46 -786 1071 692 -390 -354 262 -361 -799 956 -469 -290 -244 348 -240 667 383 409 -470 -446 -137 -14 1022 1010 66 -17 -157 -204 604 -78 278 81 -636 529 -557 259 -501 -241 1015 -334 96 -601 -737 -907 -321 116 -1360 8 -32 909 271 153 313 -154 -725 -861 -229 75 -191 451 137 62 764 -731 -207 341 792 80 1531 837 -173 -780 768 139 157 ]
[801 744 684 12 237 471 848 -222 -342 199 635 200 749 -839 -332 -11 297 -375 -524 708 -373 -736 -147 153 177 -78 -554 35 449 -34 133 889 848 -283 -154 723 -212 468 25 -262 97 263 939 241 -43 -314 986 302 -757 12 -17 461 -1062 -595 -353 191 733 0 -687 -513 334 -206 185 184 405 50 -407 1065 -350 582 -1033 1110 330 675 568 -35 -849 1393 455 -382 36 -243 -795 200 209 35 668 26 87 -440 230 361 295 0 -708 180 745 513 -437 -1207 453 -8 -91 1471 -479 -552 184 16 313 689 29 -210 -416 733 -332 317 109 521 -704 -664 381 -151 -353 79 362 158 525 321 ]
[-239 1243 -275 -871 1127 403 313 710 -586 850 -694 -592 257 -571 250 78 168 -211 36 -135 -535 -894 -739 179 237 536 -58 -447 -298 252 144 -464 1243 523 -485 147 -773 816 -388 725 -192 875 909 -631 -323 82 732 750 -76 -408 1042 176 649 171 763 235 -123 812 -174 -329 327 -577 -740 120 96 81 110 638 219 -340 139 52 523 121 -114 -994 102 724 227 67 -969 -346 652 396 181 -769 -29 47 515 223 -479 1017 -207 -372 337 -69 -464 -847 -237 -522 -455 919 390 -186 -352 287 -441 1121 469 204 -1004 478 -107 978 -508 -39 379 90 -98 -547 90 -672 -423 -7 953 139 635 -306 ]
[429 -35 -68 452 872 199 451 420 -597 346 393 -920 251 -109 112 102 446 169 -295 538 -730 -827 -187 -631 1205 -855 -969 321 -1088 429 216 -135 103 5 152 -249 -114 832 -392 238 -655 272 -261 590 146 505 273 -566 -756 -829 -479 -150 634 100 -316 -484 747 -350 95 9 960 -434 -198 -103 -443 634 -1157 350 -6 219 638 -76 -139 431 400 198 -146 -358 596 105 894 646 536 1419 -36 14 -761 -762 -385 -829 2 200 -14 271 -747 -260 952 130 -399 -1809 444 778 1004 62 53 119 -165 407 -218 1245 556 -321 233 452 -819 277 -441 972 -272 -459 861 -635 -509 631 -402 1085 309 372 ]
[268 566 714 -1059 -274 938 58 774 605 125 188 -1150 -73 -195 -859 -243 -514 -58 510 -750 710 1 718 760 184 716 -74 -26 -331 23 -644 29 65 -186 33 -433 -676 216 114 -675 -412 -380 -1085 -172 -284 413 625 -206 640 -473 385 -501 743 542 -422 5 192 -71 845 -383 206 1448 -932 8 57 -491 40 -469 -263 212 734 -552 625 201 826 211 -438 421 -151 731 -531 -527 1478 -334 190 -332 -1426 -692 -571 -1376 -275 -22 589 509 341 643 -772 104 191 -571 314 437 541 480 62 239 -269 -1217 -1014 -579 -328 -198 1817 -686 409 -21 -499 -154 548 -182 946 620 -244 408 -216 -73 -619 -782 ]
[-336 502 -241 127 -348 84 414 754 546 1313 285 277 -240 -322 -198 -324 641 -1010 329 -238 -858 427 532 862 245 812 -39 663 84 547 77 659 147 110 -1187 -183 1324 1193 -38 1535 -329 15 -816 331 -853 -453 -70 -253 -130 -3 941 257 -717 145 -673 196 1059 458 16 314 -1279 72 -749 595 880 -766 -530 -273 433 1584 136 -600 542 -528 299 -762 -512 499 591 -615 76 -524 334 -316 -767 -628 -1658 536 -157 -456 623 -254 -1021 556 749 -223 -1376 -408 479 -415 1039 964 297 521 -632 -218 -562 -507 -140 -1321 482 -97 1405 37 642 -355 366 510 -820 -212 355 -658 297 -377 576 -1303 -626 235 ]
[-622 105 335 -276 -1151 -418 -291 -300 265 167 68 -591 187 327 153 181 -450 -122 -626 92 -838 -112 -112 -163 313 71 1280 460 -85 -629 41 -951 2 -67 -4 909 220 191 -55 -693 -486 -557 1075 -428 -695 -325 -555 -633 78 973 -311 114 670 -866 1334 138 -852 528 268 -920 153 -1121 814 325 7 -109 1209 -471 45 -654 121 -50 -51 355 -707 269 -68 1431 -32 -351 -1414 930 -1505 989 953 -167 1954 -374 568 699 -339 -235 210 364 -397 -1318 -716 -1129 -513 -568 -85 122 -143 -903 482 -507 36 455 122 923 -121 216 -1905 -495 132 -48 116 -619 -106 88 -1677 -911 -353 215 -57 -168 -210 837 ]
[1238 231 517 365 255 63 -822 583 -167 1152 237 -566 239 -306 -506 1602 75 -510 152 751 83 -277 -839 176 -463 308 232 -625 -1466 736 224 550 -202 -78 -505 349 -280 29 736 742 -256 -44 -73 -24 -1022 -719 1444 132 -1116 379 -208 787 -71 -884 -824 -55 710 -39 -590 527 -297 130 -1299 1122 -301 -240 -232 1007 -310 407 1074 187 -259 -304 576 550 -206 432 -110 -822 -640 275 -398 503 266 223 -429 241 219 -683 -456 -215 -388 740 1223 179 -638 -20 -548 832 -617 -932 396 -483 1364 433 -192 477 957 -413 961 299 -539 646 323 1175 -299 607 -902 -264 -487 -4 -743 783 854 -286 58 -619 ]
[110 -269 368 -392 -853 346 -4 -9 1110 -315 1175 1206 170 -397 -550 -471 -609 -485 270 632 28 353 738 590 -570 -69 -61 -433 116 -235 -918 -308 368 1214 1302 -624 1352 1485 -1351 784 -518 -796 -252 -44 84 -62 692 -615 273 -361 -108 -1002 -715 -435 -138 -355 703 -138 870 -25 -407 798 -409 872 1080 1014 147 231 217 688 277 -362 -1133 -143 -392 -117 -39 -372 649 342 -103 172 -642 1083 583 823 -189 379 -810 458 1206 -74 -1 367 -623 918 -10 508 48 -1658 480 757 726 8 -378 -749 -313 451 -1357 1020 359 -209 1226 -159 792 -243 241 912 -611 -1155 959 361 349 -229 -157 144 -398 679 ]
[-477 -121 -328 539 417 -405 1108 -315 -132 503 525 -211 437 -361 447 -876 985 -40 540 -598 -1031 -85 -945 478 -196 1944 21 116 993 -355 504 -556 293 -38 570 425 191 467 363 85 -479 -80 674 827 46 646 -1359 158 165 -801 171 701 -823 -351 -254 -304 -761 -280 -1322 301 -455 -887 203 -195 -211 -5 317 189 -410 -1031 -829 -208 -285 -332 -957 -304 -41 474 -845 -212 -207 -440 -337 -414 -443 -751 761 277 73 319 -57 -24 247 -353 -500 633 -535 527 1265 826 409 380 -53 -148 -273 220 -552 599 375 -163 -196 -460 332 -248 -479 1408 913 351 235 932 36 -498 -552 128 90 -1184 -124 -933 ]
[208 -706 1257 925 -89 -20 -48 -987 143 169 -772 541 -21 -21 35 182 330 -368 101 -378 -618 68 -135 830 -291 -617 326 1248 840 -344 75 163 -701 -796 -762 583 950 308 -511 -1034 -62 -316 1477 381 284 -266 -157 537 -728 795 -111 521 -314 285 -207 -510 -108 932 -406 -548 -881 177 843 512 405 -869 251 -746 -170 202 -137 -398 1379 374 93 455 -905 210 208 300 -566 280 -294 1047 269 -324 700 -83 281 1263 -586 26 -429 920 -946 212 -674 68 1326 306 208 -384 -1550 349 -378 -409 81 1006 -422 932 -214 -171 -190 127 -713 -290 30 -268 204 396 -774 264 -697 220 24 130 -319 237 ]
[-144 485 -636 399 1722 -157 270 557 -351 -287 -184 -138 -267 674 -252 -161 296 -219 -695 957 -400 94 -474 -243 524 -327 -706 -11 -503 192 -727 376 286 1093 -50 308 507 -101 1 396 259 350 -713 914 -305 -10 -95 29 -978 -452 -541 -302 477 49 -996 -354 459 661 417 -270 -446 160 -1011 1157 251 -193 -446 -16 60 344 739 -261 -136 -248 360 -199 145 -859 733 -310 407 -1 896 696 204 -167 -304 -212 107 711 -212 -322 -32 571 -279 733 574 -53 -725 -330 -912 -315 -198 314 -731 -432 -581 491 -21 414 479 164 -1077 -577 200 -453 -104 238 -631 -759 373 -300 108 -277 660 620 200 58 ]
[213 10 574 206 -321 25 -962 -69 -208 -659 -148 -154 -604 -163 46 88 -952 -306 284 -626 1297 59 -501 -619 136 -113 276 -543 -339 -954 -502 -597 285 16 95 -146 542 -421 -209 -707 362 -75 103 459 1258 47 -467 233 374 355 -641 -668 202 -410 -617 -1307 -835 -1044 -171 249 39 268 369 864 -1027 238 -136 388 -118 -590 125 -775 -202 304 -111 -776 -68 -501 -1323 841 579 -552 -102 34 -1341 847 -152 54 -190 -532 156 -578 6 -115 726 876 357 227 885 484 -432 -353 -338 -741 701 800 -460 228 -87 -218 398 -790 -203 -751 187 44 316 180 267 -199 -725 17 230 -50 -263 -911 -416 343 ]
[36 149 -9 -402 -859 -541 -642 -314 570 -397 -168 -402 509 258 -320 -215 1263 -155 -1296 25 -101 -1438 4 -240 -154 -499 98 -537 -864 -824 -449 -37 -197 -816 278 -514 -530 -339 444 61 292 903 144 465 -94 -1333 275 -585 184 207 786 283 792 -408 456 1765 1012 206 -1333 -277 1178 -773 1376 -52 -587 -536 345 170 -317 -807 -336 642 -996 -378 -342 96 -388 874 -74 -595 487 301 -220 -113 332 628 663 326 -142 1099 812 -1015 48 -1754 -114 -612 938 183 -1310 458 -1090 -273 76 31 1203 -934 897 161 -683 -396 1348 -620 325 132 -7 250 -442 37 -113 -651 -423 -318 75 -191 -281 344 -549 21 ]
[-1583 441 -350 -423 -359 -622 -107 -336 -791 944 -748 -1560 -359 -1087 -451 -1491 -84 828 -674 -39 1187 -925 -819 347 -1240 767 1311 -1009 -895 -417 327 -213 1573 485 652 -424 243 325 394 18 -59 789 1003 160 429 -1178 335 293 549 281 -944 181 -1210 -769 468 1077 -641 -458 77 -199 903 -385 -947 383 -183 -903 -94 273 -218 218 -111 669 -284 66 -289 29 -79 -184 296 351 -734 102 -775 -198 352 -789 869 -37 -142 -364 -246 487 1263 -706 -1263 261 613 746 -299 150 55 235 127 -471 524 -615 719 -727 1368 393 -302 -1184 -195 -177 -313 1189 -443 -506 -207 -188 240 -620 461 -704 -209 -227 634 -1175 ]
[-631 -173 359 1071 193 -78 -581 536 -531 -1133 -71 -735 153 124 -795 743 -271 169 653 -376 316 858 -267 157 319 463 -759 -322 -999 -24 310 2 781 -199 -511 316 -173 -401 -173 -453 75 177 -627 -161 -439 -460 145 184 223 243 -400 -304 707 -641 -1159 -614 328 -759 52 788 -235 462 -1165 505 -518 46 -569 436 -3 58 169 247 229 -653 107 213 178 -390 -968 -128 494 203 -1295 201 545 806 -1142 -54 -46 -525 -948 677 -500 517 162 -307 23 -298 -667 -272 918 -829 643 -687 527 267 -534 -50 1434 -1323 1140 -431 -201 278 355 62 -618 1836 -529 19 -690 -337 -324 103 -75 -217 1691 -80 ]
[-669 124 152 173 630 474 -365 503 696 -243 -327 134 784 -104 477 -318 232 -150 -261 -290 -63 -287 631 -981 -676 -1075 276 560 492 -363 -625 -428 205 8 78 1209 553 1019 -1181 -210 -918 -370 -188 926 96 564 792 -500 -384 267 289 297 -1559 308 -174 531 230 -163 -166 991 -657 359 -28 -52 -183 -604 582 -285 469 339 0 -592 389 -739 768 -106 422 620 212 -406 -93 -6 267 724 -1154 -296 13 546 553 643 -1007 72 519 684 -398 614 -1324 153 1633 -505 408 457 709 784 -621 73 22 455 -1132 -339 -13 -118 957 -419 603 -598 307 617 154 491 31 298 836 -552 -76 -810 -1521 -41 ]
[509 132 -716 -273 -129 -349 -888 306 -571 -935 135 61 -117 231 1082 660 -264 1178 -32 -1000 391 320 -370 -747 105 -172 -881 786 566 610 1019 -91 -518 139 -425 93 285 -891 -132 -64 1449 -361 -1074 -143 -85 1218 -793 -33 127 50 727 -1077 418 397 183 -400 -474 14 -699 572 -350 381 525 -560 583 1404 561 366 -391 -472 452 -793 -646 -360 -314 -606 15 -362 114 -523 166 -296 319 -989 -1257 641 -139 72 1325 942 -360 318 -1401 -228 649 323 -140 -132 -167 -24 -833 -376 77 -214 -134 1387 489 -65 -123 -848 -547 577 -1251 -193 959 155 897 -339 933 440 -546 -202 530 451 246 985 240 625 ]
[578 -405 -456 421 -148 918 770 256 429 157 -545 231 -106 -226 319 514 1104 -46 494 -172 58 706 131 577 -567 1151 -372 218 297 -222 451 -1263 117 -1021 -545 3 -351 384 572 1081 -106 52 -522 476 336 -390 281 -59 596 736 1161 1401 -165 -378 -728 333 212 -1045 42 -471 -98 -202 797 399 -216 47 -143 -369 -313 -736 -666 1215 -655 -697 -677 -863 -175 103 -567 -363 637 -1429 122 -288 -740 -272 -1030 -463 348 641 -857 1067 -53 -1608 1246 -301 -1499 -300 -122 369 500 -89 -641 630 49 40 378 -807 747 -974 777 129 715 563 -1143 1385 344 950 457 -257 -644 -191 -515 -506 33 -1135 769 181 ]
[282 -1110 -239 292 1046 -308 490 732 -386 685 251 -477 601 777 -91 -768 756 91 -310 1005 154 -276 -608 862 -324 -343 228 381 600 1259 646 272 -245 519 440 342 87 -1141 1109 589 -648 -162 108 -361 26 990 -1169 -231 82 112 -1640 632 -17 248 -704 -171 212 -457 1015 -441 460 -649 1004 -471 -932 -278 -42 -416 -273 -23 692 1498 -853 866 -140 787 177 -177 -162 -693 668 142 -434 18 141 526 -8 -353 358 238 41 427 -389 -379 -283 -656 471 1244 -344 989 269 -1310 80 91 -29 -342 -217 -874 571 -620 708 -644 -49 -496 -223 1455 1032 -904 -256 531 216 849 -276 399 -614 660 -522 -1313 ]
]
